0 4
0 10
0 24
0 8
1 10
2 24
0 7
1 8
0 29
1 4
2 8
2 4
2 10
3 10
2 7
1 7
1 29
0 2
1 24
0 19
3 7
3 8
2 29
4 8
4 10
0 25
3 29
4 7
4 29
3 4
2 19
3 19
1 19
0 6
0 18
2 26
2 2
1 18
4 4
3 2
1 25
0 3
3 24
2 25
0 23
2 23
2 18
0 13
4 24
3 23
4 19
4 23
2 6
1 23
0 5
1 2
0 22
1 13
1 3
1 6
2 22
3 18
3 22
4 22
1 22
0 0
3 25
0 26
4 18
2 3
2 5
3 3
2 0
3 0
1 0
0 12
4 0
3 5
1 5
0 28
4 3
0 1
2 1
2 28
2 21
3 1
4 25
4 1
3 26
2 12
1 1
3 21
0 21
1 28
0 15
4 5
2 15
3 15
3 28
3 6
4 6
4 28
4 15
0 17
1 15
0 11
4 26
2 17
2 11
2 13
3 11
1 21
1 26
0 9
0 27
4 11
3 13
1 11
0 14
1 12
1 9
1 17
2 27
2 14
2 20
3 27
2 16
1 14
4 13
4 27
1 27
2 9
3 20
0 16
3 17
4 20
1 16
0 20
3 12
3 9
4 2
4 17
4 21
4 9
1 20
3 14
3 16
4 14
4 16
4 12

Score: 105.69000000000001