0
1
5
7
8
10
11
13
14
17
18
20
21
23
24
25
28
30
33
35
37
39
41
46
47
49
50
52
53
61
62
64
65
66
69
70
72
74
78
81
83
84
87
90
91
94
95
97
98
99
107
111
121
122
123
126
134
137
138
140
141
143
146
147
149
150
152
154
157
160
163
167
177
181
188
189
194
206
217
218
219
224
225
231
232
234
239
242
244
249
251
252
253
259
262
263
265
267
271
273
275
278
280
281
283
288
290
292
294
297
298
299
300
307
311
313
316
330
340
342
372
374
381
382
395
397
435
439
478
483
486
487
492
493
496
501
502
507
510
514
517
523
525
526
527
532
535
538
541
542
543
548
550
558
573
574
575
581
583
612
623
636
644
647
650
652
654
661
662
663
666
669
671
684
699
709
729
743
746
751
759
764
770
773
775
776
778
781
784
785
790
791
798
806
812
813
816
819
826
837
849
854
880
881
883
887
890
891
893
894
906
915
925
929
945
951
952
955
957
962
992
1001
1009
1020
1048
1073
1076
1080
1084
1101
1105
1124
1134
1148
1149
1159
1163
1164
1167
1194
1197
1199
1202
1206
1223
1231
1233
1234
1236
1237
1245
1246
1258
1260
1262
1270
1279
1284
1287
1292
1305
1323
1324
1326
1327
1329
1330
1347
1350
1355
1359
1376
1380
1390
1408
1411
1415
1425
1431
1432
1434
1447
1450
1454
1463
1491
1499
1502
1506
1507
1533
1537
1551
1564
1569
1574
1577
1612
1621
1622
1630
1635
1639
1655
1656
1677
1698
1700
1710
1711
1718
1728
1749
1757
1759
1761
1762
1764
1765
1770
1772
1773
1777
1778
1782
1784
1785
1786
1806
1813
1815
1816
1820
1822
1823
1824
1826
1828
1830
1834
1842
1843
1853
1855
1859
1862
1867
1868
1869
1870
1875
1876
1877
1879
1882
1886
1889
1891
1893
1895
1896
1900
1902
1903
1905
1909
1910
1911
1913
1920
1926
1927
1928
1930
1932
1935
1943
1945
1946
1951
1955
1958
1960
1961
1970
1971
1983
1984
1985
1988
1990
1992
1995
1998
1999
2005
2014
2018
2019
2024
2025
2027
2030
2034
2037
2048
2056
2083
2104
2106
2107
2140
2154
2155
2157
2158
2179
2181
2198
2200
2203
2205
2208
2210
2232
2236
2244
2272
2294
2324
2329
2344
2345
2350
2357
2374
2376
2386
2390
2392
2396
2401
2402
2406
2407
2411
2416
2417
2422
2423
2428
2438
2461
2462
2472
2489
2497
2517
2545
2555
2561
2564
2586
2589
2601
2618
2620
2621
2633
2646
2648
2656
2657
2664
2667
2683
2700
2702
2745
2747
2756
2757
2759
2761
2763
2768
2771
2773
2774
2788
2789
2791
2795
2800
2803
2809
2810
2812
2813
2817
2822
2824
2827
2829
2830
2834
2836
2839
2844
2845
2856
2861
2865
2870
2873
2876
2879
2882
2883
2891
2903
2915
2921
2928
2939
2945
2946
2972
2977
2988
2993
2995
3017
3024
3050
3057
3089
3105
3107
3144
3147
3152
3154
3178
3206
3218
3220
3227
3233
3278
3281
3292
3293
3344
3345
3349
3352
3359
3362
3368
3373
3374
3385
3386
3390
3392
3394
3398
3411
3415
3416
3420
3423
3432
3433
3441
3461
3463
3465
3469
3470
3482
3486
3487
3488
3489
3491
3496
3497
3499
3505
3511
3513
3516
3522
3524
3529
3530
3532
3534
3536
3539
3540
3541
3545
3547
3550
3551
3553
3555
3559
3561
3562
3563
3565
3568
3586
3613
3643
3649
3652
3653
3659
3671
3676
3680
3701
3706
3712
3725
3733
3740
3742
3786
3788
3789
3803
3809
3818
3820
3824
3828
3831
3834
3835
3836
3838
3839
3864
3871
3872
3888
3891
3892
3896
3899
3902
3919
3925
3927
3928
3929
3931
3938
3941
3951
3958
3987
3990
3994
3999
4007
4010
4014
4026
4033
4074
4086
4117
4122
4127
4133
4159
4166
4168
4171
4174
4180
4181
4182
4185
4190
4191
4195
4199
4217
4222
4227
4229
4230
4232
4256
4259
4276
4282
4283
4284
4285
4291
4297
4328
4387
4388
4407
4411
4419
4433
4436
4461
4464
4470
4493
4500
4501
4528
4530
4531
4532
4535
4542
4561
4595
4604
4611
4612
4619
4621
4636
4653
4655
4663
4710
4716
4721
4724
4731
4739
4744
4746
4766
4776
4800
4803
4806
4807
4824
4856
4858
4864
4870
4882
4883
4894
4898
4910
4923
4951
4966
4982
5008
5011
5028
5031
5032
5077
5090
5098
5100
5106
5115
5117
5118
5123
5126
5131
5134
5141
5142
5150
5175
5187
5188
5189
5198
5226
5235
5244
5246
5257
5268
5282
5283
5302
5321
5339
5340
5355
5358
5360
5366
5375
5386
5416
5418
5424
5461
5469
5470
5476
5523
5540
5544
5567
5575
5581
5590
5602
5603
5609
5611
5614
5615
5618
5619
5622
5624
5625
5628
5629
5630
5636
5637
5649
5650
5674
5687
5688
5694
5695
5712
5724
5731
5789
5809
5820
5828
5833
5838
5846
5847
5850
5858
5873
5898
5899
5901
5917
5919
5939
5944
5992
6006
6029
6039
6041
6042
6046
6051
6058
6062
6075
6077
6128
6131
6135
6141
6151
6160
6168
6177
6185
6199
6201
6212
6223
6226
6234
6271
6272
6274
6279
6289
6300
6304
6309
6323
6357
6365
6366
6368
6370
6371
6372
6376
6378
6388
6389
6391
6401
6403
6422
6425
6431
6448
6455
6456
6458
6467
6473
6477
6478
6483
6491
6498
6501
6520
6526
6531
6541
6550
6571
6602
6603
6604
6605
6609
6621
6624
6642
6643
6663
6685
6692
6722
6732
6735
6742
6757
6764
6798
6799
6803
6805
6810
6812
6816
6818
6819
6822
6828
6850
6851
6871
6872
6879
6888
6891
6892
6893
6895
6896
6924
6927
6939
6949
6951
6999
7001
7002
7006
7007
7008
7013
7015
7021
7036
7044
7047
7084
7093
7097
7107
7115
7119
7149
7171
7174
7186
7207
7221
7245
7269
7286
7328
7330
7331
7337
7341
7376
7378
7383
7392
7402
7403
7438
7440
7441
7456
7459
7477
7484
7511
7512
7519
7536
7565
7572
7577
7598
7599
7605
7607
7634
7654
7677
7711
7712
7726
7730
7749
7757
7760
7811
7812
7818
7822
7833
7856
7867
7873
7887
7892
7908
7953
7959
7964
7966
7984
7991
7993
7997
8016
8044
8063
8120
8158
8177
8188
8194
8230
8244
8261
8264
8266
8271
8284
8323
8335
8355
8356
8361
8376
8404
8407
8410
8430
8431
8432
8434
8461
8473
8475
8481
8483
8485
8488
8490
8492
8494
8497
8498
8539
8541
8562
8587
8646
8660
8661
8664
8665
8666
8672
8689
8691
8698
8705
8739
8741
8742
8747
8770
8778
8807
8819
8821
8824
8827
8830
8831
8833
8855
8872
8892
8899
8914
8915
8917
8919
8922
8926
8934
8936
8937
8942
8950
8951
8956
8968
8970
9015
9020
9022
9032
9050
9058
9083
9084
9092
9102
9120
9142
9147
9152
9198
9205
9235
9257
9258
9261
9291
9297
9318
9320
9330
9333
9349
9372
9383
9395
9405
9447
9458
9464
9478
9511
9522
9530
9541
9542
9554
9594
9596
9598
9606
9647
9654
9656
9669
9693
9707
9709
9726
9731
9740
9743
9747
9754
9819
9821
9829
9840
9841
9842
9874
9875
9876
9896
9897
9941
9968
9970
9971
9974
9993
10021
10054
10059
10061
10063
10093
10107
10115
10130
10138
10208
10209
10243
10252
10265
10279
10293
10306
10325
10327
10356
10386
10392
10412
10434
10443
10465
10490
10500
10504
10530
10548
10580
10597
10618
10621
10623
10624
10633
10641
10643
10644
10650
10662
10684
10686
10709
10718
10722
10731
10776
10826
10847
10852
10860
10866
10887
10895
10907
10925
10938
10947
10948
10967
10989
11028
11073
11074
11084
11085
11103
11137
11140
11146
11147
11153
11173
11179
11252
11269
11275
11278
11282
11290
11326
11363
11369
11389
11398
11404
11406
11409
11414
11415
11466
11547
11558
11574
11589
11600
11602
11643
11656
11672
11673
11712
11715
11716
11759
11774
11818
11827
11833
11835
11866
11870
11875
11876
11912
11960
11971
11983
11993
11995
12007
12019
12027
12041
12060
12066
12091
12092
12096
12098
12099
12100
12102
12104
12107
12109
12177
12180
12182
12184
12186
12187
12189
12190
12192
12193
12194
12195
12198
12199
12202
12207
12211
12216
12228
12278
12314
12317
12324
12325
12388
12392
12397
12436
12471
12482
12506
12507
12509
12511
12512
12525
12539
12546
12555
12559
12575
12593
12607
12610
12617
12628
12633
12635
12653
12684
12698
12719
12724
12735
12738
12753
12781
12821
12822
12824
12868
12891
12893
12896
12898
12899
12902
12911
12929
12933
12938
12943
12965
13026
13042
13077
13080
13096
13104
13142
13149
13174
13194
13227
13238
13276
13280
13288
13289
13323
13330
13338
13363
13377
13378
13382
13384
13402
13404
13410
13412
13417
13419
13420
13421
13425
13464
13465
13472
13474
13475
13477
13480
13482
13483
13501
13507
13540
13541
13568
13602
13634
13649
13663
13668
13680
13684
13710
13750
13754
13763
13793
13810
13819
13822
13824
13845
13855
13869
13886
13900
13932
13954
13957
13972
14044
14052
14077
14100
14160
14162
14172
14183
14218
14223
14251
14280
14290
14303
14329
14386
14398
14495
14496
14499
14501
14504
14514
14517
14520
14523
14524
14525
14528
14530
14534
14535
14583
14589
14643
14656
14689
14694
14703
14738
14746
14754
14760
14765
14812
14813
14817
14819
14823
14838
14840
14841
14850
14855
14858
14860
14862
14863
14866
14868
14869
14872
14874
14875
14879
14881
14883
14886
14887
14890
14935
14962
14992
15013
15033
15052
15086
15087
15108
15131
15139
15178
15188
15189
15193
15195
15196
15199
15200
15201
15211
15229
15269
15289
15327
15395
15409
15423
15424
15426
15429
15478
15489
15503
15546
15555
15587
15590
15592
15595
15597
15601
15602
15604
15606
15607
15611
15614
15616
15633
15635
15640
15739
15756
15799
15878
15888
15956
15960
15965
15969
15991
16004
16022
16082
16097
16124
16131
16159
16174
16176
16180
16225
16252
16287
16370
16401
16402
16415
16468
16490
16492
16516
16517
16529
16555
16561
16565
16591
16612
16619
16631
16633
16634
16656
16668
16669
16672
16741
16786
16792
16829
16841
16842
16962
16991
17013
17016
17017
17084
17095
17123
17134
17173
17178
17179
17180
17181
17182
17185
17229
17232
17312
17326
17359
17413
17443
17445
17519
17547
17587
17640
17710
17714
17772
17779
17786
17801
17804
17827
17831
17881
17940
17962
17995
18001
18025
18051
18054
18087
18090
18156
18160
18180
18182
18191
18195
18196
18209
18229
18232
18239
18291
18321
18349
18405
18460
18504
18532
18562
18578
18610
18613
18615
18648
18703
18770
18780
18813
18847
18850
18857
18871
18875
18900
18907
18908
18922
18936
19008
19010
19014
19077
19120
19155
19179
19180
19201
19208
19214
19243
19259
19285
19311
19330
19379
19448
19528
19542
19555
19574
19575
19591
19647
19686
19692
19695
19733
19788
19826
19828
19835
19866
19885
19892
19893
19921
19991
20002
20028
20037
20151
20173
20194
20233
20254
20351
20392
20395
20398
20443
20469
20482
20500
20528
20647
20669
20687
20709
20719
20726
20727
20739
20746
20821
20871
20882
21010
21061
21070
21111
21137
21158
21181
21218
21272
21307
21390
21405
21457
21462
21526
21569
21594
21709
21716
21956
21958
21962
21999
22047
22055
22071
22118
22215
22249
22292
22346
22363
22412
22612
22650
22667
22729
22748
22853
22902
22907
22976
22982
23010
23011
23024
23061
23107
23109
23265
23266
23330
23365
23368
23369
23375
23376
23379
23584
23613
23677
23723
23726
23764
23770
23867
23896
23948
24010
24073
24231
24258
24373
24374
24390
24407
24506
24519
24577
24616
24625
24645
24674
24744
24798
24805
24810
24873
24887
25026
25089
25253
25336
25445
25522
25580
25626
25703
25774
25776
25777
25778
25815
25854
25945
25967
26121
26248
26293
26344
26437
26444
26537
26792
26798
26873
27036
27050
27128
27141
27184
27359
27401
27503
27536
27799
27887
28165
28190
