0
138
167
169
191
192
208
211
215
222
226
236
237
279
280
293
295
297
299
300
304
307
311
316
343
351
355
358
369
371
373
391
415
416
420
421
427
438
439
458
472
476
489
497
503
511
524
541
542
546
547
548
552
565
578
581
582
586
593
596
614
647
662
668
693
707
727
736
749
764
768
769
781
808
819
826
844
848
878
879
882
883
886
897
908
921
935
937
948
962
987
990
991
993
996
1003
1005
1011
1014
1022
1029
1035
1037
1040
1041
1043
1044
1057
1067
1068
1070
1072
1081
1084
1088
1089
1090
1092
1100
1105
1115
1117
1120
1123
1128
1144
1158
1168
1173
1184
1194
1195
1200
1201
1208
1211
1212
1219
1221
1224
1225
1226
1227
1243
1249
1252
1253
1255
1269
1310
1319
1346
1351
1363
1409
1410
1414
1418
1422
1427
1428
1431
1436
1439
1443
1444
1445
1446
1447
1448
1449
1451
1452
1454
1458
1482
1487
1488
1498
1505
1508
1533
1538
1546
1547
1548
1549
1551
1552
1553
1558
1559
1564
1566
1567
1581
1593
1596
1604
1605
1608
1615
1637
1658
1663
1667
1668
1673
1689
1690
1694
1700
1729
1735
1737
1740
1747
1753
1754
1758
1766
1769
1784
1786
1791
1798
1802
1810
1825
1833
1858
1886
1892
1908
1926
1929
1933
1935
1977
2026
2032
2035
2036
2049
2055
2064
2077
2078
2079
2080
2083
2089
2091
2092
2097
2100
2102
2103
2104
2110
2114
2118
2125
2136
2140
2155
2171
2187
2196
2199
2203
2206
2226
2235
2259
2260
2262
2265
2268
2273
2274
2279
2285
2299
2300
2301
2303
2309
2313
2317
2323
2324
2326
2327
2331
2335
2336
2343
2355
2367
2377
2380
2382
2391
2394
2400
2410
2440
2443
2444
2445
2446
2463
2465
2466
2476
2497
2511
2512
2533
2535
2536
2543
2545
2553
2572
2579
2589
2591
2600
2610
2612
2624
2626
2628
2644
2660
2681
2684
2688
2692
2705
2722
2726
2743
2754
2776
2778
2783
2793
2797
2799
2802
2803
2811
2812
2815
2817
2819
2820
2821
2828
2846
2850
2855
2862
2864
2870
2875
2889
2903
2913
2915
2918
2951
2976
2977
2986
2988
2989
2995
3011
3020
3026
3032
3049
3068
3069
3075
3081
3105
3124
3126
3177
3185
3189
3195
3198
3206
3220
3229
3239
3264
3314
3338
3345
3346
3361
3362
3367
3373
3374
3378
3389
3407
3449
3450
3452
3472
3475
3478
3479
3480
3485
3495
3504
3506
3507
3508
3509
3512
3515
3523
3526
3529
3539
3542
3543
3546
3548
3549
3554
3555
3557
3560
3562
3565
3566
3570
3573
3574
3580
3586
3588
3590
3591
3594
3597
3598
3600
3602
3606
3607
3616
3647
3668
3686
3690
3703
3709
3711
3725
3737
3749
3764
3772
3776
3777
3780
3783
3788
3790
3795
3796
3800
3813
3814
3851
3856
3860
3874
3879
3881
3895
3898
3909
3931
3951
3955
3970
3981
3995
4016
4019
4021
4026
4047
4056
4074
4075
4091
4103
4121
4138
4146
4149
4151
4153
4176
4187
4194
4196
4207
4208
4220
4224
4228
4229
4230
4231
4234
4239
4240
4242
4243
4254
4256
4275
4294
4301
4313
4346
4356
4383
4386
4390
4397
4400
4404
4407
4410
4411
4412
4429
4431
4434
4444
4448
4453
4473
4479
4482
4489
4491
4499
4504
4515
4520
4553
4563
4574
4587
4588
4592
4598
4620
4624
4626
4630
4647
4656
4670
4679
4694
4707
4712
4735
4738
4792
4812
4817
4836
4854
4889
4894
4900
4905
4910
4913
4926
4947
4973
4977
5010
5013
5043
5049
5062
5083
5124
5130
5140
5142
5148
5150
5169
5172
5174
5182
5192
5199
5219
5221
5226
5238
5261
5263
5267
5268
5273
5284
5310
5320
5335
5341
5343
5345
5354
5357
5397
5408
5425
5431
5435
5439
5440
5444
5445
5447
5450
5484
5506
5511
5548
5557
5573
5578
5586
5590
5598
5603
5609
5625
5638
5656
5661
5666
5673
5696
5703
5705
5707
5710
5713
5715
5716
5753
5768
5771
5772
5774
5781
5790
5794
5796
5799
5802
5806
5809
5811
5812
5814
5816
5817
5821
5824
5825
5828
5834
5836
5837
5839
5841
5843
5846
5849
5851
5853
5859
5867
5868
5869
5872
5875
5890
5892
5901
5907
5909
5911
5912
5914
5916
5924
5964
5974
5985
5992
6002
6026
6030
6042
6043
6055
6057
6068
6100
6129
6144
6152
6169
6188
6190
6203
6205
6224
6225
6257
6259
6261
6271
6287
6294
6345
6347
6359
6377
6393
6401
6403
6416
6426
6431
6437
6451
6456
6474
6485
6506
6510
6529
6537
6545
6580
6596
6612
6625
6626
6653
6700
6703
6710
6728
6731
6732
6734
6736
6752
6767
6770
6777
6779
6784
6785
6803
6804
6823
6826
6840
6841
6857
6861
6867
6875
6888
6914
6930
6932
6942
6957
6958
6996
6997
7040
7089
7097
7116
7158
7180
7206
7279
7281
7302
7309
7333
7347
7349
7359
7380
7393
7408
7413
7430
7434
7441
7449
7450
7454
7455
7456
7458
7462
7470
7475
7502
7527
7528
7534
7554
7560
7567
7585
7586
7603
7613
7621
7639
7674
7679
7702
7737
7740
7741
7761
7762
7765
7783
7789
7808
7814
7817
7829
7855
7865
7870
7874
7912
7917
7921
7924
7931
7943
7954
7959
7976
7978
7982
7993
8013
8015
8017
8042
8046
8059
8079
8101
8104
8108
8157
8165
8173
8174
8177
8180
8181
8183
8189
8193
8202
8268
8282
8284
8286
8297
8322
8349
8359
8375
8377
8395
8403
8408
8426
8438
8468
8474
8482
8499
8500
8555
8567
8573
8577
8583
8603
8614
8623
8636
8638
8649
8710
8715
8768
8801
8803
8807
8832
8842
8884
8888
8891
8933
8935
8971
8994
9019
9031
9054
9066
9079
9082
9100
9101
9128
9139
9146
9148
9205
9221
9242
9249
9269
9279
9302
9303
9305
9339
9343
9363
9439
9441
9443
9450
9454
9464
9465
9473
9522
9552
9568
9573
9580
9583
9610
9632
9639
9699
9719
9731
9737
9747
9774
9780
9781
9804
9807
9818
9828
9831
9875
9892
9928
9930
10025
10028
10123
10191
10201
10216
10265
10268
10287
10292
10328
10332
10338
10399
10404
10412
10430
10440
10472
10486
10526
10548
10554
10564
10616
10706
10708
10723
10726
10729
10730
10761
10783
10822
10831
10834
10852
10934
10964
10982
10991
11011
11035
11037
11113
11148
11163
11206
11215
11233
11235
11237
11239
11242
11244
11262
11272
11292
11310
11320
11324
11402
11431
11435
11436
11443
11455
11489
11508
11509
11523
11527
11537
11572
11581
11582
11588
11591
11613
11638
11733
11750
11803
11816
11830
11849
11860
11874
11887
11895
11915
11916
11921
11922
11934
11940
11957
11961
11991
12006
12012
12053
12056
12092
12097
12123
12133
12138
12203
12221
12267
12284
12305
12331
12336
12343
12364
12387
12412
12431
12474
12522
12549
12559
12563
12564
12566
12568
12569
12571
12614
12620
12666
12677
12706
12731
12770
12780
12786
12800
12827
12841
12866
12870
12874
12893
12901
12968
13092
13093
13117
13138
13144
13169
13295
13304
13314
13323
13324
13427
13463
13485
13487
13495
13511
13552
13566
13602
13626
13640
13676
13679
13708
13729
13733
13734
13793
13816
13828
13835
13875
13913
13914
13992
14007
14057
14081
14106
14121
14129
14157
14173
14190
14227
14234
14341
14396
14423
14424
14434
14510
14517
14551
14700
14714
14749
14760
14761
14775
14822
14867
14881
14908
14954
14977
15055
15238
15244
15321
15333
15337
15344
15375
15382
15405
15412
15414
15480
15497
15514
15515
15517
15519
15522
15526
15584
15606
15646
15713
15778
15797
15809
15913
15915
15922
15926
15929
15932
15960
15965
15967
15971
15973
15977
15978
15986
15989
15995
16000
16006
16009
16018
16019
16107
16108
16196
16198
16214
16226
16257
16305
16344
16391
16414
16425
16491
16527
16558
16584
16597
16621
16641
16652
16653
16666
16718
16721
16732
16807
16834
16847
16894
16929
16943
17071
17078
17251
17265
17284
17299
17347
17438
17522
17644
17650
17658
17705
17721
17767
17897
17938
17996
18045
18047
18236
18363
18387
18447
18467
18476
18603
18707
18792
18853
18889
18905
18962
19016
19139
19237
19337
19360
19384
19506
19519
19701
