0 21
1 21
0 45
0 31
0 43
0 28
1 43
2 21
0 3
0 13
2 43
1 31
0 0
0 2
2 17
2 31
3 43
1 0
2 47
1 2
1 45
1 13
2 13
1 3
0 46
0 17
2 45
2 3
1 28
3 45
3 3
3 21
0 47
1 17
0 9
2 46
1 9
0 11
2 9
0 7
1 11
0 30
3 46
2 11
3 9
0 5
3 11
1 47
1 30
3 13
2 30
3 17
1 7
1 46
0 37
0 35
2 7
3 30
2 36
2 28
1 5
3 7
1 35
3 36
0 10
3 47
2 35
0 16
0 27
1 37
0 18
2 37
1 10
0 33
1 18
3 31
1 27
2 18
2 27
1 16
3 35
2 2
0 25
3 2
2 0
1 33
0 15
2 12
3 28
2 49
2 5
0 42
2 33
0 22
0 4
0 32
2 10
1 22
0 48
1 15
0 40
1 42
1 25
2 42
0 6
3 42
1 40
1 32
2 40
3 40
3 18
1 4
3 5
2 4
3 27
1 48
2 16
0 23
1 6
0 34
2 32
3 33
2 20
0 36
0 14
3 20
3 49
3 32
0 26
3 0
0 39
2 6
3 37
1 34
3 6
1 26
2 25
1 23
2 26
2 23
3 23
0 8
3 4
0 41
3 25
2 48
1 14
0 12
0 1
1 1
2 15
2 22
0 49
1 39
0 19
2 1
0 29
1 12
3 22
0 20
2 34
1 36
3 12
1 19
3 15
1 41
1 8
0 44
2 44
1 29
2 41
1 20
3 1
2 14
3 34
1 49
2 29
1 44
2 24
3 24
3 14
3 26
3 44
3 10
2 8
0 38
3 48
3 16
3 29
2 19
1 38
3 19
2 38
3 8
2 39
0 24
1 24
3 39
3 38
3 41

Score: 139.50999999999678