0
9
11
12
13
14
16
17
18
19
20
21
23
25
27
29
30
31
34
35
36
37
38
40
44
45
46
47
48
49
50
53
54
55
59
60
61
62
65
66
69
70
71
76
77
80
81
82
84
87
89
90
91
94
96
97
100
102
103
105
107
108
110
113
115
117
118
120
124
125
126
127
129
130
133
134
135
138
139
140
142
144
174
180
181
184
186
188
189
191
192
193
194
196
199
201
202
211
213
218
226
227
228
232
235
236
238
243
245
248
249
251
275
277
278
279
281
286
288
291
292
300
302
305
306
308
310
311
315
318
321
323
328
329
331
333
334
335
337
338
340
343
344
347
350
353
354
356
359
361
362
365
367
370
371
374
377
378
381
383
385
387
388
390
391
393
396
397
398
401
402
404
408
410
412
413
415
420
426
436
438
441
442
445
447
448
450
452
453
454
457
459
460
462
463
464
466
469
470
471
473
475
477
495
499
502
507
510
517
519
523
527
528
530
537
538
539
541
549
551
559
560
566
567
569
570
572
575
581
582
585
587
588
594
595
598
601
602
607
608
612
614
617
618
619
626
628
629
630
631
635
637
638
643
648
652
657
660
664
665
667
670
671
674
675
678
685
687
691
693
695
697
698
699
702
704
715
717
718
736
737
742
748
750
752
753
756
758
760
762
763
765
766
771
773
777
780
781
785
798
799
800
803
807
808
810
812
817
818
823
824
825
826
828
832
834
835
837
840
842
846
849
850
854
855
856
870
897
898
901
902
903
906
909
914
916
919
921
922
926
928
931
932
933
936
937
938
941
942
943
947
950
951
953
955
957
960
961
963
965
969
974
975
978
979
982
986
988
989
990
991
999
1003
1004
1009
1013
1014
1016
1018
1019
1021
1028
1035
1037
1038
1041
1042
1044
1046
1050
1051
1054
1061
1062
1063
1065
1067
1073
1135
1141
1142
1143
1145
1148
1154
1158
1160
1161
1163
1166
1167
1168
1169
1173
1175
1176
1179
1180
1182
1184
1185
1223
1246
1248
1251
1255
1256
1257
1258
1261
1264
1265
1270
1278
1281
1284
1285
1287
1288
1289
1290
1291
1292
1293
1296
1297
1298
1301
1302
1303
1304
1305
1306
1312
1314
1317
1318
1319
1320
1323
1324
1326
1327
1329
1332
1336
1338
1339
1340
1342
1343
1350
1352
1359
1364
1373
1374
1375
1376
1378
1389
1390
1393
1395
1399
1400
1403
1405
1408
1411
1413
1414
1416
1424
1428
1431
1446
1460
1489
1501
1507
1515
1521
1523
1528
1533
1537
1539
1540
1555
1557
1561
1566
1569
1574
1575
1583
1586
1588
1594
1597
1599
1601
1603
1605
1608
1609
1610
1613
1615
1616
1618
1623
1624
1628
1631
1633
1634
1635
1637
1639
1641
1642
1644
1647
1648
1651
1652
1655
1656
1658
1660
1662
1663
1664
1666
1668
1670
1672
1674
1675
1678
1680
1681
1682
1683
1684
1689
1691
1696
1697
1698
1700
1702
1703
1704
1707
1708
1709
1715
1716
1717
1722
1744
1762
1769
1773
1780
1781
1783
1786
1790
1791
1793
1795
1796
1797
1800
1801
1802
1805
1806
1808
1816
1818
1821
1826
1827
1830
1831
1832
1834
1836
1844
1850
1852
1854
1856
1858
1864
1866
1867
1871
1878
1881
1882
1889
1891
1897
1898
1901
1902
1905
1906
1908
1912
1914
1918
1920
1921
1924
1927
1932
1935
1936
1943
1945
1947
1948
1950
1951
1953
1955
1956
1960
1966
1970
1971
1973
1974
1977
1979
1980
1987
1988
1990
1993
1994
1995
1996
1997
2000
2001
2006
2007
2009
2014
2016
2018
2019
2020
2024
2027
2028
2029
2031
2033
2037
2044
2045
2049
2050
2051
2053
2054
2057
2058
2059
2060
2061
2064
2066
2068
2074
2075
2078
2080
2090
2091
2092
2094
2097
2100
2101
2107
2108
2112
2115
2117
2118
2119
2124
2125
2127
2129
2130
2133
2135
2136
2137
2138
2139
2140
2144
2146
2148
2150
2153
2154
2155
2157
2160
2162
2165
2166
2168
2169
2171
2179
2181
2185
2186
2187
2191
2195
2202
2205
2210
2211
2215
2218
2222
2229
2231
2234
2236
2238
2242
2243
2244
2246
2248
2249
2253
2255
2256
2259
2261
2262
2266
2269
2276
2278
2280
2281
2283
2285
2288
2289
2293
2295
2298
2299
2302
2304
2305
2306
2307
2310
2313
2315
2316
2317
2319
2326
2328
2329
2331
2332
2338
2341
2342
2343
2344
2346
2351
2361
2364
2375
2379
2384
2424
2425
2472
2508
2513
2517
2518
2521
2531
2537
2543
2548
2552
2554
2555
2557
2561
2563
2564
2565
2569
2574
2575
2578
2579
2581
2584
2585
2590
2591
2593
2597
2599
2602
2603
2608
2610
2612
2613
2614
2615
2619
2620
2623
2625
2628
2629
2633
2634
2639
2640
2641
2645
2647
2651
2652
2654
2658
2667
2668
2669
2670
2672
2673
2674
2675
2679
2681
2687
2688
2690
2694
2697
2698
2700
2701
2706
2708
2713
2716
2719
2720
2723
2724
2725
2727
2731
2732
2733
2736
2738
2740
2746
2747
2750
2756
2757
2759
2762
2771
2775
2781
2782
2784
2790
2791
2793
2795
2799
2813
2817
2820
2822
2837
2839
2840
2842
2843
2846
2848
2851
2856
2857
2859
2860
2861
2864
2869
2870
2871
2872
2879
2881
2885
2886
2887
2890
2891
2894
2896
2897
2902
2903
2904
2908
2912
2914
2916
2920
2922
2924
2929
2930
2933
2936
2937
2940
2941
2943
2944
2947
2948
2953
2955
2956
2958
2960
2962
2965
2966
2968
2970
2974
2977
2978
2979
2981
2982
2984
2993
2994
2995
2996
2998
2999
3002
3003
3004
3008
3010
3011
3013
3015
3016
3019
3020
3031
3032
3035
3036
3044
3049
3055
3057
3058
3059
3064
3066
3067
3068
3070
3071
3072
3075
3077
3079
3081
3083
3084
3086
3087
3090
3093
3094
3095
3100
3103
3104
3105
3108
3109
3113
3114
3115
3117
3119
3121
3124
3126
3129
3137
3140
3145
3146
3150
3152
3153
3155
3156
3157
3162
3163
3166
3172
3174
3175
3176
3178
3184
3185
3186
3187
3189
3190
3192
3194
3197
3200
3202
3205
3207
3210
3213
3215
3216
3217
3221
3223
3224
3225
3226
3227
3231
3235
3237
3240
3245
3247
3248
3251
3252
3253
3256
3258
3259
3262
3264
3268
3269
3272
3275
3276
3277
3280
3281
3282
3302
3311
3316
3317
3318
3324
3328
3329
3332
3333
3334
3341
3342
3346
3348
3350
3353
3355
3356
3357
3361
3366
3371
3373
3375
3378
3380
3385
3387
3391
3393
3397
3399
3402
3403
3405
3407
3408
3409
3412
3413
3414
3416
3419
3420
3422
3425
3426
3431
3433
3437
3440
3442
3443
3445
3449
3451
3453
3454
3455
3456
3457
3458
3461
3465
3468
3470
3472
3474
3478
3479
3481
3483
3484
3487
3488
3490
3491
3492
3494
3495
3497
3500
3502
3504
3506
3508
3509
3512
3514
3515
3517
3518
3520
3523
3525
3526
3529
3530
3531
3533
3540
3541
3544
3551
3554
3556
3559
3561
3562
3563
3565
3567
3569
3572
3575
3577
3579
3581
3583
3584
3585
3586
3587
3588
3592
3593
3594
3596
3597
3600
3601
3603
3604
3605
3607
3610
3612
3617
3619
3621
3623
3624
3626
3628
3630
3631
3634
3635
3637
3640
3641
3646
3647
3649
3653
3659
3662
3664
3665
3667
3668
3669
3671
3672
3675
3681
3683
3684
3688
3690
3692
3694
3695
3702
3710
3712
3715
3717
3718
3723
3725
3727
3731
3734
3737
3740
3741
3744
3745
3748
3749
3751
3754
3756
3758
3759
3763
3765
3768
3770
3771
3774
3776
3780
3782
3785
3788
3789
3790
3791
3796
3798
3802
3804
3805
3806
3807
3808
3811
3813
3814
3817
3818
3821
3824
3825
3828
3829
3833
3836
3840
3841
3843
3844
3846
3849
3850
3852
3857
3861
3862
3864
3865
3868
3870
3872
3873
3876
3877
3883
3884
3885
3888
3893
3895
3896
3897
3900
3901
3905
3906
3911
3912
3913
3914
3915
3916
3917
3919
3921
3922
3925
3926
3927
3928
3931
3934
3938
3939
3940
3942
3944
3949
3951
3952
3953
3954
3955
3958
3960
3963
3968
3971
3972
3973
3976
3981
3982
3983
3984
3988
3989
3991
3993
4001
4002
4013
4014
4018
4021
4023
4025
4028
4030
4032
4035
4037
4039
4043
4044
4045
4047
4052
4054
4055
4060
4061
4064
4066
4068
4069
4070
4071
4076
4077
4083
4085
4087
4088
4089
4091
4093
4094
4096
4097
4100
4103
4105
4106
4108
4109
4110
4112
4118
4119
4122
4124
4128
4130
4136
4137
4140
4142
4143
4145
4146
4147
4149
4150
4157
4160
4161
4162
4163
4165
4168
4169
4173
4175
4177
4180
4181
4182
4184
4186
4188
4192
4196
4197
4200
4203
4206
4208
4213
4215
4216
4219
4223
4227
4229
4232
4237
4238
4240
4243
4244
4245
4247
4249
4250
4253
4255
4260
4262
4263
4266
4267
4268
4269
4270
4274
4276
4279
4281
4285
4287
4289
4293
4295
4296
4297
4300
4305
4306
4309
4312
4318
4319
4321
4323
4324
4326
4329
4331
4334
4336
4338
4344
4348
4355
4359
4361
4363
4365
4366
4369
4370
4373
4376
4377
4382
4383
4386
4391
4393
4394
4397
4399
4400
4401
4404
4407
4409
4410
4412
4413
4415
4420
4421
4422
4423
4425
4426
4430
4437
4439
4440
4443
4445
4451
4452
4454
4458
4460
4462
4463
4468
4471
4472
4477
4478
4480
4482
4483
4484
4488
4493
4494
4495
4501
4506
4508
4511
4513
4514
4516
4518
4524
4525
4527
4528
4530
4533
4536
4537
4538
4542
4544
4546
4547
4549
4551
4553
4555
4556
4563
4565
4567
4568
4575
4579
4585
4587
4591
4595
4597
4599
4601
4605
4609
4615
4617
4618
4622
4624
4626
4627
4629
4631
4632
4634
4636
4637
4638
4641
4642
4644
4645
4647
4652
4654
4655
4656
4657
4660
4661
4663
4664
4666
4668
4672
4673
4674
4676
4679
4681
4683
4685
4686
4687
4688
4690
4691
4692
4693
4695
4698
4701
4702
4704
4705
4708
4710
4713
4715
4718
4719
4720
4722
4725
4728
4730
4731
4735
4736
4739
4742
4744
4746
4747
4751
4753
4755
4757
4760
4762
4766
4788
4811
4814
4816
4818
4820
4821
4823
4825
4831
4832
4836
4838
4841
4844
4846
4848
4850
4852
4854
4856
4857
4866
4870
4874
4876
4880
4883
4886
4887
4924
4928
4936
4976
4981
4984
4985
4986
4987
5007
5009
5016
5018
5021
5023
5024
5029
5030
5032
5036
5038
5039
5041
5045
5046
5049
5051
5053
5059
5079
5082
5093
5096
5098
5104
5106
5107
5109
5111
5118
5123
5127
5130
5131
5137
5138
5141
5144
5146
5153
5163
5168
5174
5175
5177
5182
5184
5187
5189
5190
5192
5193
5194
5196
5198
5200
5202
5204
5208
5210
5213
5218
5219
5223
5229
5232
5234
5236
5238
5242
5243
5245
5248
5250
5252
5256
5258
5261
5263
5266
5274
5276
5278
5282
5284
5286
5288
5289
5290
5292
5293
5296
5297
5300
5303
5306
5308
5312
5313
5315
5318
5319
5320
5321
5322
5327
5329
5331
5335
5338
5339
5340
5341
5344
5346
5347
5350
5352
5355
5362
5363
5364
5365
5367
5371
5372
5378
5382
5385
5386
5387
5391
5392
5395
5396
5397
5398
5400
5402
5406
5407
5408
5409
5411
5414
5415
5416
5421
5424
5425
5428
5430
5432
5433
5435
5437
5439
5440
5442
5445
5447
5448
5450
5457
5459
5460
5461
5463
5469
5473
5476
5479
5481
5488
5490
5492
5493
5495
5498
5499
5500
5502
5503
5507
5513
5516
5518
5520
5521
5523
5526
5528
5532
5533
5536
5537
5539
5540
5542
5545
5547
5548
5550
5551
5553
5554
5556
5558
5570
5571
5573
5575
5576
5577
5580
5581
5584
5587
5588
5591
5614
5625
5632
5636
5637
5641
5673
5698
5714
5724
5725
5728
5730
5731
5732
5734
5736
5738
5740
5758
5767
5792
5798
5802
5805
5806
5810
5811
5812
5815
5816
5819
5823
5828
5841
5847
5848
5857
5860
5868
5870
5876
5878
5881
5885
5888
5890
5892
5893
5894
5895
5898
5899
5901
5903
5905
5908
5909
5912
5913
5916
5918
5919
5921
5922
5924
5929
5934
5935
5946
5970
5973
5974
5975
5982
6012
6016
6019
6021
6022
6024
6025
6027
6028
6032
6033
6035
6037
6039
6041
6042
6044
6048
6049
6053
6057
6058
6062
6064
6066
6069
6071
6075
6079
6081
6085
6086
6089
6090
6097
6100
6101
6104
6107
6110
6113
6114
6115
6116
6119
6121
6123
6124
6125
6127
6128
6129
6132
6133
6134
6137
6140
6142
6144
6145
6147
6148
6150
6153
6158
6160
6164
6165
6171
6172
6174
6195
6197
6200
6201
6206
6210
6216
6242
6300
6303
6304
6306
6309
6311
6313
6329
6334
6335
6355
6370
6378
6383
6385
6386
6389
6391
6402
6407
6411
6415
6419
6422
6425
6447
6449
6450
6453
6454
6456
6457
6461
6464
6465
6469
6470
6472
6473
6475
6476
6478
6481
6482
6484
6485
6487
6489
6494
6495
6498
6502
6508
6517
6526
6527
6531
6532
6535
6536
6537
6538
6542
6548
6549
6550
6560
6563
6568
6572
6575
6577
6579
6583
6585
6586
6587
6602
6615
6616
6623
6632
6636
6637
6639
6651
6652
6654
6668
6673
6680
6681
6683
6686
6691
6701
6702
6703
6704
6706
6710
6711
6717
6721
6724
6726
6730
6733
6734
6737
6743
6745
6747
6764
6766
6767
6773
6774
6775
6776
6777
6779
6782
6790
6793
6794
6803
6804
6807
6808
6812
6814
6816
6817
6818
6827
6829
6838
6843
6847
6848
6849
6850
6857
6858
6860
6866
6868
6871
6873
6875
6878
6881
6892
6895
6897
6898
6900
6902
6903
6904
6905
6910
6912
6914
6917
6920
6925
6926
6927
6929
6933
6936
6938
6942
6947
6948
6951
6955
6956
6958
6959
6962
6966
6970
6972
6973
6974
6976
6980
6981
6985
6986
6991
6994
6996
6997
6999
7000
7005
7007
7009
7010
7012
7014
7016
7017
7021
7022
7023
7025
7026
7027
7031
7034
7036
7037
7041
7042
7044
7046
7048
7050
7052
7054
7058
7060
7063
7065
7067
7069
7070
7073
7078
7079
7080
7082
7086
7088
7091
7092
7093
7095
7096
7098
7099
7101
7103
7104
7109
7112
7113
7117
7120
7122
7124
7126
7130
7134
7136
7137
7139
7140
7142
7147
7148
7151
7152
7156
7162
7163
7164
7167
7172
7173
7174
7176
7177
7178
7179
7181
7185
7186
7191
7193
7194
7195
7196
7197
7199
7201
7202
7203
7204
7206
7208
7209
7212
7214
7216
7219
7220
7221
7222
7224
7225
7226
7227
7231
7233
7234
7235
7241
7243
7244
7246
7251
7252
7253
7256
7259
7261
7262
7263
7266
7269
7271
7276
7277
7278
7279
7281
7285
7287
7290
7308
7309
7312
7317
7320
7323
7327
7331
7340
7370
7379
7380
7403
7411
7419
7420
7421
7424
7430
7435
7437
7439
7441
7444
7446
7449
7450
7453
7454
7455
7456
7459
7462
7466
7469
7472
7474
7478
7483
7484
7486
7489
7491
7492
7494
7495
7497
7498
7499
7500
7502
7503
7504
7507
7509
7513
7515
7516
7517
7518
7519
7521
7524
7525
7528
7529
7530
7535
7539
7543
7544
7545
7546
7549
7553
7556
7557
7560
7561
7565
7569
7570
7577
7584
7585
7591
7593
7598
7600
7604
7607
7611
7612
7616
7618
7619
7631
7635
7652
7653
7657
7658
7665
7666
7668
7669
7673
7674
7680
7681
7683
7686
7689
7690
7693
7695
7698
7699
7704
7705
7706
7710
7713
7714
7717
7718
7722
7731
7735
7736
7738
7742
7743
7746
7747
7749
7751
7752
7757
7762
7764
7766
7767
7770
7774
7775
7786
7789
7790
7794
7798
7800
7803
7804
7806
7811
7812
7813
7816
7817
7825
7832
7833
7834
7854
7861
7883
7887
7889
7892
7893
7894
7896
7897
7901
7905
7906
7911
7913
7915
7927
7930
7932
7935
7944
7946
7947
7948
7949
7952
7957
7958
7960
7961
7964
7966
7971
7972
7974
7975
7977
7978
7979
7981
7983
7984
7986
7990
7992
7993
7994
7995
7997
7999
8000
8003
8004
8007
8008
8012
8016
8017
8018
8019
8020
8021
8022
8023
8024
8026
8030
8032
8033
8035
8037
8041
8042
8044
8046
8050
8052
8054
8055
8056
8058
8060
8067
8069
8071
8072
8074
8077
8080
8088
8089
8095
8097
8100
8103
8106
8111
8112
8113
8115
8117
8118
8121
8123
8125
8137
8138
8139
8141
8144
8145
8147
8148
8149
8150
8163
8165
8171
8173
8176
8180
8182
8187
8190
8192
8193
8194
8195
8196
8197
8200
8204
8209
8210
8216
8217
8222
8225
8229
8230
8232
8237
8240
8243
8244
8247
8249
8250
8251
8253
8254
8256
8258
8261
8264
8265
8267
8269
8271
8272
8274
8278
8280
8281
8284
8286
8289
8291
8293
8294
8295
8297
8299
8301
8303
8309
8311
8312
8319
8326
8329
8330
8341
8351
8353
8354
8356
8357
8358
8362
8364
8366
8369
8372
8374
8375
8376
8379
8381
8382
8385
8386
8387
8394
8396
8397
8401
8406
8411
8412
8414
8416
8417
8419
8420
8426
8432
8435
8437
8444
8445
8446
8450
8453
8454
8459
8460
8463
8466
8467
8470
8473
8476
8478
8479
8480
8481
8483
8485
8488
8495
8497
8498
8501
8503
8506
8507
8510
8511
8512
8513
8519
8521
8522
8523
8524
8526
8527
8532
8534
8535
8537
8539
8545
8548
8549
8552
8553
8555
8558
8559
8561
8567
8569
8570
8571
8573
8576
8578
8581
8582
8583
8584
8587
8588
8590
8591
8596
8602
8604
8605
8607
8610
8613
8616
8618
8619
8621
8624
8625
8626
8632
8633
8636
8637
8639
8640
8643
8645
8647
8649
8656
8658
8659
8660
8665
8667
8670
8672
8673
8674
8677
8679
8686
8688
8689
8691
8693
8694
8695
8697
8699
8701
8702
8707
8708
8710
8711
8714
8715
8717
8718
8719
8721
8723
8726
8730
8732
8733
8734
8735
8736
8738
8739
8740
8742
8744
8747
8749
8751
8752
8754
8756
8760
8764
8767
8768
8769
8770
8774
8775
8776
8781
8785
8790
8791
8792
8795
8796
8800
8802
8804
8806
8807
8810
8813
8814
8816
8817
8818
8822
8824
8826
8830
8831
8832
8838
8843
8853
8854
8856
8857
8858
8863
8870
8873
8876
8879
8880
8888
8905
8911
8912
8919
8920
8924
8934
8936
8941
8943
8944
8946
8947
8948
8949
8953
8954
8959
8960
8962
8963
8965
8967
8969
8972
8974
8978
8980
8982
8983
8986
8988
8991
8992
8994
8996
8999
9000
9003
9006
9007
9011
9012
9014
9016
9018
9021
9022
9024
9025
9026
9028
9032
9033
9034
9035
9036
9042
9045
9046
9049
9051
9054
9058
9060
9063
9064
9065
9068
9071
9074
9075
9076
9077
9078
9084
9085
9086
9088
9089
9095
9098
9100
9103
9105
9110
9112
9114
9116
9120
9122
9128
9133
9134
9137
9141
9145
9148
9151
9153
9154
9158
9161
9162
9165
9170
9175
9177
9180
9182
9190
9196
9197
9198
9209
9211
9212
9216
9218
9223
9226
9232
9234
9235
9242
9244
9245
9246
9249
9250
9251
9255
9259
9264
9265
9268
9271
9273
9275
9277
9281
9284
9285
9292
9293
9300
9308
9319
9321
9322
9324
9344
9345
9347
9353
9354
9355
9357
9360
9361
9362
9366
9367
9368
9370
9371
9373
9374
9377
9378
9380
9382
9383
9384
9385
9387
9388
9392
9394
9396
9398
9402
9405
9407
9408
9410
9412
9413
9415
9421
9422
9426
9427
9428
9429
9432
9433
9436
9440
9442
9445
9448
9451
9454
9458
9460
9462
9463
9464
9466
9471
9472
9475
9478
9481
9493
9494
9495
9497
9499
9504
9505
9506
9507
9509
9510
9511
9520
9523
9524
9527
9528
9529
9531
9532
9533
9558
9559
9577
9603
9608
9611
9614
9618
9619
9620
9647
9648
9650
9652
9655
9658
9662
9666
9671
9674
9676
9679
9681
9685
9690
9693
9698
9714
9717
9718
9725
9750
9769
9785
9787
9788
9792
9794
9797
9799
9800
9801
9804
9806
9808
9811
9812
9816
9817
9818
9819
9821
9823
9825
9848
9851
9855
9859
9860
9863
9865
9870
9872
9873
9875
9876
9877
9878
9881
9883
9887
9891
9893
9895
9901
9904
9906
9911
9915
9918
9919
9942
9946
9950
9952
9954
9957
9959
9963
9965
9967
9969
9972
9974
9978
9981
9982
9983
9985
9986
9987
9988
9990
9993
9994
9997
10002
10003
10006
10009
10010
10011
10012
10013
10014
10018
10022
10024
10030
10032
10037
10038
10040
10042
10044
10045
10048
10051
10054
10056
10057
10059
10063
10066
10068
10072
10073
10074
10076
10077
10078
10079
10081
10083
10088
10091
10092
10096
10101
10102
10108
10109
10110
10115
10127
10128
10132
10136
10138
10140
10144
10146
10147
10150
10152
10156
10160
10162
10164
10166
10170
10172
10173
10176
10178
10179
10180
10181
10183
10184
10187
10188
10190
10193
10196
10198
10199
10201
10203
10205
10206
10208
10211
10213
10221
10223
10225
10227
10231
10235
10236
10239
10243
10245
10246
10249
10252
10255
10257
10258
10261
10266
10275
10276
10277
10279
10283
10287
10289
10292
10295
10296
10301
10302
10303
10306
10307
10314
10315
10316
10318
10328
10331
10334
10335
10337
10344
10346
10354
10369
10381
10398
10401
10420
10432
10435
10439
10441
10444
10447
10458
10462
10464
10473
10484
10502
10511
10520
10521
10527
10531
10537
10538
10539
10540
10541
10542
10549
10551
10552
10558
10562
10563
10565
10567
10568
10572
10574
10579
10581
10582
10586
10588
10589
10590
10592
10594
10595
10597
10599
10601
10605
10607
10608
10610
10611
10613
10614
10616
10618
10620
10621
10623
10626
10630
10631
10632
10634
10636
10637
10638
10639
10640
10644
10648
10649
10651
10652
10654
10656
10658
10661
10663
10666
10668
10669
10672
10673
10675
10679
10680
10683
10684
10686
10689
10690
10691
10693
10696
10697
10701
10705
10710
10716
10718
10720
10723
10725
10726
10728
10735
10738
10739
10742
10745
10746
10747
10754
10755
10759
10762
10763
10764
10765
10770
10773
10775
10777
10780
10782
10786
10788
10794
10795
10797
10800
10803
10805
10809
10811
10812
10813
10817
10818
10821
10835
10841
10842
10846
10849
10854
10855
10860
10862
10863
10866
10868
10869
10870
10871
10874
10875
10883
10885
10887
10888
10890
10892
10894
10896
10897
10898
10899
10900
10901
10902
10904
10907
10914
10916
10917
10923
10927
10932
10934
10940
10942
10948
10949
10950
10953
10959
10961
10964
10971
10975
10976
10977
10980
10983
10988
10991
10997
11002
11003
11011
11013
11014
11015
11019
11024
11028
11030
11032
11033
11035
11036
11037
11046
11056
11058
11059
11064
11066
11073
11075
11078
11079
11081
11082
11084
11087
11088
11095
11101
11103
11108
11118
11125
11126
11128
11130
11132
11133
11141
11143
11144
11146
11150
11154
11160
11162
11163
11166
11168
11171
11172
11174
11175
11182
11183
11184
11187
11189
11190
11191
11195
11197
11200
11206
11210
11213
11214
11217
11219
11221
11223
11229
11230
11231
11232
11233
11238
11243
11245
11247
11249
11258
11263
11272
11273
11277
11281
11284
11296
11297
11302
11307
11312
11313
11320
11321
11324
11335
11347
11350
11352
11355
11359
11360
11364
11366
11369
11378
11381
11388
11391
11393
11397
11398
11399
11402
11406
11408
11424
11426
11429
11434
11436
11439
11441
11444
11445
11448
11449
11452
11453
11461
11462
11469
11471
11474
11475
11477
11480
11484
11487
11489
11492
11496
11497
11500
11502
11503
11507
11510
11511
11512
11515
11520
11522
11523
11530
11532
11534
11536
11541
11542
11544
11545
11549
11554
11558
11563
11565
11568
11571
11573
11574
11578
11579
11581
11626
11641
11665
11668
11672
11677
11682
11684
11689
11690
11692
11697
11700
11702
11718
11720
11723
11724
11730
11753
11754
11755
11759
11763
11765
11766
11767
11768
11772
11774
11777
11779
11782
11783
11784
11786
11787
11789
11791
11793
11794
11796
11797
11800
11802
11804
11805
11807
11809
11810
11811
11813
11815
11817
11819
11822
11825
11829
11830
11834
11835
11843
11845
11847
11852
11854
11856
11858
11859
11860
11863
11868
11870
11871
11875
11884
11887
11892
11893
11897
11898
11902
11908
11909
11914
11916
11917
11919
11920
11921
11923
11924
11927
11930
11931
11932
11936
11938
11939
11941
11945
11947
11950
11951
11952
11953
11954
11955
11956
11958
11960
11965
11969
11972
11977
11980
11983
11985
11988
11992
12000
12011
12013
12016
12018
12019
12021
12022
12024
12025
12028
12032
12035
12036
12038
12042
12043
12044
12048
12051
12053
12059
12108
12110
12146
12148
12149
12151
12154
12155
12158
12166
12169
12172
12177
12178
12180
12185
12186
12190
12191
12195
12196
12197
12199
12201
12202
12205
12207
12209
12210
12212
12214
12220
12222
12224
12228
12229
12231
12234
12236
12238
12241
12243
12245
12246
12247
12249
12253
12254
12256
12257
12261
12262
12264
12268
12274
12277
12278
12281
12282
12291
12293
12297
12298
12305
12340
12342
12348
12349
12354
12358
12363
12364
12370
12372
12373
12375
12377
12378
12379
12385
12387
12391
12395
12396
12399
12400
12409
12413
12414
12439
12444
12447
12448
12450
12461
12466
12467
12485
12487
12493
12496
12497
12498
12501
12506
12507
12514
12521
12523
12526
12539
12540
12574
12585
12592
12622
12630
12635
12642
12649
12669
12682
12688
12691
12694
12695
12697
12703
12705
12711
12712
12715
12717
12718
12720
12721
12724
12725
12726
12729
12734
12738
12739
12740
12741
12744
12747
12750
12754
12755
12756
12757
12759
12763
12764
12766
12767
12768
12773
12776
12780
12789
12791
12792
12793
12796
12799
12812
12814
12815
12816
12821
12845
12861
12870
12898
12915
12921
12929
12944
12976
12979
12982
12983
12985
12987
12990
12991
12997
12999
13000
13018
13025
13047
13051
13059
13075
13076
13077
13082
13087
13089
13091
13092
13113
13116
13117
13122
13161
13184
13239
13257
13258
13265
13267
13269
13273
13274
13277
13278
13280
13285
13287
13308
13321
13354
13376
13386
13388
13391
13392
13397
13399
13407
13410
13411
13415
13417
13419
13424
13441
13445
13446
13449
13450
13451
13455
13457
13459
13462
13465
13466
13469
13471
13472
13475
13477
13480
13482
13483
13486
13487
13488
13489
13490
13492
13494
13498
13499
13501
13504
13505
13507
13509
13515
13519
13524
13527
13528
13529
13555
13569
13583
13585
13588
13590
13597
13601
13602
13603
13605
13607
13608
13610
13614
13616
13620
13622
13624
13627
13629
13630
13631
13632
13638
13642
13644
13646
13648
13649
13650
13651
13655
13658
13659
13663
13665
13667
13668
13672
13674
13675
13677
13679
13681
13682
13687
13688
13692
13694
13696
13697
13699
13700
13702
13704
13708
13709
13712
13722
13723
13729
13736
13737
13747
13750
13751
13756
13760
13763
13767
13770
13774
13775
13777
13780
13781
13784
13786
13789
13791
13794
13800
13804
13807
13810
13812
13813
13816
13817
13818
13820
13821
13823
13824
13826
13828
13831
13832
13837
13838
13839
13843
13844
13848
13850
13858
13862
13864
13871
13875
13880
13881
13882
13883
13886
13889
13891
13898
13902
13903
13910
13912
13915
13918
13922
13924
13927
13930
13937
13939
13944
13946
13955
13961
13964
13965
13967
13970
13974
13976
13980
13985
13987
13992
13994
13995
13996
14001
14003
14008
14010
14017
14022
14026
14027
14028
14031
14044
14055
14059
14062
14064
14067
14068
14072
14074
14075
14077
14078
14080
14083
14085
14086
14089
14091
14092
14093
14095
14099
14100
14102
14106
14107
14108
14110
14111
14114
14115
14117
14119
14122
14123
14129
14130
14133
14136
14138
14139
14140
14143
14144
14148
14150
14152
14153
14154
14156
14160
14161
14163
14164
14166
14172
14173
14174
14177
14179
14180
14182
14183
14184
14187
14189
14192
14195
14196
14198
14208
14211
14216
14217
14221
14223
14225
14231
14234
14256
14287
14303
14305
14313
14315
14321
14325
14326
14327
14329
14331
14332
14333
14337
14344
14352
14360
14365
14369
14372
14374
14376
14381
14382
14384
14389
14391
14392
14394
14396
14399
14404
14407
14412
14413
14414
14415
14416
14420
14425
14426
14430
14432
14434
14437
14444
14448
14451
14453
14472
14473
14477
14478
14485
14490
14500
14503
14508
14510
14511
14513
14516
14517
14520
14521
14522
14523
14525
14529
14532
14533
14534
14535
14539
14542
14543
14544
14545
14548
14550
14553
14554
14555
14559
14560
14567
14569
14570
14572
14573
14575
14577
14578
14579
14585
14586
14587
14590
14591
14594
14596
14598
14599
14602
14605
14606
14611
14614
14615
14617
14619
14621
14624
14626
14633
14634
14636
14638
14639
14645
14646
14647
14653
14655
14658
14659
14663
14664
14666
14669
14671
14673
14674
14675
14676
14678
14682
14683
14688
14690
14693
14695
14696
14698
14704
14707
14711
14712
14713
14717
14720
14721
14723
14724
14726
14731
14732
14733
14734
14735
14737
14739
14741
14743
14745
14746
14819
14885
14886
14889
14893
14897
14898
14901
14904
14906
14909
14916
14918
14919
14923
14924
14925
14928
14929
14935
14941
14956
14962
14970
14975
14977
14980
14982
14983
14991
14992
14993
14994
14999
15002
15006
15008
15014
15024
15029
15031
15035
15040
15047
15058
15060
15068
15088
15089
15093
15097
15098
15102
15104
15106
15107
15108
15111
15125
15127
15129
15130
15131
15132
15134
15135
15137
15139
15157
15161
15165
15171
15180
15181
15184
15186
15190
15195
15196
15203
15205
15213
15216
15218
15219
15221
15222
15228
15229
15238
15242
15243
15249
15260
15278
15283
15284
15286
15288
15290
15356
15379
15397
15400
15403
15404
15411
15414
15415
15416
15425
15431
15436
15437
15438
15454
15462
15464
15469
15480
15483
15488
15493
15497
15501
15502
15504
15506
15507
15524
15529
15532
15533
15536
15538
15540
15546
15548
15552
15554
15556
15562
15564
15565
15566
15570
15571
15574
15576
15577
15579
15582
15585
15597
15604
15612
15614
15620
15623
15624
15625
15641
15650
15652
15654
15657
15661
15664
15668
15674
15675
15676
15681
15682
15686
15689
15694
15696
15701
15702
15705
15707
15713
15715
15717
15720
15721
15725
15728
15730
15733
15734
15736
15739
15741
15742
15746
15749
15751
15752
15754
15757
15758
15759
15762
15763
15766
15769
15770
15771
15772
15774
15776
15778
15780
15783
15784
15785
15787
15788
15789
15791
15793
15794
15795
15800
15805
15829
15840
15877
15880
15886
15893
15894
15899
15905
15906
15907
15910
15911
15914
15915
15919
15921
15923
15926
15930
15931
15933
15938
15939
15942
15943
15944
15946
15947
15951
15954
15961
15964
15968
15969
15971
15973
15975
15979
15981
15983
15985
15988
15990
15992
15995
16001
16005
16006
16013
16014
16015
16019
16021
16024
16027
16029
16032
16033
16035
16037
16039
16044
16049
16052
16053
16056
16058
16060
16063
16064
16065
16069
16071
16072
16074
16075
16079
16082
16084
16087
16088
16090
16093
16098
16099
16107
16108
16110
16115
16120
16122
16132
16133
16138
16151
16154
16155
16166
16167
16170
16175
16177
16184
16187
16194
16196
16197
16199
16202
16205
16207
16208
16210
16224
16229
16232
16259
16264
16278
16280
16283
16285
16288
16290
16291
16293
16297
16298
16301
16302
16303
16304
16306
16309
16315
16317
16319
16320
16323
16324
16325
16327
16329
16330
16335
16336
16339
16342
16343
16347
16348
16351
16352
16357
16359
16362
16364
16369
16370
16373
16375
16378
16405
16412
16416
16437
16439
16447
16449
16450
16451
16454
16455
16458
16459
16460
16461
16464
16465
16469
16470
16471
16500
16507
16508
16509
16511
16513
16515
16516
16518
16519
16521
16522
16523
16527
16570
16572
16592
16605
16617
16620
16634
16635
16639
16642
16649
16650
16653
16654
16658
16659
16662
16663
16664
16666
16669
16673
16674
16675
16677
16679
16680
16683
16694
16700
16702
16704
16705
16707
16708
16710
16714
16715
16718
16724
16738
16767
16769
16774
16792
16800
16805
16806
16807
16809
16810
16812
16824
16847
16868
16873
16879
16883
16888
16890
16891
16894
16897
16899
16903
16906
16908
16911
16914
16916
16919
16920
16922
16925
16927
16936
16940
16942
16943
16946
16947
16952
16953
16954
16958
16961
16966
16967
16970
16974
16976
16978
16981
16982
16984
16988
16989
16992
16997
17001
17004
17005
17007
17015
17017
17019
17022
17023
17025
17026
17028
17030
17033
17034
17035
17038
17039
17041
17042
17044
17050
17052
17055
17057
17060
17062
17065
17069
17086
17108
17109
17115
17116
17121
17124
17128
17134
17135
17137
17139
17143
17146
17147
17148
17151
17153
17154
17158
17161
17163
17164
17166
17167
17169
17171
17175
17178
17179
17180
17181
17183
17186
17188
17189
17192
17193
17202
17204
17206
17208
17210
17213
17214
17221
17222
17224
17226
17227
17228
17231
17232
17234
17235
17239
17240
17242
17245
17249
17250
17263
17264
17265
17266
17267
17268
17269
17271
17272
17275
17303
17305
17306
17307
17310
17311
17313
17314
17316
17319
17324
17326
17327
17329
17330
17334
17335
17336
17339
17341
17345
17347
17350
17353
17357
17358
17359
17362
17365
17366
17380
17397
17398
17406
17407
17411
17412
17426
17446
17481
17483
17486
17488
17492
17494
17496
17497
17498
17504
17510
17516
17533
17563
17564
17573
17755
17770
17775
17783
17788
17801
17803
17804
17805
17809
17811
17814
17816
17818
17819
17820
17822
17824
17825
17828
17829
17830
17833
17836
17837
17838
17861
17863
17866
17883
17885
17886
17887
17888
17890
17891
17892
17895
17904
17931
17933
17951
17976
17988
17994
18008
18043
18046
18047
18050
18084
18133
18141
18147
18149
18158
18163
18165
18168
18170
18171
18173
18174
18175
18178
18179
18183
18184
18185
18187
18189
18191
18193
18195
18196
18200
18201
18204
18205
18210
18214
18216
18218
18222
18223
18226
18231
18233
18234
18237
18240
18241
18244
18246
18249
18250
18251
18253
18257
18260
18262
18266
18267
18272
18273
18276
18278
18282
18284
18286
18287
18292
18297
18302
18303
18304
18305
18309
18312
18314
18315
18319
18321
18324
18329
18332
18335
18340
18341
18346
18347
18350
18353
18354
18356
18360
18362
18367
18369
18371
18374
18383
18384
18386
18387
18389
18392
18395
18399
18401
18404
18409
18411
18412
18413
18415
18417
18418
18426
18467
18520
18535
18553
18579
18589
18602
18606
18622
18633
18639
18640
18642
18643
18645
18646
18647
18649
18651
18653
18655
18656
18658
18659
18660
18662
18664
18666
18692
18696
18697
18700
18720
18741
18742
18768
18770
18772
18782
18783
18785
18787
18789
18792
18794
18796
18799
18800
18801
18803
18804
18807
18809
18810
18816
18817
18822
18824
18826
18827
18829
18830
18832
18837
18838
18841
18844
18845
18846
18848
18852
18853
18855
18865
18868
18885
18919
18924
18926
18927
18937
18939
18942
18943
18944
18974
18977
19008
19015
19019
19025
19033
19037
19040
19045
19046
19051
19052
19054
19055
19056
19062
19066
19069
19070
19071
19081
19089
19096
19109
19133
19134
19140
19143
19146
19147
19149
19153
19154
19156
19159
19161
19167
19168
19169
19170
19177
19178
19180
19189
19192
19194
19195
19197
19199
19202
19207
19210
19211
19213
19215
19216
19219
19222
19227
19229
19230
19233
19237
19239
19242
19246
19249
19250
19251
19253
19254
19259
19273
19282
19288
19296
19318
19322
19323
19353
19363
19389
19390
19395
19401
19403
19404
19407
19410
19418
19424
19434
19435
19436
19437
19440
19473
19485
19493
19498
19503
19519
19537
19562
19571
19592
19605
19611
19633
19642
19647
19667
19675
19677
19685
19709
19711
19736
19741
19748
19755
19759
19760
19763
19764
19765
19772
19773
19776
19778
19781
19785
19787
19788
19795
19800
19801
19803
19804
19805
19807
19812
19818
19826
19834
19855
19860
19863
19864
19867
19868
19869
19872
19876
19885
19909
19912
19921
19922
19923
19954
19962
19966
19968
19988
19991
19992
19993
19994
20003
20006
20011
20013
20014
20016
20017
20018
20019
20020
20021
20022
20025
20026
20028
20030
20032
20033
20039
20041
20048
20049
20051
20053
20056
20060
20063
20064
20067
20068
20072
20074
20078
20082
20084
20086
20097
20131
20139
20158
20168
20184
20196
20219
20221
20236
20237
20254
20274
20301
20308
20310
20313
20314
20329
20331
20337
20395
20415
20418
20430
20434
20443
20465
20468
20485
20519
20527
20536
20541
20544
20554
20564
20570
20572
20574
20577
20585
20587
20603
20605
20617
20622
20625
20627
20629
20631
20633
20637
20638
20639
20641
20642
20647
20648
20649
20651
20652
20656
20658
20663
20664
20665
20667
20668
20698
20720
20729
20731
20733
20736
20741
20744
20761
20767
20768
20771
20776
20778
20780
20784
20785
20790
20793
20828
20839
20849
20864
20867
20872
20874
20880
20884
20886
20889
20894
20897
20900
20906
20908
20909
20910
20913
20916
20917
20918
20921
20922
20924
20926
20928
20931
20944
20946
20947
20949
20952
20957
20959
20964
20965
20970
20973
20975
20976
20978
20980
20983
20985
20988
20990
20994
20996
20999
21001
21003
21004
21007
21009
21011
21013
21014
21016
21017
21018
21022
21024
21027
21028
21032
21033
21036
21041
21042
21047
21048
21050
21051
21054
21055
21061
21063
21066
21071
21072
21073
21076
21080
21085
21094
21098
21101
21117
21120
21130
21131
21142
21156
21160
21164
21169
21178
21182
21184
21185
21188
21191
21192
21196
21201
21204
21207
21210
21212
21218
21220
21222
21223
21224
21226
21227
21231
21235
21243
21251
21257
21259
21263
21265
21268
21270
21276
21281
21289
21290
21294
21299
21300
21303
21309
21313
21318
21320
21322
21327
21332
21335
21336
21337
21343
21344
21346
21347
21349
21353
21354
21355
21360
21364
21367
21370
21375
21382
21391
21408
21420
21423
21431
21432
21433
21436
21439
21441
21443
21445
21447
21451
21454
21459
21461
21464
21466
21469
21472
21473
21476
21478
21481
21502
21503
21509
21513
21515
21519
21522
21523
21524
21526
21528
21535
21541
21543
21551
21554
21557
21558
21561
21563
21564
21565
21568
21571
21572
21575
21576
21577
21578
21580
21587
21590
21593
21594
21596
21600
21601
21603
21605
21609
21610
21612
21619
21622
21628
21630
21632
21634
21637
21639
21640
21644
21645
21647
21651
21655
21660
21662
21665
21669
21671
21672
21677
21678
21689
21692
21694
21696
21709
21712
21715
21718
21757
21758
21765
21769
21773
21775
21777
21781
21783
21788
21789
21796
21800
21801
21811
21812
21813
21843
21846
21848
21886
21888
21891
21893
21894
21895
21898
21926
21955
21962
21973
22002
22013
22032
22034
22036
22047
22048
22052
22057
22109
22121
22127
22133
22138
22141
22144
22147
22154
22155
22158
22166
22172
22173
22182
22184
22189
22193
22196
22197
22201
22204
22207
22209
22214
22215
22216
22221
22223
22224
22226
22228
22232
22233
22242
22245
22248
22250
22258
22259
22261
22262
22265
22269
22272
22279
22282
22294
22300
22302
22303
22307
22309
22310
22317
22319
22320
22329
22332
22334
22335
22337
22339
22347
22354
22355
22357
22367
22368
22371
22372
22376
22377
22378
22379
22398
22402
22405
22406
22411
22414
22415
22420
22421
22427
22428
22433
22435
22438
22440
22441
22444
22445
22450
22506
22507
22510
22516
22541
22544
22548
22552
22553
22556
22557
22558
22563
22565
22568
22574
22577
22586
22587
22589
22591
22594
22604
22606
22609
22612
22617
22627
22629
22630
22632
22636
22655
22666
22667
22668
22669
22671
22674
22675
22677
22680
22683
22685
22686
22694
22698
22699
22700
22701
22725
22727
22728
22729
22737
22739
22742
22743
22744
22748
22751
22753
22754
22755
22761
22765
22767
22769
22792
22823
22830
22832
22835
22841
22844
22848
22852
22853
22856
22857
22860
22862
22868
22892
22914
22952
22975
23008
23011
23012
23013
23017
23019
23023
23024
23026
23027
23029
23031
23032
23034
23035
23036
23039
23073
23076
23078
23079
23084
23086
23087
23088
23092
23094
23100
23101
23106
23110
23111
23112
23113
23114
23140
23154
23157
23159
23163
23164
23165
23167
23169
23196
23200
23204
23206
23208
23213
23214
23220
23226
23228
23230
23232
23235
23237
23239
23240
23241
23243
23245
23252
23254
23256
23265
23270
23272
23274
23275
23276
23281
23283
23286
23288
23290
23291
23296
23297
23304
23305
23319
23327
23331
23333
23347
23351
23367
23392
23411
23420
23453
23464
23481
23507
23531
23533
23537
23545
23569
23570
23571
23593
23602
23604
23611
23613
23616
23617
23618
23621
23622
23623
23630
23644
23647
23652
23662
23663
23664
23666
23668
23669
23672
23675
23681
23693
23700
23776
23786
23799
23802
23815
23820
23824
23827
23831
23833
23834
23836
23838
23839
23843
23846
23848
23849
23851
23857
23858
23860
23864
23867
23869
23870
23886
23891
23892
23896
23901
23903
23904
23906
23907
23924
23933
23937
23976
23984
24011
24020
24025
24029
24059
24165
24172
24178
24198
24239
24261
24300
24302
24304
24308
24309
24310
24311
24336
24337
24343
24347
24356
24363
24382
24396
24415
24416
24419
24420
24421
24425
24427
24429
24430
24435
24438
24441
24444
24446
24447
24453
24455
24461
24462
24463
24464
24467
24468
24470
24472
24473
24474
24476
24480
24482
24484
24486
24488
24489
24490
24499
24510
24513
24515
24517
24519
24522
24523
24526
24531
24549
24568
24592
24614
24634
24649
24669
24699
24749
24750
24753
24768
24779
24783
24785
24788
24789
24792
24793
24798
24800
24803
24807
24809
24811
24812
24814
24816
24818
24819
24821
24824
24826
24829
24830
24831
24832
24834
24835
24836
24839
24844
24846
24848
24853
24855
24858
24860
24862
24864
24866
24867
24869
24874
24877
24885
24887
24888
24892
24895
24897
24898
24899
24904
24915
24998
25005
25026
25053
25093
25121
25140
25147
25150
25154
25158
25166
25175
25178
25179
25183
25196
25204
25238
25240
25243
25279
25307
25308
25319
25339
25350
25356
25357
25366
25382
25400
25401
25403
25405
25418
25498
25530
25532
25555
25579
25597
25599
25602
25611
25614
25615
25622
25624
25625
25629
25632
25636
25638
25639
25641
25642
25645
25649
25685
25696
25722
25847
25850
25864
25877
25885
25906
25941
25961
25963
25967
25968
25974
25977
25982
25986
25998
25999
26047
26058
26074
26075
26107
26131
26138
26250
26312
26315
26331
26342
26371
26376
26391
26393
26417
26433
26485
26496
26506
26517
26539
26541
26544
26545
26566
26567
26571
26574
26577
26580
26584
26591
26600
26601
26603
26631
26667
26670
26672
26676
26677
26701
26702
26728
26735
26740
26743
26747
26761
26764
26766
26767
26781
26831
26833
26881
26910
26953
26956
26957
26961
26967
26969
26970
26971
26972
26975
26990
26991
26998
27007
27014
27022
27024
27027
27032
27033
27039
27043
27050
27053
27056
27060
27063
27064
27071
27076
27079
27085
27087
27104
27107
27138
27150
27156
27158
27184
27185
27186
27209
27224
27273
27282
27322
27323
27325
27326
27332
27333
27334
27337
27400
27457
27466
27488
27491
27494
27496
27499
27504
27505
27506
27508
27511
27515
27518
27520
27523
27524
27525
27527
27529
27531
27535
27536
27539
27541
27543
27549
27554
27556
27557
27558
27635
27639
27645
27660
27674
27678
27686
27690
27693
27696
27791
27798
27815
27849
27852
27853
27969
27973
27976
27988
28005
28019
28020
28022
28023
28024
28028
28033
28036
28037
28040
28054
28061
28081
28110
28114
28121
28123
28125
28127
28128
28130
28137
28139
28141
28159
28207
28209
28214
28216
28235
28255
28256
28265
28290
28303
28365
28386
28489
28510
28564
28616
28660
28670
28693
28705
28761
28769
28782
28795
28796
28823
28845
28863
28876
28969
28973
28976
28980
28983
28986
28987
28994
29006
29007
29013
29017
29019
29026
29033
29038
29039
29043
29044
29049
29050
29054
29059
29061
29067
29070
29072
29073
29080
29082
29084
29088
29092
29111
29137
29177
29189
29190
29211
29214
29254
29257
29263
29267
29271
29286
29288
29300
29303
29306
29309
29310
29311
29312
29313
29319
29329
29337
29338
29341
29344
29349
29353
29356
29357
29358
29362
29363
29364
29365
29382
29384
29386
29392
29419
29438
29469
29477
29488
29504
29545
29546
29566
29607
29658
29683
29691
29707
29720
29725
29751
29755
29758
29764
29772
29774
29781
29782
29785
29795
29803
29806
29823
29824
29825
29831
29835
29838
29845
29856
29863
29896
29912
29948
29956
29959
29961
29965
29967
29968
29969
29972
29974
29975
29977
29978
29981
29991
29998
30056
30060
30083
30085
30095
30159
30165
30167
30169
30172
30175
30183
30185
30186
30189
30191
30194
30196
30197
30198
30202
30204
30207
30209
30212
30220
30225
30230
30232
30234
30235
30241
30243
30246
30249
30250
30282
30324
30327
30411
30436
30448
30453
30492
30544
30586
30623
30629
30637
30642
30643
30646
30649
30654
30676
30687
30690
30692
30697
30699
30700
30701
30705
30720
30775
30776
30783
30785
30787
30791
30795
30800
30803
30806
30810
30813
30817
30820
30827
30830
30834
30836
30841
30842
30852
30855
30856
30864
30866
30874
30877
30878
30879
30881
30882
30885
30888
30892
30894
30899
30901
30903
30905
30911
30916
30925
30926
30927
30929
30931
30934
30936
30941
30943
30944
30945
30947
30953
30956
30960
30964
30965
30967
30970
30977
30980
30984
30989
30990
30992
31013
31019
31024
31079
31102
31103
31105
31107
31108
31118
31135
31136
31146
31148
31150
31194
31197
31233
31235
31242
31340
31403
31438
31450
31468
31475
31477
31479
31481
31483
31484
31487
31496
31498
31500
31502
31503
31504
31506
31512
31514
31515
31517
31520
31525
31526
31527
31529
31531
31533
31544
31546
31549
31557
31575
31582
31599
31608
31614
31638
31640
31646
31658
31677
31702
31704
31705
31707
31710
31712
31714
31715
31719
31720
31722
31723
31724
31728
31732
31733
31735
31740
31741
31788
31802
31806
31807
31875
31899
31908
31912
31925
31935
31950
31984
31987
31990
31993
31999
32000
32003
32004
32005
32006
32009
32012
32016
32020
32025
32029
32030
32041
32044
32047
32050
32054
32055
32056
32059
32060
32071
32073
32078
32079
32080
32083
32086
32087
32089
32092
32093
32097
32098
32105
32108
32112
32115
32116
32119
32124
32125
32126
32129
32132
32135
32139
32140
32143
32144
32148
32152
32154
32158
32159
32160
32163
32166
32168
32172
32173
32181
32183
32185
32186
32189
32191
32193
32199
32200
32202
32205
32211
32218
32219
32221
32224
32229
32251
32253
32255
32300
32325
32385
32391
32393
32396
32401
32403
32405
32406
32409
32411
32413
32414
32433
32511
32545
32573
32584
32601
32629
32637
32644
32664
32668
32684
32738
32740
32744
32748
32754
32755
32792
32821
32833
32836
32859
32877
32948
33052
33056
33069
33113
33118
33120
33123
33124
33127
33133
33138
33141
33144
33146
33150
33152
33158
33160
33168
33171
33182
33188
33189
33193
33200
33201
33209
33212
33218
33220
33226
33231
33233
33237
33241
33245
33250
33254
33256
33260
33263
33267
33271
33276
33281
33300
33337
33341
33344
33361
33377
33379
33382
33385
33387
33393
33395
33397
33398
33399
33402
33403
33427
33440
33462
33512
33540
33544
33548
33551
33554
33555
33573
33586
33608
33610
33634
33662
33667
33668
33682
33703
33732
33751
33764
33780
33802
33819
33822
33836
33837
33838
33848
33855
33874
33917
33924
33929
33932
33936
33950
33954
33979
33988
33991
33993
33996
33997
33998
34000
34002
34004
34006
34015
34020
34023
34024
34026
34029
34030
34033
34038
34043
34053
34056
34057
34063
34070
34096
34106
34118
34119
34120
34126
34128
34132
34134
34137
34142
34147
34148
34151
34157
34162
34175
34180
34184
34189
34196
34197
34198
34207
34208
34219
34222
34228
34235
34242
34243
34248
34255
34256
34258
34262
34264
34268
34271
34275
34278
34279
34281
34283
34286
34290
34301
34302
34303
34308
34309
34318
34324
34328
34394
34395
34396
34421
34428
34431
34435
34436
34463
34464
34598
34620
34647
34653
34675
34681
34684
34685
34686
34690
34691
34692
34694
34697
34700
34702
34707
34708
34747
34748
34749
34752
34805
34886
34932
34973
34977
34979
34985
34987
34988
34992
34994
34997
35002
35004
35005
35009
35010
35013
35014
35017
35020
35026
35027
35029
35031
35032
35033
35035
35037
35038
35043
35048
35053
35056
35057
35058
35059
35063
35065
35067
35074
35078
35080
35084
35086
35097
35157
35166
35220
35223
35251
35258
35288
35289
35295
35309
35328
35381
35423
35430
35472
35483
35484
35496
35534
35537
35542
35546
35576
35578
35587
35589
35598
35611
35614
35617
35619
35636
35637
35640
35644
35662
35669
35683
35687
35753
35757
35761
35763
35770
35804
35809
35852
35862
35880
35959
35976
35980
35995
36004
36006
36015
36016
36019
36021
36028
36035
36045
36047
36052
36053
36054
36056
36059
36062
36068
36072
36087
36090
36092
36094
36103
36108
36113
36115
36118
36123
36140
36163
36176
36182
36193
36250
36307
36308
36366
36415
36440
36444
36456
36474
36476
36501
36505
36515
36621
36633
36647
36649
36652
36663
36666
36671
36674
36675
36686
36721
36730
36777
36790
36793
36816
36833
36856
36858
36867
36895
36932
37015
37020
37029
37040
37074
37234
37251
37257
37333
37341
37346
37352
37356
37379
37406
37453
37461
37476
37484
37499
37506
37556
37561
37564
37566
37571
37580
37589
37591
37592
37596
37605
37608
37609
37613
37616
37622
37627
37628
37630
37632
37634
37635
37637
37642
37646
37648
37651
37655
37660
37661
37664
37667
37672
37675
37680
37686
37687
37689
37695
37698
37702
37704
37706
37709
37713
37715
37717
37719
37759
37763
37820
37821
37824
37826
37873
37875
37878
37879
37885
37887
37888
37889
37891
37893
37895
37900
37902
37905
37909
37917
37923
37924
37925
37927
37932
37934
37936
37937
37940
37944
37945
37964
38012
38034
38041
38079
38088
38098
38113
38164
38192
38195
38196
38198
38199
38202
38205
38207
38211
38213
38243
38330
38355
38385
38420
38422
38427
38428
38432
38433
38434
38435
38437
38438
38443
38444
38449
38475
38498
38562
38567
38578
38630
38692
38701
38723
38782
38851
38871
38919
38922
38936
38937
38945
38949
38956
38958
38960
38966
38968
38970
38971
38974
38976
38977
38982
38984
38986
38988
38990
38999
39007
39026
39028
39030
39034
39036
39037
39038
39046
39068
39123
39133
39154
39204
39206
39209
39212
39220
39246
39247
39249
39250
39251
39257
39258
39262
39264
39265
39269
39272
39275
39332
39342
39344
39358
39372
39383
39404
39409
39410
39411
39417
39430
39447
39466
39489
39500
39515
39516
39521
39534
39582
39659
39692
39702
39717
39748
39768
39771
39772
39799
39818
39846
39905
39907
39910
39912
39917
39919
39922
39923
39927
39929
39944
39947
39954
39958
39959
39965
39969
40036
40096
40104
40119
40120
40151
40158
40229
40245
40271
40322
40373
40464
40482
40492
40515
40531
40544
40585
40588
40590
40593
40594
40601
40602
40604
40607
40608
40615
40616
40618
40620
40621
40624
40626
40628
40633
40636
40637
40639
40645
40647
40649
40651
40656
40657
40661
40663
40664
40666
40668
40671
40672
40674
40676
40680
40683
40684
40685
40686
40690
40692
40693
40694
40698
40701
40702
40703
40704
40706
40707
40710
40711
40712
40716
40717
40719
40721
40722
40724
40726
40728
40731
40733
40782
40788
40799
40823
40826
40856
40904
40944
40953
40955
40956
40958
40960
40968
40971
40991
41015
41074
41115
41117
41144
41148
41157
41160
41240
41241
41254
41255
41259
41263
41268
41272
41276
41285
41289
41292
41294
41295
41335
41345
41368
41371
41402
41421
41464
41537
41550
41551
41553
41554
41557
41560
41561
41563
41564
41597
41612
41628
41645
41651
41652
41655
41657
41658
41660
41666
41681
41720
41839
41867
41871
41874
41885
41900
41903
41907
41908
41921
42001
42080
42088
42091
42160
42169
42218
42244
42275
42279
42280
42282
42283
42285
42287
42289
42291
42292
42295
42300
42304
42305
42308
42310
42312
42314
42315
42318
42321
42327
42364
42371
42374
42482
42487
42536
42551
42610
42620
42639
42677
42721
42766
42770
42830
42839
42841
42851
42904
42996
43043
43058
43101
43108
43116
43173
43222
43224
43225
43232
43240
43250
43259
43260
43272
43280
43291
43303
43381
43413
43485
43488
43547
43552
43553
43555
43557
43591
43593
43650
43665
43745
43775
43794
43797
43820
43848
43859
43908
43909
43914
43916
43922
43937
44019
44103
44228
44233
44311
44321
44357
44378
44382
44388
44389
44391
44392
44395
44401
44404
44405
44409
44411
44412
44415
44419
44422
44434
44470
44516
44519
44527
44579
44689
44741
44750
44790
44810
44827
44832
44834
44846
44944
44982
44999
45053
45110
45113
45115
45144
45184
45209
45326
45382
45417
45448
45458
45459
45497
45526
45530
45573
45582
45584
45685
45689
45693
45695
45698
45700
45704
45705
45707
45708
45709
45713
45714
45716
45717
45718
45722
45723
45737
45785
45786
45794
45796
45799
45807
45808
45812
45822
45823
45824
45872
45904
45917
45938
45939
45941
45943
45944
45948
45950
46146
46196
46197
46209
46254
46272
46274
46275
46281
46284
46290
46293
46295
46300
46301
46302
46308
46311
46316
46332
46349
46350
46353
46357
46361
46386
46449
46459
46472
46489
46492
46522
46557
46572
46605
46608
46649
46659
46677
46719
46742
46766
46830
46869
46907
46937
47005
47055
47058
47060
47061
47063
47090
47174
47242
47249
47308
47312
47322
47364
47381
47422
47467
47504
47508
47519
47524
47582
47631
47637
47652
47654
47658
47669
47710
47714
47717
47719
47727
47734
47736
47739
47740
47741
47743
47745
47752
47755
47766
47768
47777
47779
47784
47792
47798
47889
48036
48082
48083
48158
48172
48175
48179
48219
48230
48233
48239
48257
48261
48269
48285
48293
48304
48306
48314
48322
48323
48329
48344
48345
48347
48348
48354
48357
48361
48367
48376
48381
48382
48390
48391
48404
48413
48419
48467
48506
48521
48540
48582
48592
48618
48676
48677
48711
48783
48789
48801
48804
48817
48825
48831
48833
48837
48841
48843
48849
48853
48855
48861
48868
48877
48879
48880
48883
48885
48888
48889
48890
48891
48895
48896
48897
48901
48914
48915
48919
48921
48923
48949
48985
48999
49003
49011
49014
49021
49022
49027
49032
49033
49036
49043
49053
49059
49079
49081
49082
49088
49090
49096
49097
49101
49105
49116
49121
49124
49131
49142
49143
49144
49146
49154
49164
49166
49168
49169
49170
49180
49181
49189
49195
49199
49207
49208
49212
49219
49243
49246
49277
49279
49282
49303
49308
49315
49320
49321
49329
49349
49363
49365
49387
49392
49404
49412
49415
49424
49432
49435
49442
49445
49448
49451
49453
49458
49471
49487
49490
49505
49517
49518
49528
49531
49547
49562
49584
49585
49590
49595
49597
49606
49613
49663
49665
49668
49690
49698
49702
49708
49724
49732
49765
49827
49842
49899
49915
49930
49936
49939
49957
49962
49963
49989
50056
50083
50097
50098
50100
50117
50121
50138
50140
50154
50155
50158
50159
50167
50168
50169
50171
50172
50174
50176
50177
50187
50199
50206
50224
50235
50241
50252
50254
50266
50270
50274
50275
50276
50278
50295
50296
50306
50311
50316
50318
50325
50326
50332
50334
50336
50340
50343
50345
50349
50350
50359
50371
50395
50403
50410
50422
50431
50435
50438
50441
50444
50465
50470
50475
50482
50489
50501
50502
50504
50520
50531
50556
50563
50568
50614
50653
50671
50693
50722
50758
50778
50847
50866
50886
50908
50926
50928
50934
50943
50953
50955
50962
50967
50981
50991
51086
51134
51178
51202
51215
51218
51265
51302
51307
51321
51363
51372
51376
51394
51418
51524
51534
51551
51564
51586
51602
51696
51733
51757
51770
51790
51794
51797
51802
51808
51810
51841
51858
51863
51876
51892
51910
51922
51955
51992
52050
52053
52103
52152
52156
52165
52172
52175
52182
52184
52186
52190
52191
52195
52196
52198
52205
52207
52208
52209
52210
52214
52216
52218
52222
52224
52225
52229
52231
52233
52242
52248
52249
52262
52263
52270
52278
52279
52283
52302
52304
52312
52315
52322
52328
52332
52357
52376
52425
52433
52504
52527
52615
52683
52696
52762
52772
52820
52996
53003
53009
53012
53014
53020
53021
53076
53123
53146
53154
53170
53195
53197
53198
53202
53205
53215
53216
53220
53227
53238
53258
53262
53266
53270
53275
53281
53283
53292
53293
53303
53335
53337
53338
53339
53340
53341
53343
53345
53346
53348
53350
53354
53357
53358
53364
53365
53369
53370
53371
53376
53379
53380
53382
53386
53387
53390
53393
53394
53397
53399
53402
53403
53405
53412
53415
53416
53418
53419
53422
53423
53425
53426
53427
53429
53432
53434
53437
53438
53440
53442
53445
53447
53449
53451
53454
53455
53456
53457
53501
53517
53540
53550
53588
53603
53648
53740
53795
53997
54132
54140
54155
54178
54196
54228
54232
54260
54288
54298
54346
54351
54426
54560
54565
54584
54586
54612
54623
54630
54679
54680
54682
54692
54707
54732
54811
54831
54833
54838
54841
54844
54889
54969
54984
55003
55022
55023
55037
55038
55040
55041
55045
55046
55049
55072
55076
55094
55097
55100
55101
55164
55167
55169
55172
55178
55179
55183
55194
55199
55208
55271
55395
55397
55404
55407
55409
55461
55462
55465
55510
55525
55529
55535
55549
55557
55558
55572
55578
55580
55584
55586
55613
55658
55692
55695
55697
55701
55704
55707
55711
55718
55725
55729
55733
55738
55746
55794
55846
55975
56240
56259
56260
56279
56300
56322
56407
56451
56492
56504
56516
56525
56582
56598
56601
56602
56758
56871
56926
56936
56942
56953
56956
56958
57015
57017
57034
57035
57037
57038
57052
57053
57056
57060
57062
57065
57069
57077
57136
57196
57197
57199
57200
57205
57217
57222
57227
57234
57239
57242
57245
57250
57253
57255
57258
57261
57268
57270
57278
57284
57286
57287
57289
57322
57327
57329
57333
57338
57352
57354
57358
57461
57475
57488
57490
57495
57497
57584
57602
57644
57659
57662
57737
57769
57801
57806
57815
57822
57842
57852
57854
57857
57863
57868
57871
57873
57874
57878
57886
57893
57895
57897
57906
57914
57920
57924
57929
57939
57941
57944
57956
57957
57963
57964
57970
57973
57975
57976
57986
57994
58002
58007
58024
58067
58170
58217
58228
58252
58254
58255
58259
58263
58266
58270
58291
58293
58299
58306
58326
58335
58341
58425
58436
58465
58502
58529
58723
58724
58726
58729
58737
58738
58745
58750
58759
58769
58790
58794
58797
58810
58815
58835
58836
58837
58908
58955
59038
59043
59047
59048
59053
59055
59059
59060
59067
59068
59071
59072
59075
59084
59085
59090
59098
59099
59101
59102
59106
59109
59110
59113
59124
59125
59128
59134
59136
59137
59142
59153
59157
59169
59170
59171
59175
59185
59190
59196
59220
59288
59289
59312
59380
59382
59383
59393
59415
59430
59432
59436
59438
59444
59445
59456
59496
59500
59511
59525
59527
59538
59550
59551
59573
59589
59599
59617
59624
59741
59787
59798
59922
59953
59965
59970
59992
59999
60015
60038
60097
60127
60176
60218
60238
60286
60438
60479
60487
60498
60505
60517
60543
60561
60589
60627
60629
60631
60632
60751
60817
60835
60849
60877
60928
60968
61006
61078
61153
61277
61296
61300
61306
61312
61372
61478
61621
61627
61750
61759
61764
61769
61772
61775
61778
61787
61789
61794
61798
61799
61800
61802
61808
61809
61810
61815
61817
61820
61823
61838
61846
61851
61854
61858
61870
61880
61884
61885
61897
61900
61910
61928
61932
61934
61941
61950
61955
61985
62051
62092
62151
62178
62207
62226
62239
62246
62255
62278
62284
62287
62294
62297
62300
62309
62318
62320
62322
62334
62339
62342
62347
62358
62366
62373
62374
62382
62388
62389
62394
62397
62398
62400
62402
62410
62411
62414
62418
62422
62423
62442
62470
62496
62536
62610
62613
62614
62615
62616
62751
62805
62908
62953
62963
62964
62971
63000
63019
63024
63030
63044
63052
63057
63073
63075
63077
63082
63086
63089
63092
63099
63104
63110
63116
63119
63124
63129
63157
63224
63241
63321
63328
63331
63394
63399
63405
63418
63420
63429
63433
63440
63442
63455
63456
63457
63462
63468
63470
63471
63473
63478
63484
63489
63492
63497
63511
63518
63522
63530
63532
63534
63536
63540
63545
63549
63550
63560
63573
63577
63581
63588
63603
63611
63616
63624
63635
63658
63670
63697
63706
63709
63714
63724
63734
63758
63760
63765
63772
63778
63781
63788
63792
63794
63799
63804
63811
63814
63821
63825
63828
63838
63840
63852
63854
63859
63865
63870
63873
63874
63877
63879
63881
63888
63897
63901
63912
63915
63917
63919
63923
63931
63934
63959
63971
63988
63998
64001
64008
64009
64011
64017
64020
64231
64304
64618
64662
64778
64804
64827
64924
64926
64929
64963
64997
65057
65100
65185
65283
65463
65493
65511
65524
65555
65587
65608
65650
65680
65768
65795
65918
66381
66397
66436
66488
66490
66495
66497
66500
66508
66510
66514
66525
66530
66532
66538
66545
66549
66550
66552
66557
66563
66597
66598
66668
66777
66779
66781
66782
66788
66795
66796
66797
66800
66801
66803
66814
66837
66905
67015
67029
67059
67192
67221
67322
67345
67348
67354
67452
67474
67518
67531
67758
67776
67866
67906
67908
67910
67960
67986
68089
68100
68103
68152
68184
68237
68269
68271
68275
68280
68290
68302
68303
68305
68320
68332
68337
68340
68345
68358
68359
68362
68364
68378
68416
68422
68621
68775
69107
69172
69174
69176
69183
69271
69364
69389
69440
69469
69476
69482
69494
69500
69518
69520
69541
69548
69575
69585
69597
69601
69602
69606
69609
69611
69618
69623
69626
69627
69629
69633
69648
69651
69665
69669
69679
69681
69691
69739
69854
69874
69969
70038
70039
70041
70081
70163
70205
70249
70251
70253
70519
70541
70687
70880
70963
71071
71117
71123
71132
71135
71141
71147
71150
71155
71159
71165
71171
71185
71186
71190
71194
71203
71209
71222
71227
71243
71382
71519
71775
71793
72092
72094
72104
72121
72135
72330
72449
72489
72560
72565
72589
72631
72841
72865
73212
73338
73398
73570
73571
73597
73598
73660
73729
73763
73861
73880
73884
73886
73892
73894
73897
73904
73906
73908
73912
73913
73915
73918
73922
73925
73930
74062
74151
74211
74259
74326
74778
74801
74978
74985
74994
75001
75006
75007
75009
75010
75011
75017
75019
75024
75026
75028
75036
75040
75041
75049
75054
75063
75065
75067
75080
75088
75112
75114
75115
75130
75136
75141
75165
75174
75177
75179
75183
75422
75506
75510
75514
75520
75696
75805
75816
75972
76069
76179
76710
77344
77524
77592
77784
77954
77957
77991
78419
78572
78644
78723
78773
78774
78788
78790
78796
78843
78847
78852
78861
78882
78885
78896
78970
79273
79416
79456
79697
79761
