0
21
23
24
40
51
85
89
96
101
122
128
131
147
159
161
173
184
192
209
210
213
214
215
224
228
241
244
253
259
268
277
278
280
288
302
306
309
340
367
374
375
376
404
417
423
428
435
462
479
487
491
499
507
517
521
537
542
548
554
570
573
582
584
608
627
630
639
661
677
697
718
721
733
758
766
809
818
820
840
851
857
880
884
898
906
921
931
935
945
972
986
999
1003
1004
1017
1023
1050
1055
1070
1084
1102
1103
1112
1114
1136
1141
1142
1152
1173
1179
1197
1229
1239
1245
1272
1277
1279
1281
1314
1321
1324
1326
1345
1360
1394
1399
1407
1421
1429
1445
1448
1464
1471
1473
1480
1500
1510
1520
1527
1536
1543
1545
1550
1557
1583
1602
1621
1640
1641
1644
1652
1660
1670
1685
1687
1693
1708
1753
1756
1769
1784
1792
1798
1825
1840
1876
1891
1913
1932
1942
1965
1966
2020
2028
2042
2050
2059
2098
2118
2158
2170
2186
2225
2259
2288
2289
2307
2315
2331
2332
2348
2362
2369
2413
2447
2451
2476
2502
2516
2527
2528
2568
2576
2589
2596
2619
2660
2675
2676
2697
2712
2726
2740
2764
2786
2814
2831
2832
2839
2843
2851
2891
2893
2897
2905
2929
2930
2941
2985
3052
3055
3072
3093
3107
3121
3134
3164
3170
3176
3178
3198
3233
3240
3282
3302
3312
3321
3325
3347
3361
3374
3417
3450
3470
3486
