0
0
10
22
37
88
90
103
104
141
149
150
154
170
175
193
200
240
244
257
264
287
292
300
301
346
374
385
392
407
415
450
465
469
470
483
489
491
505
506
508
520
522
526
528
536
546
555
559
561
580
591
597
600
618
620
674
725
735
743
751
792
798
802
862
868
896
909
969
976
983
1001
1028
1043
1044
1072
1073
1075
1095
1125
1164
1204
1254
1332
1343
1394
1436
1482
1485
1500
1507
1517
1518
1526
1530
1537
1555
1564
1570
1590
1613
1614
1650
1680
1684
1694
1704
1710
1736
1811
1875
1876
1886
1887
1916
1932
1998
2014
2015
2036
2055
2073
2087
2114
2155
2180
2198
2209
2210
2220
2222
2240
2264
2305
2309
2319
2380
2383
2390
2393
2398
2400
2426
2441
2454
2460
2463
2465
