0 47
0 9
0 8
2 47
2 49
3 47
2 8
3 8
4 8
1 9
1 8
0 49
2 6
4 47
1 47
3 49
2 40
0 45
1 49
3 6
0 6
0 44
1 45
2 9
4 49
2 23
1 6
0 23
0 27
1 44
3 9
4 9
1 23
0 40
0 7
2 14
2 45
0 24
3 40
2 31
3 14
2 27
0 3
1 27
3 45
1 3
1 40
0 32
1 7
1 24
2 3
0 29
2 44
2 32
3 32
1 29
1 32
0 31
3 3
1 31
0 14
0 42
2 29
4 3
2 42
0 21
1 14
1 42
2 39
3 44
2 21
2 43
1 21
0 36
0 2
3 27
0 5
4 45
2 7
0 22
1 36
0 25
3 29
2 48
3 21
3 39
2 2
1 25
1 5
0 15
4 14
0 38
0 13
4 6
2 34
4 40
2 15
2 13
4 44
3 13
2 5
2 24
1 13
4 13
4 27
1 15
0 16
1 38
1 22
4 39
2 0
2 22
0 0
4 32
3 24
3 42
3 7
3 23
3 0
2 38
4 21
1 0
0 28
0 19
1 2
1 16
4 42
2 16
1 19
0 43
4 29
1 43
0 39
4 7
3 31
4 0
0 35
3 38
3 34
4 23
1 35
1 39
3 43
3 15
0 34
1 28
0 17
4 24
2 25
0 30
1 34
1 17
3 22
2 20
2 1
0 48
0 1
0 20
1 30
3 25
4 31
3 20
3 5
2 17
3 2
4 20
0 4
1 20
4 15
4 25
1 1
1 4
0 11
2 33
2 10
2 4
4 5
1 11
0 37
1 48
2 37
2 36
0 33
1 37
0 12
0 26
3 37
3 16
3 1
1 12
3 36
4 43
0 18
1 33
1 26
2 26
3 33
3 4
2 12
3 12
2 35
1 18
0 10
3 35
3 17
1 10
0 41
4 12
2 19
2 18
0 46
1 41
4 4
3 19
3 10
4 22
1 46
2 11
4 16
4 38
2 28
2 41
4 2
3 48
4 33
4 36
2 30
3 30
4 34
4 17
4 19
4 35
3 28
2 46
3 18
4 48
4 28
3 11
3 26
4 26
4 11
3 41
4 1
4 37
3 46
4 30
4 10
4 18
4 41
4 46

Score: 211.57890961145765