0
2
5
6
19
28
31
38
41
44
45
46
47
48
62
63
66
74
82
84
85
88
103
120
122
124
128
130
132
133
134
136
139
140
143
145
147
148
149
150
159
161
162
163
164
169
170
172
175
178
180
181
183
185
189
193
195
196
200
202
208
209
226
228
230
232
235
238
241
277
288
291
311
319
359
368
384
385
388
389
408
415
417
419
454
469
480
513
520
522
526
528
532
533
536
556
577
581
614
617
620
622
623
627
630
638
639
647
648
652
675
693
710
734
735
737
746
760
765
766
768
785
803
813
815
819
836
872
873
877
881
882
885
892
903
904
906
908
910
911
922
932
935
951
957
963
965
968
969
973
988
990
991
1003
1006
1010
1024
1039
1048
1057
1073
1101
1104
1105
1107
1109
1111
1115
1117
1118
1123
1142
1145
1147
1152
1155
1157
1161
1165
1168
1173
1174
1181
1184
1186
1188
1197
1205
1206
1208
1210
1211
1214
1220
1222
1225
1227
1231
1232
1235
1238
1240
1241
1272
1278
1283
1285
1286
1291
1293
1295
1305
1306
1313
1317
1325
1326
1330
1341
1342
1347
1350
1351
1353
1354
1357
1359
1361
1363
1365
1369
1382
1384
1387
1391
1395
1399
1401
1402
1403
1406
1407
1409
1411
1412
1416
1423
1426
1430
1432
1433
1434
1435
1438
1440
1443
1445
1449
1451
1455
1461
1464
1508
1512
1513
1515
1517
1518
1523
1525
1529
1531
1542
1546
1553
1580
1600
1602
1603
1609
1612
1613
1616
1617
1618
1619
1621
1624
1628
1632
1635
1639
1642
1651
1653
1656
1680
1684
1688
1713
1725
1726
1731
1732
1737
1741
1742
1744
1746
1747
1749
1766
1771
1772
1774
1777
1783
1788
1790
1794
1798
1799
1800
1804
1808
1810
1811
1814
1816
1822
1827
1830
1832
1836
1874
1883
1884
1885
1888
1890
1892
1896
1899
1900
1902
1903
1905
1907
1911
1915
1918
1919
1921
1927
1936
1939
1942
1943
1946
1969
1974
1975
1984
1985
1988
2009
2012
2016
2020
2029
2044
2051
2101
2121
2151
2154
2160
2161
2163
2166
2200
2203
2205
2214
2223
2229
2230
2232
2237
2238
2277
2291
2304
2312
2313
2314
2317
2318
2320
2322
2326
2328
2331
2336
2338
2339
2342
2343
2345
2348
2391
2394
2396
2398
2400
2406
2407
2408
2411
2426
2470
2480
2527
2538
2547
2553
2563
2635
2655
2656
2689
2708
2709
2719
2722
2723
2724
2725
2727
2729
2733
2734
2735
2737
2742
2748
2749
2751
2753
2754
2756
2757
2759
2760
2787
2789
2805
2813
2819
2820
2821
2830
2833
2836
2838
2840
2841
2842
2843
2847
2850
2852
2857
2859
2865
2868
2870
2871
2873
2875
2878
2880
2881
2884
2916
2917
2922
2924
2931
2969
2978
2998
3002
3005
3058
3066
3067
3081
3092
3093
3098
3100
3103
3105
3106
3108
3130
3133
3154
3165
3167
3178
3181
3185
3219
3220
3221
3222
3224
3225
3226
3228
3230
3233
3235
3246
3247
3249
3252
3258
3260
3265
3276
3278
3296
3298
3299
3300
3305
3313
3314
3317
3319
3322
3328
3330
3331
3333
3338
3343
3346
3348
3355
3362
3367
3379
3383
3387
3406
3423
3432
3442
3443
3448
3451
3452
3454
3474
3485
3487
3493
3498
3526
3541
3548
3549
3553
3557
3559
3560
3568
3569
3587
3609
3613
3625
3630
3633
3636
3637
3674
3681
3699
3718
3719
3725
3727
3731
3750
3758
3762
3766
3771
3773
3776
3782
3788
3795
3813
3822
3827
3836
3839
3844
3852
3853
3857
3863
3866
3868
3871
3875
3878
3892
3895
3931
3939
3940
3944
3945
3947
3957
3971
3981
3986
3995
4032
4033
4038
4046
4059
4091
4092
4094
4096
4099
4110
4127
4154
4166
4171
4177
4197
4210
4219
4243
4309
4324
4342
4345
4348
4354
4355
4359
4361
4362
4365
4367
4371
4373
4374
4380
4381
4384
4385
4388
4389
4390
4393
4394
4397
4398
4401
4402
4404
4413
4424
4427
4437
4450
4476
4492
4493
4499
4501
4502
4508
4522
4562
4565
4576
4579
4583
4584
4585
4591
4598
4599
4604
4612
4614
4619
4623
4626
4632
4635
4637
4639
4640
4641
4642
4645
4647
4649
4651
4669
4673
4724
4742
4795
4801
4804
4806
4809
4810
4813
4815
4816
4817
4819
4822
4828
4829
4832
4839
4843
4879
4884
4885
4888
4923
4951
4952
4960
4971
4988
4993
5001
5003
5007
5010
5011
5013
5069
5071
5082
5130
5132
5145
5146
5148
5164
5166
5194
5202
5207
5208
5266
5367
5378
5383
5389
5408
5414
5436
5441
5442
5444
5447
5449
5470
5472
5481
5483
5485
5487
5529
5535
5553
5559
5579
5583
5588
5589
5592
5597
5662
5683
5751
5753
5759
5767
5777
5780
5786
5814
5822
5823
5831
5838
5871
5875
5896
5899
5931
5938
5973
5978
5982
5984
5988
5992
5997
6003
6005
6006
6008
6012
6013
6018
6024
6025
6028
6030
6033
6034
6036
6040
6046
6047
6059
6063
6069
6090
6091
6094
6115
6118
6119
6124
6125
6132
6136
6138
6143
6144
6154
6159
6160
6185
6268
6271
6283
6285
6306
6318
6324
6334
6383
6396
6404
6411
6440
6473
6497
6500
6576
6595
6613
6619
6657
6669
6695
6724
6750
6773
6782
6800
6848
6849
6850
6852
6853
6854
6863
6867
6874
6884
6896
6904
6905
6906
6911
6914
6918
6919
6922
6925
6934
6935
6940
6943
6956
6957
6962
6963
6968
6973
6979
6992
7009
7036
7053
7075
7106
7114
7117
7118
7125
7126
7130
7133
7136
7137
7139
7142
7145
7148
7151
7153
7157
7158
7161
7162
7164
7165
7168
7171
7173
7182
7186
7187
7189
7191
7193
7196
7198
7199
7203
7204
7206
7209
7213
7214
7241
7247
7251
7255
7259
7290
7292
7335
7350
7352
7353
7356
7358
7360
7365
7370
7372
7374
7375
7376
7380
7383
7384
7398
7410
7414
7416
7418
7419
7420
7448
7473
7474
7478
7480
7483
7486
7489
7492
7493
7548
7549
7564
7567
7570
7571
7572
7589
7596
7608
7618
7652
7682
7700
7713
7733
7736
7744
7748
7752
7768
7799
7832
7841
7871
7881
7882
7891
7907
7908
7933
7951
8014
8025
8042
8067
8068
8123
8150
8158
8174
8210
8225
8234
8239
8240
8243
8246
8247
8254
8263
8269
8277
8304
8329
8340
8352
8375
8423
8428
8453
8470
8472
8474
8489
8514
8538
8541
8551
8554
8567
8590
8599
8608
8615
8624
8641
8644
8647
8650
8651
8676
8692
8693
8698
8706
8710
8714
8722
8727
8728
8729
8735
8736
8738
8741
8743
8745
8747
8748
8752
8753
8755
8756
8759
8782
8787
8846
8887
8912
8924
8939
8942
8997
9031
9033
9059
9100
9128
9134
9162
9167
9174
9220
9232
9236
9249
9265
9273
9314
9318
9327
9372
9381
9440
9451
9468
9505
9549
9574
9595
9609
9644
9666
9672
9678
9690
9692
9693
9696
9699
9700
9702
9760
9774
9803
9836
9848
9866
9891
9892
9897
9911
9913
9948
9986
9988
10016
10017
10019
10021
10026
10028
10033
10035
10039
10042
10043
10047
10049
10050
10051
10052
10053
10054
10057
10058
10059
10071
10120
10145
10222
10225
10277
10307
10345
10356
10371
10393
10401
10404
10412
10413
10414
10419
10426
10447
10476
10481
10501
10526
10540
10564
10578
10579
10588
10598
10615
10618
10628
10649
10664
10675
10715
10727
10778
10808
10888
10980
10989
11006
11016
11059
11064
11089
11099
11104
11134
11139
11159
11186
11207
11217
11223
11224
11230
11242
11246
11256
11278
11289
11291
11294
11295
11296
11297
11299
11304
11306
11308
11309
11347
11378
11391
11401
11426
11443
11446
11472
11503
11564
11604
11611
11615
11616
11634
11644
11667
11677
11691
11694
11695
11697
11712
11716
11741
11743
11744
11759
11767
11768
11770
11778
11780
11797
11827
11832
11863
11906
11908
11931
11932
11948
11960
11978
12005
12012
12018
12023
12025
12027
12028
12034
12035
12045
12049
12052
12057
12059
12060
12084
12129
12133
12144
12152
12153
12156
12163
12176
12179
12188
12193
12197
12199
12205
12210
12235
12242
12272
12304
12331
12346
12347
12351
12359
12396
12417
12448
12459
12461
12471
12473
12479
12502
12521
12522
12526
12531
12532
12536
12540
12547
12550
12552
12555
12564
12566
12569
12573
12576
12578
12580
12585
12590
12596
12603
12614
12620
12648
12662
12694
12715
12751
12768
12783
12793
12794
12816
12823
12832
12848
12858
12861
12865
12866
12868
12871
12872
12876
12877
12880
12883
12886
12889
12891
12892
12895
12900
12902
12909
12921
12939
12954
12982
13013
13034
13047
13116
13123
13164
13199
13211
13233
13266
13297
13324
13335
13343
13363
13403
13423
13466
13475
13477
13480
13483
13487
13492
13495
13498
13503
13504
13508
13513
13534
13548
13561
13562
13665
13737
13741
13747
13750
13752
13755
13757
13763
13764
13768
13769
13772
13773
13795
13893
13962
13971
13976
14020
14030
14071
14088
14095
14142
14191
14283
14305
14372
14388
14415
14439
14462
14475
14485
14628
14638
14687
14710
14721
14722
14730
14762
14767
14802
14830
14835
14893
14938
14944
14958
15001
15086
15141
15228
15234
15235
15238
15239
15240
15241
15244
15247
15312
15411
15414
15421
15422
15424
15427
15430
15432
15434
15438
15439
15441
15443
15444
15449
15453
15454
15459
15462
15463
15468
15473
15479
15481
15484
15486
15488
15491
15495
15500
15501
15506
15509
15513
15516
15524
15530
15532
15538
15539
15544
15547
15549
15550
15551
15581
15588
15605
15752
15828
15895
15927
15988
16021
16048
16080
16139
16183
16230
16284
16326
16329
16333
16356
16475
16525
16543
16601
16703
16722
16728
16730
16732
16734
16735
16736
16741
16742
16744
16778
16850
16859
16862
16883
16977
16991
16998
17210
17257
17262
17295
17359
17435
17501
17511
17542
17589
17660
17663
17664
17667
17669
17687
17714
17770
17779
17828
17852
17855
17877
17898
17937
17941
17971
18003
18185
18197
18332
18437
18468
18490
18578
18721
18735
18754
18759
18769
18771
18773
18777
18960
18974
18975
18978
18979
18981
18983
18987
18988
19014
19023
19025
19155
19197
19290
19331
19391
19447
19463
19480
19529
19606
19674
19676
19694
19732
19759
19762
19817
19835
19849
