0
1232
1255
1258
1275
1284
1288
1289
1290
1293
1325
1338
1341
1342
1344
1347
1369
1385
1396
1400
1401
1439
1440
1443
1445
1454
1462
1467
1469
1470
1475
1527
1530
1532
1572
1580
1582
1588
1675
1679
1755
1772
1778
1779
1826
1827
1829
1831
1833
1839
1850
1859
1869
1875
1894
1901
1902
1904
1905
1911
1913
1914
1915
1916
1920
1922
1923
1925
1929
1930
1941
1968
1988
1993
2009
2040
2051
2059
2091
2099
2121
2125
2126
2195
2262
2287
2290
2313
2322
2323
2331
2343
2358
2379
2382
2409
2435
2466
2470
2484
2488
2561
2594
2601
2611
2613
2614
2639
2644
2681
2686
2717
2724
2740
2743
2746
2774
2775
2778
2798
2809
2835
2849
2867
2868
2875
2878
2965
3019
3022
3029
3065
3085
3089
3105
3134
3144
3145
3190
3246
3249
3254
3277
3296
3304
3311
3313
3315
3316
3368
3397
3405
3409
3415
3416
3423
3425
3446
3448
3457
3511
3512
3514
3515
3516
3517
3519
3551
3579
3582
3589
3638
3654
3687
3691
3723
3755
3769
3789
3791
3796
3799
3804
3807
3893
3895
3931
3963
3982
3985
3992
4010
4091
4093
4094
4096
4098
4099
4115
4171
4192
4194
4196
4198
4201
4251
4292
4298
4299
4342
4351
4353
4354
4373
4398
4400
4404
4417
4446
4450
4452
4455
4459
4460
4464
4467
4468
4489
4493
4512
4526
4546
4566
4645
4656
4669
4690
4726
4732
4827
4855
4934
4977
4978
5020
5052
5069
5075
5076
5078
5079
5081
5082
5092
5093
5095
5097
5151
5154
5158
5160
5164
5166
5167
5168
5174
5178
5181
5188
5209
5227
5244
5265
5295
5297
5298
5301
5304
5305
5306
5307
5349
5374
5379
5397
5408
5411
5415
5416
5417
5422
5423
5424
5426
5427
5462
5544
5545
5594
5628
5658
5721
5738
5741
5742
5744
5795
5849
5854
5859
5864
5865
5873
5874
5876
5906
5947
5984
5995
6007
6020
6114
6115
6117
6118
6119
6122
6123
6124
6125
6135
6138
6230
6279
6295
6371
6377
6452
6530
6548
6628
6633
6678
6687
6694
6709
6718
6780
6781
6782
6796
6799
6890
6909
6950
6982
6989
7040
7074
7075
7100
7112
7149
7166
7189
7192
7226
7241
7310
7331
7407
7408
7427
7518
7520
7533
7542
7572
7623
7633
7686
7690
7787
7822
7870
7885
7889
7928
7938
7953
7987
7997
8112
8114
8119
8122
8123
8129
8130
8136
8139
8170
8199
8321
8334
8398
8425
8426
8428
8436
8494
8551
8571
8589
8624
8652
8655
8657
8661
8671
8772
8805
8920
8928
8953
9000
9022
9024
9025
9026
9052
9062
9071
9078
9079
9087
9129
9135
9151
9199
9231
9282
9316
9319
9373
9405
9413
9420
9444
9450
9451
9456
9524
9537
9580
9628
9711
9723
9761
9785
9788
9803
9838
9840
9845
9959
9970
9971
9982
9998
10000
10019
10045
10055
10092
10160
10169
10175
10229
10278
10291
10315
10333
10347
10370
10384
10507
10546
10677
10723
10764
10832
11042
11045
11049
11071
11095
11105
11111
11151
11152
11211
11263
11296
11307
11411
11424
11429
11476
11506
11569
11578
11605
11638
11650
11709
11716
11767
11916
11920
11921
11925
11932
11947
11982
12033
12074
12094
12153
12225
12232
12287
12296
12344
12375
12421
12422
12477
12499
12526
12670
12674
12684
12710
12869
12981
12996
13003
13010
13045
13068
13072
13074
13152
13191
13225
13230
13309
13388
13396
13475
13558
13597
13625
13645
13650
13658
13689
13715
13726
13739
13771
13915
13940
14042
14046
14048
14282
14312
14377
14378
14399
14402
14403
14405
14462
14471
14474
14481
14519
14590
14648
14650
14676
14710
14714
14766
14803
14831
14861
14887
14927
14952
14975
15003
15080
15120
15195
15200
15265
15299
15361
15430
15506
15677
15697
15709
15760
15803
15864
15907
16013
16018
16043
16212
16256
16259
16288
16307
16343
16344
16432
16473
16485
16677
