0
11
13
15
36
38
39
55
63
89
91
95
96
101
104
131
145
150
161
173
181
200
210
212
213
214
218
220
226
230
243
261
268
271
278
281
288
290
299
301
306
323
327
337
345
351
355
360
366
367
380
386
400
408
414
417
425
442
447
451
464
469
477
480
505
509
519
523
525
530
531
552
557
565
567
573
578
584
586
589
595
605
611
628
629
635
640
643
659
666
677
684
689
693
694
696
706
722
723
729
734
749
750
763
770
783
791
795
805
806
811
815
826
836
840
845
858
873
874
892
900
906
911
921
936
965
976
977
978
984
993
997
1001
1004
1015
1021
1027
1045
1055
1061
1063
1074
1085
1087
1088
1091
1097
1105
1113
1114
1123
1126
1142
1151
1154
1161
1175
1190
1195
1198
1209
1212
1229
1237
1244
1253
1265
1272
1278
1296
1315
1336
1347
1353
1356
1358
1365
1376
1395
1396
1402
1429
1434
1435
1449
1456
1461
1465
1476
1488
1491
1492
1506
1513
1518
1522
1536
1539
1550
1571
1596
1632
