0 4
0 21
0 29
1 4
2 4
3 4
0 24
0 23
1 24
1 29
1 21
0 10
0 8
0 9
1 23
1 10
0 12
2 9
2 29
2 12
2 10
2 21
0 19
1 12
2 24
2 2
3 12
1 19
1 8
0 2
0 17
1 9
4 4
3 10
2 17
1 17
0 18
1 2
3 24
3 29
4 24
3 2
4 29
2 23
0 20
1 18
0 1
2 18
2 1
0 16
4 2
0 22
1 1
3 23
3 1
2 19
4 1
2 8
4 23
4 12
3 8
1 22
1 16
0 15
2 15
0 27
2 22
1 15
1 20
0 28
0 26
0 25
3 17
3 19
2 16
2 26
3 26
4 26
2 28
3 21
0 5
0 3
1 26
3 18
3 15
4 10
2 3
2 6
4 17
3 28
1 5
0 6
0 13
4 21
2 25
2 7
3 22
3 16
2 5
3 25
4 19
2 20
1 25
0 11
1 6
1 28
1 3
1 13
3 5
2 13
4 28
4 22
2 14
0 0
4 5
4 16
3 6
3 3
3 20
4 6
1 0
1 27
0 14
1 11
2 0
2 11
1 14
0 7
2 27
3 0
3 11
4 11
3 9
3 27
3 13
1 7
4 25
4 8
3 7
4 0
4 9
4 3
4 15
4 13
4 18
3 14
4 7
4 20
4 27
4 14

Score: 83.83000000000001