0
3
4
7
8
9
11
13
15
18
20
23
26
29
32
34
35
40
41
43
44
46
49
50
69
74
76
79
81
89
90
92
95
96
97
102
104
105
108
109
113
114
118
119
120
122
125
132
133
135
137
139
144
145
161
162
163
167
169
171
174
177
179
181
182
186
188
189
193
194
195
196
205
207
209
210
213
214
218
219
220
262
264
266
268
270
272
273
291
322
326
367
371
373
376
377
378
379
380
381
384
389
390
393
394
396
397
398
402
405
406
463
467
469
471
473
474
477
478
482
483
489
494
496
497
500
503
505
510
512
514
516
518
520
522
525
527
529
530
532
533
536
537
543
544
547
568
572
576
577
578
588
589
591
593
600
607
611
619
623
630
632
635
636
644
655
658
659
661
662
683
684
686
689
692
694
695
697
699
700
702
710
713
714
715
718
720
721
724
727
728
731
733
734
737
739
741
747
748
750
755
757
759
761
762
763
793
798
805
811
814
815
817
819
821
824
825
827
829
832
834
837
838
840
841
845
852
854
858
860
861
865
866
868
873
875
876
878
880
882
883
884
886
887
889
891
892
895
898
900
901
907
908
910
911
912
914
918
919
921
922
923
925
933
934
935
938
939
943
946
948
955
958
959
964
968
969
971
972
975
976
978
979
981
982
985
986
987
992
993
1001
1003
1012
1013
1015
1017
1018
1019
1021
1022
1024
1028
1031
1034
1035
1036
1037
1039
1041
1042
1045
1046
1049
1057
1060
1063
1064
1066
1069
1084
1111
1118
1119
1121
1125
1126
1131
1162
1167
1168
1171
1173
1174
1178
1180
1182
1183
1184
1187
1189
1192
1195
1196
1198
1200
1203
1204
1207
1210
1211
1213
1217
1219
1221
1223
1224
1226
1228
1231
1234
1235
1238
1240
1241
1242
1245
1252
1253
1254
1255
1257
1258
1259
1262
1266
1271
1272
1275
1278
1280
1281
1285
1289
1290
1291
1295
1296
1298
1300
1302
1303
1305
1306
1308
1309
1310
1315
1316
1317
1318
1319
1320
1321
1323
1327
1329
1332
1337
1339
1341
1342
1346
1347
1351
1352
1354
1355
1358
1361
1363
1365
1366
1370
1372
1374
1379
1382
1383
1385
1388
1389
1390
1410
1417
1434
1440
1441
1450
1461
1462
1530
1534
1537
1541
1544
1545
1546
1547
1558
1572
1580
1588
1590
1592
1594
1595
1597
1598
1599
1600
1601
1602
1617
1618
1621
1622
1635
1636
1637
1640
1644
1647
1648
1650
1652
1656
1658
1659
1660
1664
1665
1668
1669
1671
1674
1675
1678
1680
1681
1682
1685
1690
1691
1692
1694
1695
1698
1712
1729
1731
1732
1734
1735
1737
1738
1739
1749
1751
1752
1772
1776
1779
1782
1783
1786
1788
1789
1790
1792
1793
1794
1797
1799
1802
1803
1804
1805
1806
1808
1811
1813
1815
1817
1818
1820
1822
1824
1833
1837
1838
1839
1843
1844
1845
1847
1848
1851
1856
1858
1860
1866
1869
1870
1872
1874
1875
1876
1878
1881
1882
1884
1886
1887
1890
1891
1892
1894
1897
1898
1900
1902
1903
1906
1908
1911
1914
1917
1918
1919
1920
1922
1923
1931
1934
1936
1938
1940
1942
1944
1946
1947
1951
1952
1954
1955
1957
1958
1959
1961
1962
1963
1965
1966
1969
1970
1974
1975
1977
1980
1981
1984
1985
1988
1991
1993
1995
1998
2001
2004
2007
2010
2012
2013
2015
2018
2019
2020
2022
2024
2025
2027
2029
2030
2032
2033
2034
2035
2038
2039
2040
2042
2043
2044
2046
2048
2049
2052
2053
2055
2056
2057
2058
2062
2063
2064
2065
2068
2071
2073
2076
2077
2079
2081
2082
2086
2089
2090
2091
2092
2094
2095
2097
2101
2102
2106
2107
2108
2109
2111
2114
2116
2119
2123
2124
2125
2130
2132
2140
2145
2153
2165
2169
2170
2204
2256
2258
2267
2320
2323
2326
2328
2329
2333
2334
2336
2337
2340
2344
2346
2348
2351
2352
2354
2356
2357
2358
2361
2362
2364
2365
2368
2369
2370
2371
2372
2374
2377
2380
2381
2383
2388
2389
2391
2392
2394
2395
2396
2397
2399
2400
2401
2402
2404
2407
2411
2412
2413
2414
2415
2419
2421
2424
2425
2426
2429
2431
2434
2437
2438
2439
2440
2442
2446
2447
2452
2453
2455
2457
2460
2461
2463
2465
2470
2471
2472
2475
2476
2479
2480
2481
2483
2484
2486
2487
2492
2493
2496
2498
2502
2503
2504
2507
2509
2510
2512
2513
2519
2521
2524
2525
2527
2530
2532
2533
2535
2537
2538
2540
2541
2542
2543
2544
2546
2547
2549
2557
2560
2561
2563
2565
2566
2590
2594
2613
2618
2633
2634
2636
2639
2641
2648
2680
2732
2735
2736
2737
2739
2740
2741
2745
2746
2748
2750
2754
2757
2759
2761
2766
2767
2768
2769
2771
2773
2774
2775
2780
2787
2788
2795
2796
2797
2799
2800
2801
2802
2803
2804
2806
2807
2808
2833
2834
2839
2840
2843
2845
2846
2848
2849
2855
2867
2870
2871
2872
2873
2875
2878
2880
2883
2884
2888
2890
2893
2906
2907
2909
2917
2925
2930
2937
2938
2950
2985
2989
2993
3001
3004
3009
3013
3015
3016
3018
3021
3022
3023
3026
3028
3030
3037
3039
3042
3047
3049
3052
3056
3059
3061
3065
3068
3070
3074
3077
3078
3080
3083
3085
3088
3089
3090
3093
3095
3099
3102
3103
3105
3106
3107
3108
3110
3111
3113
3116
3118
3121
3122
3125
3127
3140
3145
3165
3167
3169
3170
3171
3173
3174
3224
3226
3229
3230
3238
3239
3241
3243
3244
3246
3250
3252
3261
3263
3265
3266
3267
3268
3275
3276
3280
3282
3283
3286
3288
3290
3291
3292
3298
3299
3302
3303
3304
3311
3318
3319
3323
3326
3328
3330
3332
3333
3367
3372
3374
3377
3379
3380
3381
3390
3393
3414
3422
3423
3426
3430
3437
3438
3439
3440
3442
3446
3447
3449
3450
3451
3454
3456
3501
3522
3619
3621
3667
3702
3704
3705
3708
3721
3723
3724
3726
3729
3731
3733
3740
3743
3744
3747
3749
3750
3752
3755
3756
3762
3767
3768
3770
3771
3772
3777
3781
3784
3791
3793
3794
3797
3835
3839
3841
3844
3845
3848
3851
3852
3855
3857
3859
3860
3884
3889
3890
3896
3897
3898
3905
3907
3909
3911
3914
3917
3919
3920
3923
3926
3930
3932
3935
3937
3941
3942
3943
3945
3946
3947
3949
3951
3953
3955
3958
3970
3973
3980
3998
4000
4001
4002
4003
4008
4011
4014
4016
4017
4019
4023
4024
4027
4029
4030
4031
4034
4059
4078
4126
4149
4160
4185
4187
4188
4189
4190
4192
4195
4198
4199
4210
4211
4215
4223
4225
4226
4228
4230
4235
4241
4242
4244
4248
4249
4252
4253
4255
4257
4259
4260
4262
4264
4266
4267
4270
4274
4277
4279
4280
4281
4282
4284
4293
4296
4297
4300
4309
4312
4314
4316
4317
4319
4322
4323
4325
4328
4329
4330
4332
4334
4336
4338
4339
4366
4397
4423
4429
4432
4433
4435
4438
4439
4442
4443
4446
4447
4449
4453
4455
4456
4458
4459
4460
4461
4473
4475
4476
4484
4485
4488
4491
4492
4495
4498
4499
4502
4506
4512
4513
4529
4532
4539
4551
4552
4561
4565
4566
4569
4590
4596
4600
4601
4604
4605
4606
4609
4610
4612
4685
4707
4713
4733
4761
4762
4772
4775
4776
4811
4815
4816
4819
4820
4821
4822
4823
4826
4827
4829
4831
4832
4833
4834
4837
4838
4843
4847
4904
4907
4909
4910
4911
4912
4913
4917
4918
4919
4922
4923
4928
4929
4931
4932
4933
4937
4938
4940
4942
4946
4948
4950
4952
4953
4955
4957
4960
4962
4965
4969
4974
4976
4978
4979
4982
4983
4984
4985
4989
4991
4993
5000
5001
5003
5006
5007
5008
5009
5011
5014
5016
5017
5019
5021
5022
5025
5026
5027
5028
5029
5030
5032
5035
5036
5038
5042
5043
5045
5046
5048
5052
5054
5055
5056
5060
5062
5064
5069
5070
5074
5076
5077
5079
5080
5082
5084
5085
5086
5088
5092
5095
5096
5099
5100
5102
5104
5105
5108
5109
5110
5113
5114
5115
5116
5118
5123
5127
5128
5129
5130
5132
5134
5135
5139
5140
5141
5142
5144
5147
5150
5155
5156
5157
5213
5215
5217
5256
5258
5259
5262
5263
5264
5266
5268
5273
5276
5277
5305
5326
5328
5329
5357
5358
5362
5366
5368
5371
5373
5376
5377
5378
5379
5380
5382
5385
5389
5391
5392
5393
5399
5400
5402
5407
5413
5425
5427
5430
5432
5435
5437
5438
5441
5446
5447
5448
5452
5454
5458
5461
5467
5472
5474
5475
5476
5477
5478
5479
5480
5482
5502
5506
5507
5516
5517
5519
5520
5522
5524
5526
5529
5530
5532
5536
5541
5543
5548
5551
5552
5553
5555
5557
5560
5561
5562
5564
5565
5568
5570
5578
5581
5582
5584
5587
5589
5590
5591
5594
5598
5601
5602
5603
5608
5611
5616
5617
5622
5624
5627
5629
5630
5634
5636
5637
5639
5640
5642
5646
5649
5652
5655
5657
5659
5660
5662
5665
5667
5668
5670
5672
5673
5680
5682
5685
5687
5690
5692
5693
5696
5700
5704
5707
5762
5764
5766
5771
5773
5779
5780
5782
5783
5784
5785
5786
5789
5791
5798
5800
5805
5807
5810
5814
5815
5820
5821
5825
5828
5833
5853
5856
5857
5859
5861
5862
5867
5869
5881
5938
5941
5946
5974
5976
5979
5981
5982
5992
6000
6008
6009
6013
6015
6016
6020
6021
6024
6028
6029
6030
6034
6038
6041
6042
6045
6048
6049
6053
6054
6055
6056
6057
6058
6061
6063
6065
6067
6070
6071
6072
6074
6075
6076
6079
6081
6085
6088
6089
6091
6093
6095
6097
6099
6100
6102
6105
6110
6115
6143
6177
6179
6180
6184
6186
6187
6200
6207
6242
6251
6254
6256
6257
6258
6261
6266
6285
6287
6297
6299
6302
6303
6305
6306
6307
6309
6310
6311
6314
6315
6316
6322
6324
6376
6377
6384
6389
6391
6392
6393
6395
6397
6399
6402
6405
6406
6408
6409
6410
6446
6461
6480
6521
6529
6580
6591
6592
6593
6594
6596
6621
6651
6660
6662
6674
6703
6706
6745
6747
6748
6751
6753
6755
6756
6759
6762
6777
6783
6827
6840
6860
6864
6926
6942
6943
6945
6946
6947
6949
6952
6954
6955
6956
6958
6959
6963
6964
6965
6966
6968
6970
6974
6977
6980
6982
6985
6987
6988
6989
6990
6991
6993
6995
7000
7004
7005
7006
7008
7010
7014
7022
7023
7039
7041
7042
7044
7045
7098
7113
7114
7118
7123
7126
7136
7137
7140
7141
7143
7144
7148
7179
7182
7195
7217
7245
7259
7269
7302
7304
7386
7419
7432
7487
7489
7501
7505
7554
7621
7624
7625
7634
7737
7767
7768
7770
7774
7779
7781
7782
7786
7788
7794
7804
7805
7847
7849
7853
7854
7855
7856
7859
7860
7863
7864
7865
7868
7872
7877
7880
7883
7885
7890
7896
7897
7899
7901
7902
7908
7911
7913
7914
7966
7967
7969
7974
7975
7981
7991
7995
7996
7997
7998
8000
8003
8009
8011
8012
8015
8017
8019
8022
8024
8026
8029
8036
8040
8090
8092
8094
8109
8112
8114
8117
8118
8120
8123
8124
8127
8128
8130
8131
8134
8135
8136
8137
8139
8143
8145
8147
8149
8154
8156
8157
8159
8165
8213
8216
8218
8220
8221
8224
8225
8227
8228
8230
8231
8233
8234
8235
8236
8239
8240
8243
8244
8247
8248
8250
8253
8255
8258
8260
8261
8272
8275
8295
8297
8300
8303
8304
8306
8308
8309
8311
8313
8354
8357
8358
8359
8360
8362
8363
8408
8409
8448
8453
8455
8456
8459
8464
8467
8469
8471
8473
8475
8476
8480
8481
8482
8484
8486
8488
8490
8520
8521
8524
8525
8529
8568
8569
8571
8609
8610
8612
8630
8631
8632
8645
8649
8650
8654
8696
8746
8768
8784
8785
8787
8817
8831
8871
8875
8886
8898
8947
8983
9002
9003
9022
9024
9025
9027
9029
9031
9043
9046
9048
9049
9052
9054
9056
9058
9059
9076
9080
9093
9094
9115
9117
9122
9124
9126
9127
9129
9130
9136
9230
9233
9236
9238
9240
9242
9247
9249
9253
9254
9258
9263
9267
9272
9276
9278
9289
9292
9294
9296
9297
9301
9303
9307
9310
9313
9315
9318
9321
9323
9326
9346
9348
9351
9353
9357
9358
9359
9363
9365
9368
9369
9373
9374
9376
9380
9382
9384
9385
9386
9387
9390
9391
9394
9398
9403
9406
9408
9409
9413
9414
9420
9459
9484
9485
9536
9561
9614
9623
9648
9677
9680
9683
9684
9690
9692
9695
9698
9699
9707
9709
9776
9799
9802
9829
9831
9832
9833
9835
9838
9843
9844
9846
9851
9855
9856
9857
9859
9863
9868
9869
9871
9872
9873
9876
9879
9881
9887
9890
9942
9951
9954
9994
9997
10000
10001
10002
10004
10007
10009
10010
10013
10014
10015
10016
10019
10022
10024
10025
10033
10056
10059
10064
10068
10092
10113
10114
10117
10147
10152
10169
10183
10305
10307
10310
10312
10313
10385
10386
10395
10398
10400
10401
10404
10405
10407
10408
10409
10414
10417
10420
10421
10423
10424
10425
10428
10433
10434
10435
10437
10439
10441
10442
10443
10455
10457
10460
10466
10469
10470
10534
10626
10627
10633
10733
10735
10737
10740
10746
10751
10752
10759
10784
10899
10929
10932
10935
10937
10959
11007
11013
11014
11016
11018
11020
11021
11022
11025
11026
11029
11031
11034
11035
11036
11038
11039
11040
11042
11043
11045
11047
11048
11066
11094
11099
11101
11102
11103
11104
11106
11107
11108
11109
11113
11115
11118
11120
11143
11154
11225
11249
11300
11305
11324
11334
11354
11362
11373
11384
11406
11471
11472
11505
11509
11511
11514
11517
11519
11521
11522
11524
11526
11527
11530
11566
11597
11603
11627
11629
11630
11632
11633
11686
11691
11695
11696
11703
11705
11706
11707
11710
11723
11728
11737
11783
11784
11787
11788
11791
11792
11803
11805
11809
11816
11818
11821
11823
11839
11891
11894
11896
11902
11903
11907
11946
11958
12048
12059
12067
12082
12085
12086
12088
12092
12093
12095
12100
12101
12105
12106
12165
12178
12212
12215
12218
12223
12228
12229
12231
12240
12243
12253
12264
12267
12272
12294
12296
12297
12298
12303
12305
12356
12377
12390
12494
12511
12515
12520
12521
12549
12587
12589
12591
12592
12593
12606
12610
12611
12612
12613
12619
12621
12624
12626
12627
12628
12631
12634
12636
12638
12639
12642
12644
12647
12648
12650
12652
12653
12654
12656
12658
12662
12664
12667
12669
12671
12673
12674
12675
12676
12677
12682
12684
12689
12692
12695
12718
12762
12772
12774
12776
12790
12840
12845
12846
12851
12852
12865
12958
12967
12976
12977
12980
12985
13021
13022
13053
13056
13092
13095
13125
13128
13150
13197
13200
13203
13205
13221
13223
13224
13227
13229
13230
13232
13234
13235
13237
13241
13243
13244
13246
13283
13353
13395
13433
13447
13496
13539
13541
13554
13577
13578
13579
13581
13582
13584
13586
13591
13594
13596
13598
13601
13621
13630
13637
13643
13644
13645
13657
13659
13661
13664
13668
13669
13671
13673
13675
13677
13678
13680
13681
13682
13686
13689
13696
13699
13702
13704
13705
13707
13708
13711
13714
13717
13719
13721
13724
13726
13727
13731
13732
13741
13742
13744
13746
13748
13749
13752
13754
13757
13761
13764
13766
13768
13770
13772
13776
13781
13783
13787
13789
13791
13794
13795
13805
13809
13810
13812
13816
13819
13824
13826
13830
13833
13835
13880
13881
13884
13885
13886
13888
13895
13961
13963
13966
13970
13973
13974
13976
13977
13979
13982
13984
13989
13991
13992
14063
14150
14155
14188
14190
14213
14284
14286
14307
14338
14442
14473
14474
14517
14533
14592
14597
14599
14600
14602
14605
14607
14609
14612
14614
14618
14620
14623
14624
14625
14627
14630
14637
14640
14645
14651
14652
14658
14660
14663
14665
14666
14669
14726
14762
14796
14878
14895
14899
14900
14901
14902
14904
14905
14918
14930
14931
14967
14968
14970
14971
14997
15016
15021
15023
15025
15026
15029
15087
15124
15144
15146
15147
15167
15215
15248
15252
15295
15300
15301
15302
15370
15374
15410
15411
15413
15414
15415
15417
15418
15419
15420
15421
15422
15425
15426
15430
15524
15532
15535
15578
15598
15610
15612
15614
15618
15620
15625
15627
15629
15631
15634
15638
15641
15643
15644
15645
15648
15651
15653
15658
15660
15663
15664
15667
15671
15673
15675
15679
15681
15692
15742
15752
15753
15756
15763
15766
15767
15771
15774
15776
15778
15780
15782
15785
15787
15860
15864
15869
15871
15877
15879
15882
15911
15913
15914
15919
15921
15922
15928
15936
15940
15957
15966
15969
15990
15999
16016
16022
16024
16025
16029
16030
16032
16034
16035
16036
16037
16106
16107
16114
16264
16317
16427
16475
16492
16497
16499
16502
16505
16506
16526
16550
16561
16591
16633
16704
16797
16888
16910
16911
16913
16920
16926
16929
16955
16958
16961
16965
16969
16972
16973
16976
16977
16980
16983
16985
17000
17018
17072
17073
17076
17078
17082
17087
17116
17118
17187
17190
17191
17198
17199
17202
17204
17208
17211
17212
17224
17228
17235
17240
17244
17251
17252
17257
17258
17259
17263
17270
17271
17274
17275
17276
17278
17279
17283
17284
17288
17303
17306
17307
17313
17332
17333
17337
17338
17339
17347
17353
17354
17356
17359
17361
17362
17364
17367
17369
17371
17376
17379
17380
17382
17387
17390
17392
17395
17396
17401
17409
17421
17461
17464
17474
17478
17479
17480
17483
17485
17486
17492
17495
17501
17503
17505
17515
17541
17548
17549
17558
17560
17561
17563
17565
17567
17568
17572
17573
17574
17578
17585
17587
17591
17593
17602
17606
17609
17620
17621
17623
17624
17625
17626
17627
17628
17641
17644
17645
17664
17668
17669
17685
17710
17712
17713
17726
17727
17806
17852
18060
18082
18094
18229
18255
18288
18304
18309
18359
18360
18361
18364
18365
18367
18368
18369
18371
18372
18383
18458
18467
18470
18471
18473
18474
18477
18481
18487
18490
18492
18494
18498
18500
18526
18538
18551
18563
18565
18568
18572
18573
18578
18579
18586
18589
18591
18592
18594
18596
18606
18611
18680
18684
18689
18720
18721
18722
18724
18729
18731
18737
18753
18755
18757
18819
18821
18837
18882
18894
18895
18896
18898
18899
18901
18902
18909
18911
18912
18931
18945
18946
18959
18967
18970
18972
18975
18977
18979
18982
18983
18985
18987
18992
18993
18994
18997
19001
19003
19006
19007
19011
19015
19020
19031
19054
19074
19077
19078
19079
19080
19081
19082
19083
19086
19116
19186
19187
19188
19191
19193
19208
19226
19228
19237
19238
19241
19245
19284
19292
19293
19295
19296
19298
19338
19340
19343
19345
19349
19376
19378
19380
19382
19386
19389
19392
19397
19400
19405
19406
19409
19412
19414
19419
19424
19479
19503
19504
19506
19509
19511
19514
19516
19518
19521
19522
19523
19526
19530
19533
19535
19539
19542
19543
19544
19545
19548
19552
19557
19563
19568
19569
19572
19573
19576
19577
19580
19581
19583
19584
19625
19708
19836
19849
19851
19852
19900
20023
20031
20058
20093
20117
20290
20292
20293
20295
20387
20403
20437
20493
20525
20527
20539
20567
20598
20600
20603
20604
20606
20607
20641
20643
20646
20647
20648
20650
20652
20654
20655
20656
20696
20699
20703
20706
20708
20709
20713
20714
20721
20790
20792
20796
20815
20832
20851
20856
20859
20860
20863
20864
20865
20870
20871
20875
20967
20969
20993
20998
21000
21007
21010
21012
21015
21017
21019
21021
21024
21025
21029
21030
21033
21034
21035
21037
21044
21047
21049
21051
21059
21061
21066
21067
21070
21073
21076
21078
21080
21081
21082
21085
21102
21105
21109
21110
21113
21123
21129
21131
21133
21134
21135
21137
21139
21140
21143
21145
21146
21147
21151
21153
21155
21158
21160
21162
21163
21167
21168
21170
21171
21174
21176
21178
21183
21185
21187
21189
21191
21193
21195
21199
21201
21203
21205
21208
21212
21248
21249
21252
21253
21260
21261
21262
21268
21270
21275
21276
21278
21338
21339
21343
21345
21361
21411
21423
21425
21426
21433
21438
21445
21446
21449
21453
21456
21460
21467
21470
21472
21476
21480
21483
21484
21492
21494
21568
21569
21580
21587
21589
21639
21702
21705
21783
21784
21788
21792
21800
21802
21803
21809
21817
21818
21820
21830
21839
21841
21842
21843
21856
21914
21915
21919
21920
21925
21930
21935
21938
21940
21942
21946
21947
21949
21955
21958
21959
21960
21962
21964
21966
21967
21968
22162
22167
22173
22175
22181
22184
22193
22195
22200
22205
22206
22209
22213
22215
22216
22218
22224
22225
22233
22238
22240
22241
22244
22245
22248
22249
22250
22283
22287
22288
22290
22293
22297
22298
22299
22301
22303
22307
22308
22310
22312
22314
22316
22317
22319
22320
22321
22325
22330
22334
22335
22337
22345
22347
22350
22357
22361
22364
22365
22367
22369
22371
22373
22375
22377
22379
22382
22386
22387
22389
22393
22396
22398
22412
22442
22446
22454
22458
22464
22467
22470
22473
22474
22478
22630
22722
22767
22775
22903
22931
22933
22936
22937
22940
22947
22949
22952
22955
22957
22961
22963
22964
22966
22968
22969
22971
22974
22979
22983
22987
22988
22994
22995
22998
23000
23003
23004
23006
23007
23009
23010
23012
23013
23015
23016
23019
23021
23023
23026
23031
23032
23061
23458
23461
23465
23467
23468
23470
23473
23479
23483
23488
23490
23492
23497
23498
23500
23506
23507
23508
23510
23511
23536
23537
23546
23547
23585
23608
23647
23839
23842
23843
23847
23850
23855
23856
23858
23860
23861
23873
23874
23878
23879
23905
23906
23909
23910
23914
23920
23964
23968
23999
24000
24053
24054
24058
24061
24064
24066
24067
24069
24073
24075
24076
24077
24078
24099
24101
24103
24106
24108
24111
24114
24118
24119
24121
24122
24124
24126
24128
24131
24135
24136
24138
24140
24143
24146
24148
24149
24192
24193
24196
24198
24199
24201
24202
24219
24266
24298
24598
24668
24675
24677
24680
24682
24686
24690
24692
24693
24696
24700
24703
24704
24706
24709
24710
24715
24717
24720
24721
24726
24734
24736
24792
24831
24834
24837
24839
24843
24848
24849
24853
24857
24864
24866
24871
24874
24878
24887
24895
24898
24909
24916
24918
24919
24921
24926
24929
24930
24938
24939
24940
24943
24949
24953
24956
24960
24965
25136
25306
25309
25313
25314
25315
25319
25321
25323
25325
25329
25330
25332
25337
25340
25341
25345
25347
25351
25352
25359
25362
25364
25368
25369
25372
25381
25387
25388
25390
25391
25393
25396
25399
25400
25401
25402
25404
25405
25407
25409
25412
25421
25426
25427
25435
25436
25440
25445
25446
25453
25458
25459
25461
25465
25468
25475
25477
25485
25489
25494
25498
25506
25507
25513
25518
25529
25530
25532
25628
25634
25635
25890
25898
25962
25986
25989
26066
26110
26203
26215
26216
26219
26225
26231
26249
26252
26255
26262
26264
26266
26267
26273
26275
26276
26279
26305
26308
26309
26313
26319
26321
26324
26325
26327
26331
26338
26343
26407
26551
26629
26682
26708
26764
26942
26947
26949
26950
26952
26953
26959
26960
26967
26979
26981
26987
26990
26994
26995
26997
26999
27005
27007
27010
27014
27026
27081
27112
27299
27331
27333
27334
27336
27365
27436
27438
27439
27441
27445
27447
27449
27450
27453
27455
27456
27457
27459
27461
27462
27467
27469
27471
27474
27477
27480
27481
27484
27486
27489
27492
27499
27502
27504
27506
27510
27512
27516
27517
27518
27521
27526
27528
27530
27531
27533
27537
27539
27540
27542
27543
27546
27547
27549
27550
27552
27557
27558
27562
27564
27568
27570
27571
27574
27577
27579
27582
27585
27587
27590
27592
27595
27599
27605
27615
27617
27618
27621
27633
27639
27644
27645
27647
27651
27654
27656
27658
27670
27673
27677
27679
27681
27683
27684
27685
27688
27692
27697
27699
27701
27704
27708
27726
27728
27731
27735
27741
27745
27746
27750
27752
27755
27759
27763
27764
27768
27771
27773
27779
27783
27785
27791
27793
27796
27798
27800
27802
27804
27806
27809
27812
27815
27818
27830
27833
27836
27838
27840
27845
27847
27851
27856
27857
27859
27860
27870
27872
27876
27879
27884
27885
27889
27890
27897
27898
27903
27906
27910
27913
27917
27922
27924
27967
28104
28158
28166
28236
28279
28285
28288
28290
28294
28295
28298
28304
28318
28434
28438
28439
28442
28445
28450
28451
28490
28501
28522
28533
28652
28730
28734
28772
28781
28852
28853
28856
28858
28861
28863
28868
28870
28871
28875
28878
28880
28883
28885
28888
28890
28892
28893
28901
28903
28913
28928
28952
28958
28979
28980
28984
29032
29033
29044
29053
29060
29118
29127
29168
29465
29515
29526
29528
29533
29534
29537
29540
29541
29551
29556
29559
29617
29742
30097
30114
30122
30123
30125
30181
30273
30289
30293
30294
30297
30450
30548
30551
30579
30580
30581
30837
30970
30996
31019
31021
31024
31036
31138
31255
31282
31286
31338
31400
31401
31402
31406
31407
31414
31417
31419
31422
31426
31429
31433
31501
31550
31683
31684
31813
31829
31896
31898
31902
31903
31904
31909
31915
31918
31923
31926
31928
31931
31932
31938
31942
31946
31947
31951
31953
31954
31961
31962
31967
31971
31978
31981
31982
31985
31987
31991
31992
31997
31999
32006
32007
32009
32012
32015
32017
32020
32022
32024
32028
32029
32030
32032
32033
32037
32073
32082
32127
32237
32371
32372
32374
32375
32377
32378
32540
32544
32545
32550
32551
32552
32555
32556
32558
32560
32565
32568
32570
32572
32575
32579
32587
32588
32592
32594
32596
32605
32607
32613
32616
32619
32625
32639
32649
32652
32656
32657
32664
32675
32750
32765
32769
32771
32775
33175
33258
33367
33524
33525
33640
33698
33768
33812
33816
33817
33818
33820
33823
33824
33828
33830
33831
33833
34014
34015
34017
34018
34022
34023
34025
34031
34034
34036
34038
34041
34043
34045
34047
34049
34051
34053
34054
34060
34063
34069
34071
34076
34078
34080
34083
34088
34090
34093
34097
34100
34101
34106
34108
34110
34113
34116
34117
34450
34636
34638
34643
34644
34645
34754
34769
34847
34849
35100
35102
35104
35108
35110
35114
35115
35119
35121
35361
35364
35369
35373
35377
35380
35408
35416
35422
35424
35431
35435
35436
35438
35442
35448
35450
35452
35455
35464
35465
35467
35530
35533
35535
