0
1
2
4
5
9
10
13
16
18
35
37
70
91
164
165
168
169
175
177
178
180
181
183
187
217
219
221
245
261
284
295
299
333
352
361
366
370
372
373
375
376
379
382
387
394
396
398
414
446
451
454
463
484
495
497
511
578
582
585
595
603
612
614
617
618
619
621
625
659
691
693
694
695
696
698
700
701
702
705
707
708
711
712
713
717
718
720
722
723
733
737
742
752
762
764
767
768
769
771
772
773
782
807
824
827
857
864
867
870
872
873
877
885
886
891
893
916
960
961
962
963
966
967
971
973
988
1001
1003
1005
1009
1040
1060
1080
1083
1140
1146
1150
1157
1160
1162
1165
1177
1224
1228
1279
1286
1287
1295
1328
1356
1383
1385
1404
1425
1427
1454
1455
1458
1464
1477
1498
1544
1573
1575
1577
1583
1588
1590
1592
1593
1598
1600
1604
1607
1608
1609
1613
1615
1616
1619
1622
1624
1625
1628
1629
1631
1633
1636
1638
1640
1641
1644
1646
1647
1649
1652
1654
1656
1657
1659
1661
1670
1686
1691
1692
1771
1787
1790
1807
1809
1810
1812
1815
1826
1829
1830
1860
1892
1925
1932
1934
1940
1945
1947
1948
1951
1996
2007
2016
2018
2033
2053
2058
2061
2065
2066
2103
2108
2121
2122
2125
2128
2131
2135
2137
2138
2140
2141
2144
2148
2151
2153
2159
2160
2163
2169
2174
2176
2178
2180
2183
2186
2188
2191
2193
2195
2196
2197
2200
2231
2232
2271
2282
2288
2290
2292
2293
2296
2297
2315
2341
2343
2360
2399
2410
2430
2435
2497
2531
2551
2556
2564
2593
2595
2596
2598
2600
2602
2603
2605
2608
2611
2612
2614
2617
2619
2621
2623
2625
2626
2677
2706
2710
2727
2736
2741
2742
2744
2761
2797
2799
2811
2833
2885
2914
2920
2927
2930
2942
2945
2946
2959
2975
2993
2994
2996
3000
3001
3002
3006
3009
3014
3041
3042
3049
3059
3064
3078
3079
3082
3083
3086
3089
3090
3091
3092
3094
3096
3098
3100
3101
3103
3107
3110
3112
3114
3120
3121
3127
3220
3225
3227
3230
3232
3234
3236
3237
3244
3246
3247
3251
3254
3264
3265
3266
3271
3272
3273
3276
3283
3287
3289
3291
3313
3321
3326
3346
3363
3401
3428
3464
3483
3493
3496
3499
3500
3501
3502
3504
3505
3507
3523
3526
3529
3531
3533
3534
3537
3538
3539
3542
3547
3549
3552
3554
3556
3564
3568
3570
3572
3573
3579
3581
3583
3585
3586
3590
3591
3594
3595
3596
3600
3602
3603
3605
3608
3609
3613
3614
3619
3620
3622
3624
3625
3626
3627
3629
3631
3632
3633
3635
3636
3637
3640
3642
3647
3650
3654
3657
3658
3696
3723
3751
3766
3795
3799
3819
3828
3835
3867
3871
3889
3893
3903
3920
3922
3924
3945
3981
4042
4048
4055
4068
4100
4118
4126
4128
4131
4181
4209
4212
4217
4221
4235
4237
4239
4240
4241
4242
4252
4254
4261
4263
4267
4282
4290
4300
4328
4355
4394
4400
4402
4416
4425
4442
4445
4449
4450
4455
4456
4458
4459
4473
4492
4499
4512
4529
4574
4601
4604
4657
4666
4669
4679
4682
4684
4690
4692
4732
4748
4756
4757
4759
4762
4765
4768
4772
4773
4776
4780
4783
4785
4786
4789
4792
4794
4795
4797
4800
4813
4853
4867
4884
4900
4903
4904
4925
5006
5027
5046
5054
5086
5096
5134
5137
5139
5143
5144
5159
5187
5199
5204
5207
5213
5214
5248
5306
5313
5334
5362
5365
5367
5371
5372
5378
5390
5425
5431
5434
5443
5447
5464
5484
5511
5521
5524
5526
5543
5544
5594
5604
5615
5629
5642
5655
5674
5728
5730
5731
5733
5738
5740
5743
5752
5765
5774
5800
5802
5841
5848
5856
5911
5931
5934
5936
5937
6017
6021
6047
6062
6173
6187
6209
6210
6214
6233
6238
6270
6284
6305
6345
6348
6374
6380
6382
6389
6403
6406
6407
6409
6418
6421
6423
6428
6449
6512
6531
6534
6543
6561
6599
6601
6605
6663
6680
6701
6752
6756
6760
6762
6764
6772
6775
6779
6788
6790
6792
6798
6801
6803
6807
6853
6898
6902
6907
6937
6955
6961
6964
7004
7006
7036
7044
7047
7118
7127
7178
7191
7192
7264
7275
7322
7332
7340
7352
7367
7379
7381
7436
7445
7476
7480
7511
7519
7565
7568
7618
7663
7698
7739
7786
7816
7850
7851
7871
7909
7934
7936
7940
7942
7985
7993
8030
8044
8089
8155
8164
8175
8179
8196
8271
8272
8291
8361
8368
8369
8426
8448
8486
8568
8590
8602
8605
8610
8613
8619
8621
8628
8638
8803
8819
8835
8843
8948
8982
8988
8995
9004
9005
9049
9059
9061
9070
9071
9073
9147
9226
9252
9253
9364
9380
9382
9385
9388
9392
9394
9398
9401
9403
9404
9407
9409
9411
9414
9416
9418
9420
9422
9460
9511
9512
9524
9558
9562
9563
9565
9590
9611
9612
9618
9620
9623
9643
9676
9685
9690
9704
9714
9715
9717
9719
9720
9722
9724
9726
9781
9783
9784
9787
9790
9792
9794
9796
9801
9802
9805
9807
9809
9810
9813
9814
9817
9818
9820
9821
9823
9824
9825
9827
9830
9831
9833
9835
9838
9840
9843
9844
9870
9873
9926
9939
9940
9971
10014
10054
10103
10118
10130
10147
10209
10233
10290
10307
10325
10368
10413
10415
10437
10486
10525
10534
10564
10588
10608
10632
10690
10781
10824
10825
10832
10854
10890
10934
10935
10974
10979
10981
11018
11039
11158
11162
11178
11211
11290
11326
11347
11352
11365
11387
11407
11431
11514
11539
11606
11653
11687
11690
11709
11776
11777
11782
11783
11785
11787
11788
11792
11847
11873
12002
12003
12057
12112
12117
12119
12121
12122
12131
12224
12250
12270
12332
12376
12415
12490
12494
12511
12528
12529
12530
12531
12539
12577
12691
12736
12745
12798
12872
12931
12941
12950
12952
13014
13017
13020
13021
13030
13034
13035
13036
13042
13045
13046
13049
13057
13058
13059
13123
13146
13153
13158
13159
13160
13162
13163
13176
13211
13225
13263
13283
13334
13338
13341
13368
13451
13481
13511
13633
13658
13667
13711
13728
13730
13756
13798
13866
13873
13885
13921
13939
13994
14039
14146
14172
14177
14191
14224
14358
14369
14380
14397
14502
14576
14581
14600
14662
14717
14736
14868
14929
14986
14992
15224
15226
15274
15330
15354
15412
15430
15465
15543
15575
15655
15787
15788
15789
15812
15858
15864
15948
15952
15962
15966
16020
16252
16376
16398
16440
16508
16511
16512
16678
16686
16720
16740
16744
16763
16909
16911
17081
17102
17131
17133
17143
17283
17284
17286
17296
17316
17435
17516
17550
17567
17685
17701
17706
17771
17774
17775
17796
17863
18018
18118
18181
18241
18271
18344
18347
18350
18377
18416
18422
18472
18526
18532
18597
18598
18723
18752
18802
18832
19018
19031
19106
19118
19152
19208
19233
19288
19346
19401
19402
19437
19617
19643
19748
19801
19817
19828
19862
19905
19951
19957
19959
19961
19987
20219
20254
20259
20326
20380
20488
20491
20493
20496
20499
20641
20815
20901
21005
21146
21149
