0 45
1 45
0 48
2 45
2 32
0 41
0 19
1 48
2 41
0 37
2 48
1 41
0 9
0 38
0 12
1 9
0 15
1 38
1 37
2 12
2 19
1 19
0 27
0 25
1 27
0 23
2 27
2 1
1 12
0 30
0 7
0 11
2 0
1 15
0 39
0 17
2 9
0 33
0 40
1 30
2 11
1 39
0 32
2 23
1 7
1 23
1 25
2 15
1 40
1 33
0 28
1 17
2 25
0 8
0 18
0 29
0 36
2 37
2 28
1 28
0 0
0 6
1 32
1 18
2 18
0 14
1 0
2 6
0 24
1 11
2 36
2 38
1 36
0 3
1 6
0 42
1 29
0 20
2 20
0 10
0 43
1 14
1 20
2 16
1 43
0 16
1 42
2 43
0 5
2 40
0 35
0 49
1 10
2 39
1 24
0 2
0 4
2 42
0 26
0 44
1 8
0 31
0 34
0 13
1 35
2 47
1 4
1 2
1 3
0 22
2 29
0 46
1 31
1 16
1 26
0 47
1 49
1 34
0 21
0 1
2 33
2 21
2 3
1 21
1 47
2 8
2 13
2 31
2 7
1 44
1 1
2 14
1 13
1 46
1 5
2 10
2 17
2 35
2 49
2 30
1 22
2 2
2 24
2 34
2 46
2 26
2 4
2 5
2 44
2 22

Score: 130.83948883359767