0
0
1
3
5
7
8
12
13
15
17
18
19
23
26
29
30
31
34
35
37
38
39
40
42
45
46
49
50
53
57
60
61
62
63
64
65
66
67
69
71
72
73
75
78
83
85
87
89
91
92
93
95
97
99
100
105
107
110
111
113
115
116
117
118
119
120
122
126
128
130
131
133
135
137
138
139
140
141
142
147
150
152
154
157
158
161
163
165
166
167
169
171
172
173
174
176
178
180
185
187
193
194
195
197
198
199
204
206
208
210
214
215
217
220
221
222
225
226
229
230
232
234
236
237
240
242
243
248
249
251
252
253
254
255
258
259
261
262
263
264
265
267
269
271
273
276
277
279
280
281
285
286
288
289
290
292
294
295
299
301
303
304
305
306
307
310
312
315
317
318
321
323
324
325
327
330
331
333
335
337
340
342
343
345
346
347
350
351
352
357
359
360
362
364
367
368
372
374
376
379
380
381
383
385
389
392
393
396
397
399
400
403
406
408
410
414
415
418
420
422
424
425
426
427
428
429
431
433
434
436
438
439
440
444
448
450
453
455
456
458
459
461
464
467
472
473
474
475
476
480
481
482
484
485
487
491
493
494
495
498
499
501
502
503
504
506
507
511
514
516
518
520
521
522
523
524
525
526
527
529
530
532
534
535
536
540
541
542
546
547
551
552
556
557
559
562
563
568
570
573
574
578
579
580
583
584
587
588
593
594
598
600
601
603
606
607
609
610
612
613
616
618
620
624
628
629
631
632
634
635
636
637
639
640
643
648
649
652
654
655
659
660
661
662
663
664
665
666
668
670
671
673
677
678
680
682
685
688
691
693
