0
1
24
28
32
33
47
51
67
68
70
72
87
89
105
127
142
153
162
211
212
213
219
239
254
279
280
291
320
349
361
365
366
369
370
371
372
379
414
415
446
447
450
457
458
468
505
512
513
520
527
560
561
584
586
588
619
626
628
641
647
679
691
707
708
726
733
734
763
780
791
815
817
818
824
829
843
845
855
894
906
921
934
938
943
962
982
998
1000
1014
1024
1028
1033
1034
1035
1036
1045
1046
1056
1060
1061
1070
1080
1081
1120
1121
1133
1148
1155
1180
1188
1214
1233
1239
1243
1253
1266
1310
1311
1320
1329
1332
1334
1336
1341
1362
1365
1372
1388
1393
1417
1452
1455
1471
1479
1482
1531
1540
1552
1563
1590
1593
1604
1627
1650
1658
1665
1673
1677
1693
1714
1715
1737
1767
1770
1782
1813
1841
1845
1852
1870
1900
1908
1910
1911
1912
1935
1951
1967
1991
2020
2025
2026
2042
2044
2045
2047
2048
2049
2051
2053
2054
2064
2072
2106
2120
2121
2126
2129
2145
2147
2158
2171
2176
2183
2206
2223
2224
2251
2266
2272
2309
2328
2336
2343
2384
2385
2386
2391
2401
2403
2422
2428
2448
2472
2491
2503
2539
2542
2552
2560
2568
2569
2572
2578
2584
2587
2593
2598
2625
2629
2638
2662
2678
2694
2708
2714
2715
2729
2733
2735
2740
2753
2795
2799
2801
2803
2807
2812
2815
2819
2820
2821
2831
2832
2837
2849
2859
2870
2875
2891
2895
2899
2901
2910
2918
2939
2968
2983
2984
3007
3008
3013
3017
3029
3048
3049
3056
3064
3066
3074
3100
3105
3133
3149
3168
3189
3199
3216
3228
3243
3252
3253
3256
3259
3261
3263
3292
3322
3331
3337
3346
3365
3380
3386
3393
3412
3433
3436
3437
3456
3462
3467
3484
3523
3528
3554
3565
3577
3589
3591
3620
3624
3628
3637
3655
3683
3696
3698
3711
3723
3732
3736
3749
3762
3791
3792
3819
3821
3834
3872
3873
3874
3877
3878
3883
3887
3901
3907
3943
3948
3951
3953
3960
3971
3974
3986
4014
4015
4035
4037
4074
4077
4085
4087
4088
4158
4163
4202
4224
4236
4243
4246
4258
4260
4276
4301
4304
4334
4351
4357
4369
4378
4382
4394
4419
4422
4440
4443
4524
4560
4576
4577
4588
4613
4618
4656
4665
4671
4687
4699
4703
4772
4775
4793
4805
4812
4815
4824
4840
4865
4906
4923
4924
4941
4944
4951
4956
4966
5001
5027
5078
5086
5090
5131
5140
5221
5222
5223
5228
5241
5246
5259
5285
5334
5350
5356
5381
5403
5410
5426
5430
5436
5444
5447
5462
5464
5469
5474
5481
5482
5484
5485
5486
5492
5495
5497
5501
5502
5517
5519
5545
5556
5558
5634
5640
5695
5710
5717
5726
5740
5746
5772
5786
5793
5797
5829
5858
5864
5892
5932
6000
6044
6047
6049
6051
6052
6055
6056
6057
6061
6062
6066
6071
6084
6102
6110
6112
6113
6115
6116
6162
6185
6188
6211
6217
6261
6296
6300
6303
6307
6369
6390
6409
6414
6426
6431
6453
6466
6490
6521
6529
6545
6573
6623
6628
6634
6636
6637
6676
6683
6746
6750
6753
6776
6778
6809
6819
6824
6853
6860
6865
6886
6916
6941
6947
6952
7006
7018
7066
7078
7079
7100
7111
7160
7170
7173
7184
7227
7290
7311
7318
7319
7322
7358
7405
7410
7433
7474
7501
7525
7528
7560
7568
7569
7576
7577
7592
7600
7607
7610
7621
7640
7644
7691
7698
7702
7705
7707
7708
7745
7791
7794
7801
7826
7840
7855
7862
7885
7900
7932
7938
7942
7989
7990
7993
8022
8033
8040
8061
8068
8077
8089
8091
8126
8139
8148
8168
8180
8241
8267
8295
8308
8313
8368
8385
8391
8400
8413
8418
8426
8429
8440
8445
8468
8483
8536
8565
8580
8599
8610
8612
8641
8642
8679
8691
8705
8741
8761
8779
8794
8818
8824
8837
8855
8869
8873
8922
8945
8959
8960
8964
9014
9015
9088
9129
9163
9168
9213
9215
9216
9221
9249
9253
9288
9290
9309
9312
9337
9355
9369
9374
9398
9401
9414
9424
9441
9474
9515
9516
9518
9520
9540
9543
9547
9557
9561
9562
9568
9575
9592
9605
9620
9700
9718
9826
9830
9852
9860
9891
9901
9912
9919
9925
9933
9936
9944
9950
9960
9974
10017
10029
10030
10039
10066
10115
10120
10140
10143
10153
10159
10176
10206
10287
10291
10312
10364
10391
10408
10425
10435
10442
10451
10453
10458
10459
10461
10462
10466
10469
10471
10553
10564
10589
10603
10620
10627
10692
10695
10738
10751
10779
10813
10823
10825
10827
10828
10833
10837
10843
10848
10849
10851
10856
10857
10863
10864
10868
10874
10903
10909
10916
10934
10951
10985
11013
11017
11040
11045
11046
11047
11049
11071
11123
11135
11162
11188
11190
11232
11281
11316
11387
11403
11405
11407
11408
11409
11413
11414
11429
11444
11471
11517
11540
11549
11574
11589
11673
11674
11683
11738
11792
11820
11821
11830
11855
11878
11885
11922
11925
11949
11976
11980
11989
12061
12091
12110
12129
12185
12188
12202
12211
12240
12314
12322
12338
12340
12357
12360
12375
12393
12414
12457
12495
12502
12522
12539
12570
12584
12585
12613
12630
12659
12708
12717
12756
12778
12784
12795
12821
12828
12850
12941
13000
13010
13037
13051
13072
13088
13123
13133
13134
13192
13195
13212
13214
13239
13246
13271
13318
13324
13356
13362
13388
13414
13432
13447
13491
13493
13503
13527
13530
13555
13664
13741
13808
13820
13886
13896
13923
13978
13991
13993
14017
14049
14054
14075
14079
14104
14106
14112
14113
14195
14245
14302
14325
14342
14383
14460
14462
14489
14524
14562
14564
14573
14628
14653
14684
14774
14819
14827
14831
14864
14874
14909
14915
14921
14978
15071
15163
15173
15197
15206
15210
15218
15224
15230
15368
15520
15540
15570
15577
15677
15683
15714
15755
15768
15886
15962
15998
16064
16071
16078
16088
16127
16154
16172
16237
16244
16245
16271
16342
16375
16393
16419
16459
16492
16542
16598
16635
16645
16677
16709
16713
16742
16848
16867
16882
16893
16962
16982
17024
17025
17082
17128
17151
17159
17223
17229
17259
17267
17268
17325
17461
17506
17550
17574
17619
17637
17640
17668
17693
17704
17705
17707
17736
17836
17846
17850
17852
17854
17880
17902
17955
17957
17960
17984
17988
18011
18017
18040
18087
18190
18224
18243
18369
18376
18385
18408
18414
18429
18537
18539
18555
18574
18610
18705
18722
18790
18884
19083
19104
19120
19141
19180
19188
19211
19224
19246
19251
19255
19256
19303
19323
19340
19365
19406
19423
19433
19445
19558
19564
19583
19595
19687
19721
19730
19731
19755
19815
19837
19838
19908
20054
20118
20126
20176
20189
20244
20258
20389
20563
20565
20630
20679
20735
20785
20933
20997
21181
21202
21223
21358
21515
21599
21610
