0
3
4
11
15
21
23
36
39
50
55
63
73
79
88
91
98
100
121
122
131
140
145
151
153
163
166
202
208
225
227
242
249
252
274
276
288
294
298
312
314
317
320
331
340
342
346
353
358
362
364
373
382
390
391
393
394
407
429
442
457
463
469
473
475
480
494
508
509
514
529
537
539
543
550
562
563
576
588
596
604
613
616
656
663
696
705
708
709
729
763
764
787
792
800
822
823
831
832
841
858
869
874
882
894
899
928
933
936
942
956
961
978
983
987
1000
1003
1021
1025
1053
1055
1067
1073
1079
1083
1095
1112
1123
1124
1159
1163
1182
1186
1195
1199
1225
1239
1242
1251
1268
1282
1283
1290
1298
1300
1302
1317
1330
1341
1350
1370
1378
1380
1386
1389
1393
1414
1434
1444
1457
1465
1495
1505
1507
1526
1541
1556
1557
1605
1607
1617
1630
1633
1655
1662
1671
1683
1693
1721
1740
1743
1752
1760
1762
1800
1805
1835
1838
1862
1864
1877
1878
1893
1903
1908
1917
1925
1942
1949
1962
1969
1971
1985
2010
2034
2042
2051
2063
2067
2084
2112
2145
2172
2185
2211
2216
2224
2225
2236
2251
2257
2270
2272
2288
2292
2315
2323
2336
2352
2360
2376
2395
2399
2406
2419
2458
2467
2472
2502
2505
2523
2531
2549
2554
2556
2611
2614
2623
2625
2639
2643
2663
2682
2697
2714
2715
2735
2736
2767
2775
2776
2800
2843
2846
2852
2887
2895
2906
2914
2916
2926
2932
2945
2949
2955
2964
2969
2982
2985
3000
3016
3050
3056
3063
3100
3107
3121
3127
3132
3152
3217
3226
3236
3248
3273
3282
3284
3304
3307
3346
3365
3369
3392
3437
3440
3443
3450
3479
3494
3503
3524
3526
3527
3537
