0 23
2 46
0 35
0 22
0 9
1 23
0 42
2 23
0 43
1 35
1 22
2 35
1 42
2 22
1 9
0 26
0 5
0 8
0 20
0 2
0 49
1 43
2 9
0 33
0 29
1 5
2 33
1 26
1 2
1 8
1 49
2 8
2 2
0 16
2 49
1 29
0 3
0 46
1 16
1 3
0 40
2 16
1 33
0 27
1 20
2 3
1 46
1 40
0 30
0 11
0 1
2 43
2 5
0 21
1 1
0 17
2 1
1 27
2 40
0 48
0 41
2 21
2 20
1 30
1 21
0 0
2 24
0 39
2 37
1 17
1 48
0 14
2 17
1 11
1 0
0 45
1 41
0 36
0 47
0 19
0 10
2 0
0 32
2 11
1 47
0 25
1 19
2 41
1 45
1 10
2 48
0 44
1 32
2 10
1 14
2 32
0 18
2 45
0 6
1 39
0 37
1 44
0 38
1 25
0 15
2 25
2 44
2 27
2 29
1 36
2 36
2 14
1 18
0 31
0 12
2 42
2 39
2 30
0 28
2 18
0 24
1 15
1 38
2 38
1 37
1 24
2 13
0 7
1 6
2 6
1 28
2 19
0 34
2 15
0 13
1 34
0 4
2 28
1 7
1 4
1 12
1 31
2 47
2 34
1 13
2 26
2 4
2 12
2 31
2 7

Score: 122.7299999999999