0
0
1
3
4
6
8
9
14
20
23
24
25
26
27
31
33
34
35
36
37
41
42
44
45
47
48
49
51
52
56
59
60
61
63
66
69
70
71
72
73
74
75
76
77
80
81
82
84
85
87
88
89
90
92
93
96
98
101
103
106
107
108
112
113
115
118
119
122
124
127
128
129
131
133
135
138
139
141
142
145
147
152
157
161
162
164
167
169
171
174
175
177
181
182
183
187
188
191
196
199
201
202
204
206
208
209
211
212
214
216
217
219
220
221
223
224
226
227
231
232
236
239
241
242
247
250
252
255
261
263
264
265
267
269
271
273
274
277
279
281
282
287
289
292
295
297
299
300
301
302
304
310
312
317
318
319
321
323
328
329
330
333
334
335
336
339
340
343
345
349
357
359
360
364
365
366
368
374
375
380
382
383
385
387
389
391
394
395
397
399
400
403
404
406
409
410
413
414
421
428
430
431
432
433
439
441
442
445
447
449
451
452
455
457
458
461
463
465
472
473
474
477
480
485
487
488
489
490
494
501
503
506
509
510
512
514
516
517
519
521
523
525
528
529
534
535
536
539
541
544
546
549
550
554
555
558
559
561
562
565
567
569
573
574
576
581
582
583
586
587
589
590
593
596
602
604
605
608
611
612
621
622
624
626
627
629
630
632
634
635
636
639
640
642
643
645
646
647
653
655
656
657
659
660
662
664
666
678
681
682
689
691
693
695
698
700
703
706
707
708
710
713
714
715
718
720
722
725
726
729
733
735
736
739
740
742
744
747
751
753
758
759
761
762
763
766
768
769
771
773
775
777
778
780
782
783
784
787
789
790
792
793
796
801
809
811
813
815
818
819
822
823
824
825
828
829
832
833
834
838
839
840
841
842
845
846
848
853
854
856
858
860
864
866
867
868
872
873
874
875
878
879
883
884
886
888
889
891
893
897
898
899
900
901
902
904
905
908
909
920
921
922
924
928
931
932
936
938
939
941
944
945
951
954
955
959
960
962
965
968
970
972
973
974
976
979
986
1008
1010
1014
1015
1017
1021
1022
1024
1026
1028
1029
1031
1032
1034
1035
1038
1040
1042
1047
1049
1051
1057
1058
1064
1067
1070
1072
1075
1076
1079
1083
1090
1105
1115
1120
1127
1139
1140
1141
1144
1148
1151
1152
1154
1156
1158
1159
1162
1163
1165
1166
1167
1170
1172
1174
1176
1178
1181
1182
1183
1186
1187
1191
1193
1195
1196
1198
1202
1204
1212
1213
1214
1215
1216
1217
1220
1222
1224
1225
1227
1228
1232
1233
1234
1236
1238
1239
1241
1244
1245
1246
1248
1251
1253
1256
1258
1260
1262
1264
1265
1269
1271
1272
1273
1275
1277
1279
1282
1283
1284
1285
1287
1288
1291
1293
1294
1297
1299
1300
1304
1305
1307
1309
1310
1311
1312
1315
1317
1319
1323
1326
1328
1330
1331
1333
1335
1337
1339
1340
1342
1345
1346
1350
1351
1353
1355
1356
1358
1360
1361
1363
1365
1369
1372
1374
1387
1389
1390
1393
1395
1400
1404
1406
1408
1410
1416
1418
1419
1424
1428
1430
1431
1432
1435
1440
1441
1442
1444
1445
1447
1449
1451
1454
1456
1457
1458
1460
1462
1464
1465
1469
1471
1472
1473
1475
1476
1477
1478
1482
1483
1484
1486
1489
1491
1494
1498
1500
1509
1513
1515
1516
1517
1518
1519
1523
1524
1526
1529
1530
1532
1534
1535
1540
1541
1544
1550
1551
1553
1554
1557
1561
1562
1565
1566
1567
1568
1570
1572
1576
1578
1583
1586
1588
1589
1591
1593
1594
1595
1599
1602
1603
1607
1608
1610
1611
1614
1615
1618
1622
1626
1628
1629
1632
1634
1641
1642
1646
1647
1650
1653
1656
1658
1661
1663
1664
1665
1666
1667
1668
1671
1677
1680
1681
1684
1685
1687
1689
1693
1696
1697
1700
1701
1702
1705
1709
1712
1719
1722
1724
1725
1729
1732
1735
1736
1737
1740
1741
1743
1744
1746
1747
1751
1754
1756
1758
1761
1762
1763
1766
1768
1771
1772
1773
1775
1778
1780
1781
1783
1785
1787
1789
1793
1794
1795
1796
1798
1800
1803
1806
1808
1812
1816
1817
1818
1820
1822
1826
1828
1829
1830
1834
1836
1837
1838
1839
1842
1847
1850
1851
1852
1854
1855
1858
1860
1863
1866
1867
1868
1869
1870
1872
1873
1876
1879
1880
1882
1885
1887
1889
1890
1894
1896
1900
1904
1908
1909
1911
1912
1916
1918
1920
1923
1925
1929
1931
1933
1934
1935
1937
1940
1947
1948
1949
1952
1954
1959
1962
1965
1968
1970
1971
1973
1974
1975
1979
1982
1986
1987
1988
1990
1992
1996
1997
1998
1999
2000
2003
2004
2007
2009
2012
2013
2015
2016
2017
2018
2021
2022
2023
2025
2026
2027
2029
2031
2032
2033
2036
2038
2039
2045
2046
2047
2053
2055
2056
2058
2059
2060
2061
2063
2064
2065
2066
2068
2069
2070
2073
2077
2078
2080
2082
2083
2084
2085
2086
2087
2088
2090
2092
2094
2095
2096
2097
2098
2099
2101
2103
2105
2106
2114
2115
2118
2121
2122
2124
2125
2126
2128
2129
2132
2134
2136
2138
2140
2143
2145
2146
2148
2151
2152
2153
2156
2158
2160
2162
2163
2164
2165
2167
2168
2169
2175
2177
2181
2185
2187
2189
2190
2191
2193
2194
2198
2199
2202
2204
2205
2206
2208
2211
2212
2213
2226
2227
2230
2232
2234
2236
2238
2242
2243
2246
2247
2250
2253
2255
2256
2257
2259
2262
2265
2268
2270
2272
2277
2278
2279
2283
2314
2315
2323
2338
2339
2342
2344
2345
2346
2348
2350
2351
2353
2355
2358
2359
2360
2361
2367
2369
2370
2371
2373
2375
2380
2381
2383
2384
2386
2387
2388
2390
2393
2394
2396
2397
2398
2403
2405
2408
2411
2413
2416
2418
2421
2423
2425
2428
2430
2433
2435
2436
2438
2439
2443
2445
2446
2447
2448
2449
2452
2453
2454
2455
2457
2460
2463
2464
2467
2469
2470
2472
2476
2479
2481
2482
2486
2490
2491
2495
2500
2502
2503
2504
2506
2507
2510
2511
2512
2513
2514
2516
2521
2522
2527
2531
2533
2535
2537
2538
2540
2543
2546
2547
2549
2553
2557
2562
2563
2564
2567
2569
2570
2571
2573
2574
2575
2577
2579
2582
2584
2590
2592
2594
2596
2600
2605
2608
2609
2611
2613
2614
2616
2617
2619
2623
2624
2626
2627
2629
2635
2636
2640
2645
2647
2648
2651
2652
2653
2656
2657
2659
2662
2665
2668
2669
2672
2674
2675
2677
2679
2680
2681
2686
2691
2692
2693
2696
2699
2707
2709
2712
2713
2714
2719
2720
2721
2722
2723
2724
2725
2726
2728
2730
2734
2735
2738
2741
2742
2745
2748
2750
2755
2758
2759
2760
2761
2763
2764
2765
2767
2770
2772
2773
2774
2775
2777
2778
2779
2780
2782
2783
2785
2786
2789
2792
2795
2796
2797
2804
2809
2811
2812
2815
2819
2821
2823
2824
2827
2828
2831
2832
2833
2836
2837
2839
2840
2844
2846
2847
2850
2851
2855
2857
2858
2859
2867
2869
2870
2876
2879
2880
2881
2882
2883
2884
2890
2891
2895
2897
2899
2900
2901
2902
2903
2906
2909
2910
2913
2916
2926
2927
2928
2931
2934
2938
2940
2943
2944
2948
2949
2951
2952
2954
2957
2958
2961
2965
2968
2969
2971
2974
2977
2978
2980
2981
2986
2989
2993
2994
2997
2998
3000
3005
3007
3009
3011
3013
3016
3021
3024
3025
3027
3029
3032
3033
3036
3037
3041
3043
3044
3045
3048
3049
3051
3053
3054
3056
3057
3058
3059
3067
3070
3072
3073
3074
3078
3080
3084
3086
3087
3091
3093
3095
3100
3101
3104
3106
3107
3108
3113
3129
3133
3143
3146
3149
3150
3151
3156
3161
3165
3167
3170
3175
3176
3180
3183
3191
3192
3216
3222
3231
3232
3233
3238
3240
3242
3244
3250
3252
3255
3256
3257
3258
3260
3262
3263
3265
3267
3271
3277
3288
3290
3291
3294
3299
3300
3304
3308
3309
3311
3314
3366
3369
3371
3376
3379
3385
3387
3389
3390
3391
3401
3435
3440
3443
3447
3464
3468
3474
3477
3480
3481
3482
3484
3486
3487
3489
3494
3496
3497
3498
3501
3502
3503
3506
3507
3509
3510
3512
3513
3526
3555
3567
3569
3571
3572
3574
3577
3579
3581
3582
3587
3588
3591
3592
3595
3598
3602
3603
3606
3607
3608
3610
3611
3613
3614
3615
3617
3619
3623
3625
3629
3630
3631
3634
3636
3637
3639
3641
3655
3663
3664
3665
3669
3671
3675
3678
3682
3685
3690
3692
3694
3703
3704
3706
3711
3712
3714
3716
3717
3723
3725
3728
3730
3731
3734
3735
3737
3741
3742
3743
3745
3748
3750
3752
3754
3755
3759
3761
3762
3765
3767
3769
3771
3773
3775
3777
3781
3783
3784
3786
3787
3788
3790
3794
3797
3798
3800
3802
3803
3811
3812
3813
3814
3815
3816
3817
3818
3825
3826
3829
3830
3833
3836
3839
3841
3842
3848
3849
3850
3853
3854
3855
3856
3857
3859
3862
3865
3866
3869
3879
3880
3881
3883
3884
3885
3888
3890
3891
3893
3894
3895
3897
3899
3901
3907
3909
3917
3918
3921
3922
3925
3927
3930
3931
3935
3938
3942
3943
3944
3945
3946
3950
3951
3954
3958
3959
3960
3964
3968
3971
3972
3974
3976
3978
3985
3987
3991
3992
3994
3997
3998
3999
4001
4003
4006
4008
4010
4011
4014
4016
4017
4018
4021
4023
4028
4031
4036
4039
4041
4043
4045
4054
4056
4057
4061
4064
4065
4069
4072
4074
4075
4079
4083
4085
4090
4091
4092
4094
4095
4096
4101
4103
4105
4106
4107
4110
4112
4116
4118
4120
4122
4123
4125
4126
4127
4129
4131
4132
4133
4134
4137
4138
4140
4142
4143
4145
4149
4152
4154
4155
4158
4166
4169
4170
4171
4173
4175
4178
4181
4183
4185
4186
4189
4193
4198
4204
4206
4210
4211
4217
4219
4222
4223
4227
4228
4231
4234
4235
4237
4238
4239
4240
4242
4245
4246
4249
4251
4252
4253
4254
4256
4258
4260
4262
4265
4266
4269
4271
4273
4274
4280
4283
4289
4293
4296
4297
4300
4301
4303
4306
4307
4314
4316
4318
4319
4324
4327
4328
4329
4334
4335
4338
4339
4341
4344
4346
4347
4348
4349
4350
4351
4353
4357
4358
4360
4365
4367
4369
4374
4375
4377
4379
4384
4387
4388
4389
4390
4391
4394
4397
4398
4400
4402
4403
4405
4406
4411
4413
4416
4417
4419
4422
4424
4427
4429
4432
4435
4437
4440
4445
4447
4448
4450
4452
4455
4457
4458
4459
4463
4464
4466
4469
4472
4474
4475
4477
4479
4484
4486
4487
4491
4493
4496
4499
4501
4503
4506
4507
4508
4509
4513
4514
4515
4517
4521
4523
4525
4527
4528
4530
4532
4533
4538
4540
4542
4547
4550
4552
4555
4557
4558
4561
4563
4567
4569
4571
4573
4574
4578
4581
4584
4586
4590
4592
4596
4600
4602
4605
4607
4608
4610
4611
4612
4613
4614
4619
4620
4621
4622
4623
4624
4629
4632
4633
4634
4636
4639
4640
4642
4645
4649
4651
4652
4654
4657
4659
4660
4662
4663
4665
4668
4669
4672
4674
4678
4680
4685
4687
4690
4692
4693
4695
4698
4700
4703
4705
4706
4707
4708
4709
4714
4715
4719
4723
4724
4728
4730
4732
4734
4743
4744
4748
4749
4750
4753
4755
4757
4758
4759
4763
4767
4768
4770
4771
4775
4777
4781
4783
4785
4786
4787
4789
4793
4796
4800
4803
4806
4807
4808
4809
4810
4811
4813
4814
4816
4819
4820
4823
4825
4830
4831
4833
4836
4837
4839
4840
4841
4842
4846
4848
4854
4857
4861
4863
4864
4870
4873
4874
4876
4879
4880
4882
4883
4889
4890
4891
4892
4894
4896
4897
4898
4901
4903
4904
4906
4908
4909
4912
4916
4917
4924
4925
4927
4931
4936
4939
4940
4941
4944
4947
4952
4955
4956
4957
4961
4967
4968
4970
4975
4977
4978
4980
4983
4985
4986
4989
4993
4994
4995
4997
4998
5002
5003
5004
5005
5008
5009
5010
5011
5015
5016
5017
5020
5023
5026
5029
5032
5033
5034
5035
5042
5043
5045
5049
5050
5054
5060
5061
5063
5064
5065
5066
5067
5068
5072
5073
5076
5084
5085
5091
5093
5094
5096
5099
5101
5102
5105
5111
5113
5114
5119
5120
5122
5123
5125
5127
5130
5133
5136
5143
5145
5150
5153
5154
5156
5160
5161
5163
5164
5166
5169
5171
5177
5179
5181
5184
5187
5189
5191
5192
5194
5195
5199
5201
5203
5207
5209
5211
5213
5214
5216
5217
5218
5220
5221
5223
5226
5227
5229
5230
5232
5233
5237
5240
5245
5246
5248
5249
5251
5253
5258
5260
5261
5266
5269
5271
5272
5274
5277
5278
5279
5286
5287
5289
5290
5292
5294
5296
5297
5298
5299
5301
5302
5305
5306
5310
5311
5313
5315
5316
5318
5321
5325
5327
5332
5337
5340
5343
5345
5349
5350
5352
5357
5360
5361
5363
5366
5367
5370
5373
5375
5378
5382
5383
5388
5391
5392
5393
5394
5399
5401
5404
5406
5409
5415
5416
5418
5421
5424
5429
5430
5431
5433
5434
5438
5444
5445
5448
5453
5455
5456
5457
5460
5463
5464
5467
5469
5470
5471
5474
5476
5477
5478
5481
5483
5484
5486
5489
5492
5494
5495
5498
5499
5502
5504
5505
5510
5511
5514
5515
5519
5523
5524
5526
5527
5528
5530
5534
5537
5541
5543
5545
5547
5550
5551
5554
5555
5563
5566
5567
5569
5571
5573
5575
5576
5578
5579
5580
5582
5584
5587
5590
5595
5596
5599
5612
5614
5616
5617
5618
5619
5621
5624
5627
5629
5633
5634
5638
5639
5641
5642
5645
5648
5651
5653
5655
5657
5660
5661
5663
5665
5666
5668
5698
5703
5705
5706
5709
5712
5713
5716
5719
5729
5730
5734
5735
5736
5737
5741
5742
5745
5751
5753
5754
5756
5759
5762
5764
5765
5777
5778
5807
5809
5818
5823
5825
5832
5834
5845
5861
5874
5875
5878
5880
5890
5892
5895
5896
5901
5902
5907
5912
5915
5920
5924
5925
5926
5929
5930
5933
5935
5936
5938
5939
5940
5942
5949
5952
5953
5959
5961
5962
5966
5971
5973
5975
5978
5980
5981
5983
5986
5995
5996
5997
5998
6000
6001
6003
6010
6011
6012
6013
6014
6015
6017
6019
6020
6021
6022
6024
6025
6028
6029
6031
6032
6036
6041
6042
6043
6044
6047
6051
6052
6055
6058
6060
6061
6064
6065
6067
6069
6070
6072
6074
6076
6077
6084
6085
6088
6089
6095
6098
6099
6101
6102
6104
6106
6108
6110
6112
6113
6115
6119
6121
6123
6125
6127
6128
6129
6133
6135
6136
6138
6139
6140
6142
6143
6145
6148
6150
6151
6153
6154
6156
6158
6159
6162
6163
6165
6166
6168
6169
6170
6172
6173
6174
6175
6179
6180
6182
6183
6184
6186
6189
6191
6193
6197
6198
6203
6206
6207
6209
6214
6216
6218
6220
6221
6226
6227
6229
6232
6234
6236
6240
6241
6245
6248
6250
6251
6252
6254
6256
6262
6265
6267
6271
6275
6278
6279
6280
6292
6294
6314
6315
6317
6319
6320
6322
6324
6327
6329
6337
6341
6344
6345
6350
6351
6377
6380
6382
6386
6389
6390
6392
6395
6396
6399
6401
6420
6439
6445
6446
6449
6451
6452
6455
6457
6463
6464
6467
6475
6477
6478
6479
6483
6485
6487
6488
6490
6492
6493
6499
6501
6507
6513
6516
6518
6519
6521
6523
6524
6526
6528
6530
6532
6533
6534
6536
6537
6541
6545
6546
6547
6550
6551
6552
6553
6555
6556
6558
6559
6566
6567
6569
6570
6574
6576
6580
6582
6584
6585
6586
6587
6590
6591
6594
6596
6598
6604
6605
6610
6611
6612
6617
6618
6620
6623
6624
6625
6626
6627
6628
6632
6634
6635
6636
6637
6639
6641
6642
6643
6645
6647
6651
6657
6664
6667
6668
6672
6673
6674
6676
6677
6679
6680
6683
6686
6687
6689
6692
6693
6695
6697
6701
6702
6706
6707
6709
6710
6712
6714
6715
6718
6719
6723
6727
6729
6732
6735
6739
6740
6741
6743
6744
6746
6750
6752
6753
6755
6757
6758
6760
6762
6763
6766
6773
6776
6777
6779
6781
6783
6784
6788
6790
6791
6793
6794
6796
6797
6799
6801
6802
6805
6806
6809
6811
6812
6814
6816
6817
6819
6820
6821
6823
6824
6827
6828
6829
6830
6832
6836
6839
6842
6843
6848
6852
6854
6857
6859
6862
6863
6866
6867
6868
6871
6872
6878
6879
6882
6892
6895
6899
6900
6903
6905
6908
6910
6911
6916
6917
6918
6920
6921
6922
6923
6924
6928
6935
6940
6943
6948
6952
6954
6959
6964
6967
6969
6973
6974
6976
6980
6981
6982
6983
6984
6986
6987
6989
6991
6992
6994
6998
7000
7063
7112
7130
7131
7134
7135
7141
7142
7144
7147
7155
7162
7165
7179
7182
7186
7188
7191
7192
7196
7198
7200
7201
7202
7207
7210
7211
7213
7218
7221
7224
7227
7229
7232
7234
7235
7237
7238
7240
7242
7244
7245
7246
7250
7257
7260
7261
7263
7266
7268
7271
7272
7275
7276
7279
7281
7282
7283
7285
7288
7291
7292
7294
7296
7297
7299
7301
7303
7304
7307
7312
7313
7314
7316
7318
7323
7326
7330
7334
7335
7342
7343
7344
7346
7347
7348
7350
7351
7352
7355
7357
7360
7361
7363
7364
7366
7370
7371
7373
7377
7382
7385
7388
7389
7393
7395
7400
7402
7403
7404
7405
7406
7407
7409
7410
7411
7414
7416
7419
7420
7421
7422
7423
7424
7426
7428
7429
7430
7431
7432
7433
7435
7438
7439
7441
7447
7449
7450
7452
7453
7456
7457
7458
7459
7460
7461
7462
7464
7467
7468
7469
7471
7473
7477
7478
7479
7481
7483
7484
7485
7489
7490
7491
7494
7496
7501
7503
7505
7508
7513
7515
7516
7517
7519
7520
7522
7527
7530
7533
7535
7539
7540
7541
7542
7545
7547
7548
7552
7553
7555
7559
7562
7563
7565
7568
7569
7572
7576
7577
7578
7580
7582
7584
7586
7587
7590
7591
7593
7595
7598
7600
7603
7604
7606
7610
7614
7616
7618
7619
7621
7623
7625
7627
7629
7630
7631
7633
7636
7638
7641
7644
7645
7649
7650
7651
7653
7655
7658
7659
7660
7663
7666
7667
7671
7673
7674
7675
7678
7679
7681
7683
7685
7688
7689
7697
7698
7700
7702
7703
7706
7707
7709
7712
7715
7719
7722
7723
7726
7729
7738
7740
7741
7742
7744
7749
7750
7752
7753
7754
7755
7757
7758
7759
7761
7762
7766
7767
7768
7770
7771
7774
7776
7777
7779
7782
7785
7786
7787
7789
7790
7791
7795
7796
7797
7798
7801
7804
7805
7807
7808
7809
7811
7813
7814
7817
7818
7820
7824
7825
7826
7829
7831
7833
7836
7837
7840
7842
7855
7857
7858
7860
7861
7864
7865
7866
7867
7870
7873
7874
7891
7899
7932
7934
7940
7941
7942
7947
7948
7950
7955
7974
7975
7979
7981
7982
7984
7989
7990
7992
7994
7996
8017
8018
8024
8026
8031
8038
8046
8047
8048
8050
8053
8055
8071
8082
8115
8116
8120
8123
8127
8136
8138
8139
8142
8145
8147
8148
8151
8153
8155
8156
8158
8160
8162
8164
8166
8169
8172
8173
8174
8179
8180
8184
8186
8189
8190
8191
8192
8194
8195
8197
8200
8207
8208
8210
8212
8216
8220
8221
8222
8223
8225
8226
8229
8230
8232
8235
8236
8238
8239
8242
8244
8246
8247
8252
8253
8255
8256
8258
8259
8260
8262
8264
8266
8268
8270
8272
8274
8276
8277
8280
8282
8285
8291
8292
8294
8297
8300
8301
8302
8306
8307
8308
8309
8310
8312
8315
8319
8320
8323
8325
8326
8329
8330
8331
8337
8339
8341
8351
8369
8373
8374
8378
8380
8381
8386
8388
8389
8390
8392
8393
8395
8396
8398
8402
8404
8408
8410
8413
8414
8415
8417
8420
8422
8425
8426
8427
8430
8432
8433
8438
8439
8440
8441
8443
8445
8447
8448
8450
8452
8454
8459
8463
8464
8465
8466
8468
8470
8476
8477
8478
8481
8482
8486
8490
8493
8496
8498
8502
8503
8504
8506
8508
8513
8515
8516
8517
8519
8520
8521
8523
8524
8527
8532
8533
8544
8557
8559
8568
8570
8571
8574
8575
8576
8579
8595
8598
8616
8626
8645
8647
8650
8651
8668
8669
8674
8676
8678
8679
8680
8683
8685
8686
8687
8690
8692
8693
8696
8697
8698
8701
8703
8705
8706
8708
8710
8712
8715
8720
8724
8726
8727
8729
8732
8734
8737
8739
8740
8742
8746
8749
8751
8752
8756
8758
8759
8760
8761
8763
8766
8769
8770
8790
8794
8798
8800
8802
8805
8806
8807
8810
8811
8814
8815
8817
8819
8820
8821
8824
8825
8826
8829
8830
8832
8833
8838
8844
8846
8847
8850
8851
8854
8855
8857
8858
8859
8862
8866
8871
8872
8874
8878
8884
8886
8888
8891
8895
8898
8899
8901
8905
8906
8907
8913
8914
8918
8920
8922
8925
8926
8927
8930
8932
8933
8943
8946
8947
8948
8952
8955
8959
8963
8964
8965
8968
8971
8972
8975
8976
8980
8982
8983
8987
8992
9002
9016
9018
9020
9034
9035
9036
9038
9041
9043
9045
9049
9050
9051
9068
9070
9073
9074
9139
9140
9142
9144
9149
9151
9152
9153
9155
9157
9206
9221
9222
9223
9225
9226
9227
9229
9232
9235
9236
9238
9239
9241
9242
9244
9247
9249
9251
9253
9256
9259
9262
9263
9266
9267
9268
9270
9272
9273
9274
9275
9276
9296
9301
9303
9308
9312
9315
9316
9319
9321
9323
9326
9327
9328
9330
9334
9338
9340
9341
9344
9347
9348
9349
9350
9351
9356
9358
9359
9362
9367
9369
9371
9375
9376
9377
9380
9382
9385
9387
9390
9392
9393
9400
9402
9404
9407
9408
9409
9410
9412
9414
9416
9418
9419
9420
9422
9425
9429
9430
9432
9434
9437
9439
9440
9441
9442
9444
9447
9448
9450
9451
9461
9471
9473
9474
9475
9476
9478
9491
9496
9500
9501
9503
9504
9509
9511
9513
9514
9517
9520
9522
9525
9526
9528
9530
9535
9538
9541
9542
9543
9544
9546
9547
9549
9550
9553
9555
9556
9559
9560
9561
9562
9564
9566
9569
9570
9572
9574
9580
9581
9585
9587
9588
9589
9591
9593
9594
9596
9600
9603
9609
9611
9612
9617
9620
9622
9625
9626
9627
9629
9631
9632
9633
9634
9640
9642
9643
9644
9645
9647
9649
9652
9653
9654
9656
9657
9658
9659
9661
9662
9664
9666
9668
9670
9671
9675
9676
9680
9681
9682
9686
9691
9694
9698
9700
9701
9703
9705
9706
9708
9712
9714
9716
9717
9718
9719
9722
9726
9727
9728
9729
9730
9732
9734
9736
9737
9739
9740
9741
9742
9743
9744
9745
9746
9747
9751
9756
9757
9758
9760
9765
9766
9767
9768
9769
9771
9772
9775
9778
9779
9781
9783
9785
9786
9788
9790
9792
9796
9797
9801
9802
9806
9807
9810
9813
9814
9816
9818
9822
9825
9826
9829
9830
9832
9833
9836
9840
9842
9843
9846
9850
9854
9857
9860
9861
9862
9864
9866
9868
9869
9875
9878
9881
9882
9883
9884
9885
9887
9891
9892
9895
9896
9899
9900
9902
9904
9907
9909
9910
9913
9915
9916
9917
9926
9931
9935
9937
9944
9946
9952
9954
9958
9960
9962
9971
9974
9975
9977
9979
9980
9984
9986
9989
9991
9992
9994
10002
10015
10077
10082
10087
10092
10096
10098
10102
10105
10107
10109
10111
10112
10113
10114
10116
10120
10122
10125
10126
10127
10128
10129
10131
10132
10135
10136
10138
10139
10144
10146
10149
10150
10153
10155
10157
10159
10160
10161
10165
10168
10171
10172
10173
10174
10176
10178
10179
10180
10181
10183
10184
10185
10187
10189
10191
10194
10197
10198
10200
10202
10204
10205
10206
10208
10210
10214
10217
10219
10222
10227
10230
10231
10233
10235
10237
10239
10243
10244
10245
10247
10250
10251
10257
10260
10264
10268
10269
10271
10272
10273
10275
10278
10279
10280
10282
10285
10289
10290
10292
10293
10299
10301
10303
10304
10307
10308
10310
10311
10312
10314
10316
10321
10322
10325
10328
10330
10333
10334
10337
10339
10340
10343
10344
10345
10347
10348
10351
10353
10355
10356
10363
10364
10365
10367
10368
10369
10374
10376
10379
10381
10383
10384
10385
10386
10389
10392
10394
10396
10397
10399
10401
10403
10408
10410
10411
10484
10485
10489
10490
10496
10500
10503
10508
10513
10516
10517
10519
10520
10521
10522
10525
10527
10528
10532
10535
10536
10539
10544
10547
10549
10551
10555
10557
10559
10561
10563
10566
10572
10573
10574
10576
10578
10580
10582
10584
10586
10587
10589
10592
10594
10597
10600
10602
10604
10606
10608
10611
10614
10618
10622
10623
10626
10628
10630
10634
10635
10637
10638
10640
10642
10644
10647
10648
10650
10655
10656
10657
10660
10662
10663
10664
10666
10667
10669
10671
10673
10675
10678
10680
10682
10684
10685
10686
10688
10690
10691
10693
10694
10696
10698
10701
10705
10707
10708
10711
10714
10716
10722
10723
10724
10728
10729
10733
10735
10738
10740
10743
10753
10756
10796
10797
10833
10834
10849
10851
10854
10856
10858
10859
10860
10863
10865
10871
10873
10886
10890
10893
10895
10896
10897
10903
10905
10907
10910
10912
10913
10915
10916
10924
10928
10930
10932
10934
10935
10936
10938
10940
10943
10946
10947
10963
10984
10986
10987
10988
10991
10992
10995
11020
11021
11030
11034
11039
11069
11072
11074
11077
11078
11083
11085
11087
11089
11091
11094
11095
11099
11100
11103
11105
11107
11108
11112
11114
11176
11178
11179
11182
11185
11191
11194
11195
11197
11201
11203
11205
11207
11208
11210
11214
11215
11217
11218
11219
11221
11223
11225
11231
11234
11235
11236
11238
11239
11250
11254
11255
11258
11261
11262
11264
11265
11269
11271
11273
11276
11292
11293
11296
11298
11301
11302
11304
11305
11307
11308
11312
11313
11316
11318
11319
11321
11328
11330
11336
11343
11346
11347
11349
11350
11353
11354
11355
11356
11357
11358
11359
11362
11364
11365
11373
11377
11378
11382
11383
11386
11387
11392
11393
11396
11397
11398
11399
11420
11421
11422
11424
11426
11428
11432
11433
11434
11436
11438
11440
11442
11445
11447
11449
11451
11454
11455
11458
11459
11463
11466
11468
11469
11472
11474
11475
11480
11481
11483
11486
11488
11489
11491
11494
11496
11500
11502
11503
11506
11507
11510
11512
11514
11515
11519
11523
11524
11525
11526
11529
11532
11533
11536
11540
11542
11545
11547
11548
11550
11552
11554
11557
11561
11562
11567
11569
11570
11573
11574
11575
11607
11624
11626
11629
11633
11636
11639
11641
11644
11648
11651
11655
11662
11664
11666
11667
11668
11672
11674
11676
11678
11680
11681
11682
11708
11709
11712
11716
11717
11723
11724
11725
11741
11752
11756
11759
11762
11765
11768
11770
11783
11784
11787
11788
11790
11792
11795
11805
11812
11814
11816
11817
11819
11820
11823
11824
11838
11842
11851
11897
11898
11901
11902
11905
11908
11909
11910
11912
11916
11917
11918
11919
11920
11921
11925
11926
11927
11929
11930
11931
11932
11936
11938
11941
11943
11944
11945
11947
11949
11950
11952
11954
11956
11961
11962
11963
11964
11966
11967
11973
11978
11983
11986
11988
11991
11993
11995
11998
11999
12001
12006
12011
12017
12019
12021
12023
12024
12026
12028
12030
12037
12038
12039
12040
12042
12046
12049
12050
12054
12056
12060
12062
12063
12064
12065
12068
12069
12071
12073
12074
12075
12076
12078
12079
12082
12084
12085
12086
12088
12091
12092
12094
12097
12102
12103
12105
12106
12110
12111
12112
12114
12117
12119
12120
12122
12125
12126
12127
12130
12132
12135
12138
12143
12145
12147
12148
12151
12154
12155
12156
12162
12164
12166
12167
12170
12172
12173
12174
12180
12181
12182
12185
12188
12190
12193
12195
12197
12198
12201
12202
12204
12206
12208
12209
12211
12212
12215
12216
12219
12220
12222
12224
12227
12228
12230
12231
12233
12234
12237
12239
12240
12243
12245
12248
12249
12250
12251
12253
12254
12256
12257
12259
12261
12263
12264
12268
12276
12325
12328
12329
12332
12334
12337
12338
12339
12342
12343
12344
12363
12364
12367
12369
12373
12376
12378
12381
12382
12394
12407
12418
12421
12423
12429
12433
12434
12436
12438
12440
12444
12449
12451
12454
12456
12458
12460
12461
12462
12466
12469
12476
12478
12480
12481
12483
12484
12494
12495
12496
12499
12501
12503
12504
12505
12506
12527
12529
12532
12534
12536
12537
12538
12550
12566
12601
12608
12623
12625
12627
12628
12630
12633
12638
12642
12646
12650
12653
12656
12659
12661
12671
12728
12731
12737
12739
12740
12745
12746
12747
12750
12751
12753
12756
12760
12762
12763
12766
12771
12777
12780
12784
12787
12789
12790
12793
12795
12796
12797
12798
12800
12801
12802
12804
12806
12807
12809
12810
12811
12814
12818
12821
12823
12825
12829
12831
12833
12834
12855
12858
12863
12864
12865
12873
12881
12883
12890
12892
12894
12896
12897
12899
12902
12905
12907
12909
12912
12914
12916
12919
12921
12923
12924
12925
12932
12935
12937
12939
12942
12944
12946
12949
12952
12953
12955
12957
12965
12967
12969
12970
12972
12973
12975
12976
12977
12978
12980
12981
12983
12984
12987
12988
12989
12990
12993
12994
12995
12996
12998
13002
13006
13008
13010
13017
13019
13021
13023
13025
13027
13031
13033
13038
13041
13043
13046
13048
13049
13050
13051
13054
13055
13057
13060
13062
13066
13067
13068
13070
13071
13073
13078
13083
13085
13088
13089
13091
13094
13097
13099
13103
13104
13107
13109
13112
13113
13116
13117
13119
13121
13123
13126
13127
13129
13131
13132
13142
13145
13146
13147
13167
13169
13173
13177
13181
13183
13185
13189
13192
13197
13200
13202
13203
13204
13205
13206
13207
13209
13210
13213
13215
13218
13221
13223
13225
13226
13228
13232
13234
13235
13237
13240
13245
13246
13249
13251
13255
13256
13258
13260
13262
13263
13266
13269
13272
13274
13278
13279
13280
13281
13285
13286
13289
13292
13293
13296
13297
13299
13301
13303
13304
13305
13307
13308
13312
13314
13315
13317
13318
13320
13321
13322
13390
13396
13398
13402
13404
13406
13407
13410
13412
13413
13417
13427
13428
13429
13442
13443
13449
13451
13455
13457
13458
13466
13468
13470
13474
13476
13490
13505
13528
13530
13536
13538
13540
13542
13544
13546
13547
13550
13557
13558
13562
13563
13564
13594
13596
13598
13600
13601
13603
13604
13605
13606
13607
13608
13612
13615
13618
13621
13628
13629
13634
13635
13636
13637
13639
13640
13641
13642
13643
13656
13658
13660
13661
13662
13717
13727
13768
13773
13776
13784
13785
13787
13800
13806
13807
13810
13813
13816
13818
13821
13825
13827
13831
13833
13837
13839
13842
13845
13847
13848
13851
13856
13857
13861
13862
13863
13864
13869
13871
13873
13877
13879
13880
13898
13900
13901
13906
13909
13910
13911
13913
13917
13919
13921
13922
13924
13925
13928
13931
13932
13934
13935
13939
13940
13941
13945
13947
13949
13953
13956
13958
13959
13961
13962
13965
13966
13969
13972
13976
13977
13979
13981
13982
13985
13989
13990
13991
13995
13999
14001
14007
14009
14010
14011
14012
14013
14014
14016
14017
14021
14024
14026
14030
14032
14036
14037
14039
14040
14041
14042
14044
14045
14046
14049
14065
14074
14075
14078
14080
14081
14083
14085
14087
14091
14095
14097
14099
14102
14105
14108
14109
14115
14116
14119
14122
14123
14125
14126
14127
14129
14132
14134
14136
14139
14141
14143
14145
14146
14147
14149
14151
14156
14158
14160
14163
14164
14168
14170
14171
14172
14173
14174
14180
14183
14185
14188
14193
14199
14209
14216
14218
14221
14225
14226
14245
14247
14250
14256
14259
14262
14269
14270
14272
14301
14302
14313
14316
14318
14321
14322
14342
14343
14344
14364
14366
14371
14375
14376
14379
14380
14381
14396
14420
14423
14425
14426
14428
14429
14431
14432
14435
14436
14440
14441
14443
14446
14447
14448
14450
14453
14454
14456
14458
14459
14460
14462
14466
14469
14470
14472
14473
14477
14479
14485
14487
14488
14493
14495
14500
14501
14503
14505
14507
14508
14513
14528
14531
14533
14535
14536
14552
14555
14558
14559
14562
14565
14568
14572
14576
14578
14580
14588
14592
14604
14606
14608
14610
14611
14613
14616
14618
14622
14625
14630
14632
14633
14634
14635
14637
14640
14643
14644
14645
14646
14649
14651
14652
14656
14660
14662
14663
14667
14669
14673
14674
14675
14676
14679
14680
14684
14686
14689
14691
14695
14696
14700
14701
14703
14704
14708
14709
14712
14716
14721
14722
14724
14726
14732
14733
14741
14742
14748
14751
14755
14759
14761
14763
14764
14767
14770
14771
14773
14776
14777
14781
14783
14784
14788
14793
14794
14795
14797
14798
14801
14806
14807
14810
14813
14814
14816
14817
14820
14822
14825
14827
14829
14830
14831
14832
14834
14835
14836
14838
14839
14841
14844
14846
14848
14853
14856
14857
14858
14862
14865
14867
14870
14871
14872
14875
14876
14877
14882
14883
14885
14887
14888
14890
14892
14893
14896
14899
14901
14902
14904
14908
14909
14912
14914
14915
14917
14920
14922
14923
14925
14927
14929
14932
14934
14936
14961
14964
14965
14967
14985
14986
14989
14991
14992
14993
14999
15017
15030
15034
15037
15039
15049
15052
15056
15058
15063
15068
15070
15072
15075
15076
15077
15080
15081
15083
15085
15086
15087
15089
15090
15092
15093
15095
15099
15101
15102
15104
15105
15106
15109
15111
15115
15116
15117
15120
15124
15125
15156
15159
15162
15163
15166
15168
15170
15315
15390
15391
15395
15396
15398
15401
15402
15403
15404
15406
15441
15462
15469
15510
15511
15512
15513
15514
15516
15518
15519
15520
15522
15528
15529
15532
15534
15535
15536
15540
15543
15544
15548
15551
15552
15555
15556
15557
15559
15564
15582
15584
15586
15588
15589
15596
15598
15599
15600
15606
15611
15625
15631
15642
15696
15699
15738
15778
15781
15784
15786
15787
15788
15792
15794
15795
15799
15802
15806
15809
15810
15813
15814
15815
15817
15820
15822
15840
15858
15860
15873
15884
15891
15893
15894
15897
15907
15908
15924
15925
15930
15931
15934
15935
15939
15942
15943
15949
15954
15961
15968
15972
15978
15980
15982
15984
15986
15990
15993
15995
15996
15999
16002
16006
16008
16009
16013
16016
16018
16020
16022
16023
16025
16027
16029
16031
16033
16035
16037
16040
16042
16043
16046
16047
16048
16051
16053
16055
16058
16060
16062
16064
16065
16066
16068
16070
16075
16076
16079
16081
16082
16088
16091
16093
16101
16103
16104
16105
16109
16112
16113
16114
16115
16118
16120
16121
16124
16127
16130
16132
16134
16137
16138
16140
16142
16146
16148
16150
16151
16153
16156
16158
16159
16162
16166
16167
16168
16171
16177
16179
16181
16186
16188
16189
16190
16195
16197
16200
16202
16208
16211
16212
16213
16216
16217
16220
16221
16229
16232
16234
16243
16248
16252
16262
16263
16265
16268
16269
16270
16271
16273
16274
16275
16278
16282
16284
16286
16289
16291
16295
16323
16326
16344
16347
16349
16350
16354
16356
16362
16369
16371
16373
16377
16378
16380
16386
16387
16388
16390
16393
16399
16403
16404
16408
16413
16414
16416
16418
16429
16430
16434
16438
16441
16444
16448
16481
16489
16498
16500
16503
16505
16506
16508
16511
16516
16519
16521
16522
16524
16525
16527
16529
16530
16531
16535
16538
16539
16542
16545
16546
16547
16549
16554
16556
16560
16561
16564
16567
16568
16570
16576
16577
16578
16579
16584
16587
16588
16590
16592
16593
16597
16598
16602
16603
16605
16608
16612
16615
16616
16618
16620
16623
16624
16625
16627
16628
16629
16630
16631
16635
16640
16644
16647
16648
16650
16651
16655
16656
16689
16692
16696
16705
16748
16752
16756
16757
16759
16763
16766
16767
16770
16773
16778
16782
16788
16791
16792
16794
16800
16801
16802
16804
16806
16808
16811
16812
16818
16819
16820
16824
16827
16829
16831
16834
16836
16837
16838
16840
16842
16844
16845
16849
16850
16853
16854
16856
16858
16859
16861
16862
16866
16868
16869
16871
16874
16878
16883
16887
16891
16893
16895
16897
16899
16902
16904
16910
16912
16915
16920
16922
16924
16925
16929
16930
16931
16934
16937
16939
16940
16941
16951
16955
16956
16958
16962
16964
16966
16970
16971
16972
16974
16975
17007
17039
17041
17046
17047
17049
17095
17114
17159
17178
17181
17182
17187
17188
17191
17193
17195
17198
17203
17206
17208
17212
17213
17215
17216
17219
17221
17222
17224
17225
17230
17231
17235
17236
17238
17239
17241
17242
17245
17246
17276
17298
17300
17302
17304
17306
17307
17309
17312
17314
17316
17318
17319
17321
17322
17323
17328
17329
17332
17333
17337
17339
17381
17390
17393
17394
17395
17397
17399
17401
17402
17403
17406
17407
17408
17412
17413
17455
17457
17458
17459
17463
17464
17466
17467
17471
17475
17476
17478
17481
17484
17485
17487
17488
17491
17493
17495
17496
17499
17500
17502
17505
17507
17510
17511
17515
17519
17522
17523
17524
17526
17527
17529
17533
17534
17535
17536
17538
17539
17540
17541
17545
17547
17549
17550
17552
17553
17555
17558
17559
17562
17565
17566
17567
17568
17570
17571
17574
17575
17579
17580
17582
17584
17586
17588
17591
17594
17630
17649
17650
17652
17655
17657
17658
17660
17662
17666
17667
17671
17673
17678
17680
17681
17685
17686
17691
17693
17700
17703
17706
17708
17709
17710
17718
17719
17723
17725
17726
17727
17730
17732
17733
17734
17736
17738
17748
17749
17759
17766
17769
17770
17812
17813
17923
17924
17929
17931
17933
17934
17935
17937
17946
17961
17964
17977
17981
17984
17987
17991
17993
17995
18000
18055
18057
18058
18059
18061
18097
18102
18103
18106
18107
18108
18128
18132
18135
18138
18139
18141
18143
18145
18148
18152
18153
18156
18159
18163
18164
18165
18167
18168
18171
18189
18199
18211
18214
18216
18217
18219
18221
18223
18224
18225
18226
18227
18230
18239
18241
18242
18243
18244
18246
18247
18249
18253
18256
18258
18273
18274
18275
18282
18284
18287
18289
18292
18296
18297
18298
18301
18303
18304
18307
18309
18310
18311
18312
18314
18315
18316
18319
18320
18321
18323
18325
18326
18328
18330
18331
18334
18336
18338
18340
18342
18344
18345
18347
18351
18352
18356
18360
18362
18366
18367
18372
18420
18434
18447
18461
18466
18522
18536
18538
18541
18544
18547
18551
18554
18555
18557
18561
18564
18565
18571
18572
18574
18578
18579
18584
18610
18629
18637
18706
18707
18708
18712
18714
18716
18764
18766
18772
18777
18779
18780
18782
18784
18786
18789
18790
18792
18794
18795
18796
18798
18800
18804
18806
18808
18810
18812
18814
18816
18818
18820
18822
18823
18825
18828
18830
18831
18836
18839
18840
18843
18847
18865
18866
18870
18872
18874
18875
18876
18877
18878
18879
18882
18885
18888
18889
18891
18894
18895
18896
18897
18900
18903
18904
18909
18910
18953
18954
18958
18959
18960
18963
18965
18966
18968
18969
18971
18973
18974
18977
18979
18980
18981
19005
19032
19037
19038
19071
19112
19150
19152
19155
19157
19159
19165
19166
19167
19168
19169
19171
19175
19177
19183
19184
19187
19191
19198
19199
19201
19203
19205
19206
19207
19208
19210
19211
19219
19220
19223
19224
19226
19227
19230
19234
19235
19239
19241
19245
19248
19249
19251
19252
19253
19254
19255
19258
19260
19263
19264
19268
19270
19273
19277
19287
19292
19313
19314
19316
19318
19321
19323
19326
19329
19343
19344
19396
19444
19453
19457
19462
19465
19466
19468
19470
19471
19472
19474
19476
19478
19480
19482
19485
19486
19487
19489
19490
19493
19496
19498
19501
19506
19510
19511
19522
19524
19528
19529
19538
19551
19552
19553
19555
19558
19562
19567
19573
19577
19580
19581
19639
19652
19654
19661
19686
19689
19693
19748
19760
19761
19764
19767
19769
19771
19774
19775
19778
19780
19781
19782
19784
19789
19791
19794
19795
19796
19798
19799
19806
19808
19809
19811
19817
19819
19820
19822
19825
19826
19829
19830
19832
19833
19834
19836
19837
19838
19842
19844
19846
19848
19850
19852
19853
19855
19858
19859
19860
19862
19865
19866
19869
19872
19874
19876
19878
19879
19880
19883
19885
19887
19888
19889
19890
19892
19894
19895
19897
19902
19907
19910
19911
19914
19915
19917
19920
19921
19922
19925
19927
19928
19930
19931
19933
19935
19936
19938
19939
19942
19944
19945
19948
19950
19954
19955
19957
19958
19962
19963
19964
19965
19966
19969
19973
19976
19978
19980
19981
19983
19998
20031
20033
20034
20037
20048
20049
20051
20112
20124
20148
20151
20191
20194
20202
20205
20206
20207
20208
20213
20293
20350
20352
20357
20358
20362
20363
20365
20368
20369
20370
20375
20376
20379
20380
20383
20389
20390
20392
20394
20396
20400
20402
20403
20405
20420
20424
20425
20430
20433
20435
20436
20439
20441
20445
20448
20449
20451
20453
20458
20460
20463
20466
20467
20470
20471
20473
20476
20477
20482
20483
20484
20486
20489
20490
20493
20497
20498
20499
20501
20511
20514
20515
20517
20523
20524
20526
20531
20535
20537
20539
20542
20543
20545
20549
20593
20617
20626
20643
20647
20648
20650
20653
20655
20657
20660
20664
20667
20668
20671
20672
20678
20682
20686
20688
20692
20694
20699
20701
20705
20706
20708
20711
20713
20716
20718
20722
20728
20732
20735
20739
20744
20748
20750
20753
20756
20759
20761
20765
20768
20770
20772
20774
20780
20783
20787
20789
20790
20793
20794
20796
20797
20799
20800
20809
20811
20813
20815
20816
20818
20821
20823
20825
20827
20828
20829
20830
20832
20839
20842
20846
20848
20850
20852
20857
20858
20860
20865
20866
20867
20874
20875
20877
20880
20881
20883
20884
20889
20891
20893
20894
20896
20913
20915
20918
20921
20922
20923
20924
20925
20927
20929
20932
20934
20935
20937
20940
20941
20942
20943
20947
20948
20949
20951
20953
20955
20957
20959
20961
20962
20965
20966
20967
20983
20985
20987
20991
20993
20994
20997
20999
21000
21005
21034
21038
21039
21043
21048
21052
21056
21057
21092
21094
21097
21098
21099
21112
21192
21194
21198
21201
21209
21212
21213
21214
21229
21231
21233
21234
21235
21237
21239
21241
21243
21245
21248
21251
21252
21256
21258
21261
21264
21269
21273
21276
21277
21280
21284
21287
21288
21289
21291
21293
21296
21298
21300
21303
21304
21313
21314
21320
21322
21324
21328
21329
21334
21336
21337
21339
21340
21341
21343
21347
21348
21350
21352
21357
21359
21360
21389
21401
21515
21518
21525
21526
21527
21532
21535
21537
21538
21539
21587
21644
21647
21649
21652
21654
21659
21660
21667
21712
21719
21726
21728
21734
21737
21738
21742
21743
21746
21748
21750
21751
21754
21756
21758
21759
21761
21762
21763
21767
21771
21776
21777
21779
21780
21781
21783
21784
21785
21788
21789
21790
21792
21794
21797
21798
21800
21812
21824
21834
21866
21868
21870
21874
21881
21882
21884
21886
21919
21946
21953
21962
21965
21967
21971
21973
21977
21978
21982
21985
21987
21989
21993
21994
22017
22020
22021
22025
22027
22028
22030
22031
22032
22033
22034
22037
22039
22040
22041
22042
22046
22048
22051
22052
22054
22055
22056
22058
22061
22062
22064
22066
22070
22072
22073
22078
22083
22085
22086
22088
22089
22091
22092
22094
22096
22098
22100
22103
22104
22124
22125
22127
22129
22132
22157
22158
22159
22173
22176
22178
22180
22181
22183
22185
22188
22190
22193
22195
22197
22254
22307
22309
22312
22313
22315
22317
22318
22320
22321
22327
22329
22330
22331
22332
22335
22338
22340
22343
22344
22346
22347
22349
22350
22353
22354
22357
22358
22361
22363
22364
22365
22367
22369
22371
22374
22380
22381
22383
22385
22388
22390
22391
22393
22394
22396
22398
22399
22401
22402
22404
22405
22408
22412
22414
22416
22418
22419
22421
22423
22425
22426
22429
22431
22432
22434
22435
22438
22440
22443
22444
22446
22520
22522
22523
22536
22645
22647
22650
22651
22653
22657
22658
22661
22662
22666
22670
22677
22680
22682
22684
22690
22693
22695
22697
22700
22706
22707
22709
22711
22713
22719
22721
22722
22724
22725
22726
22777
22784
22786
22796
22803
22804
22809
22810
22834
22845
22849
22851
22855
22856
22858
22859
22861
22862
22865
22870
22958
23041
23071
23076
23078
23082
23086
23088
23091
23094
23097
23098
23102
23107
23108
23110
23115
23117
23118
23130
23156
23159
23164
23166
23167
23171
23173
23191
23231
23233
23258
23299
23338
23339
23340
23348
23353
23356
23359
23362
23364
23366
23372
23375
23376
23377
23378
23380
23382
23386
23400
23409
23412
23413
23414
23415
23417
23421
23424
23425
23428
23430
23451
23453
23458
23461
23473
23489
23514
23516
23520
23523
23529
23535
23536
23541
23542
23554
23556
23558
23560
23565
23567
23571
23577
23579
23580
23582
23585
23587
23589
23593
23595
23596
23599
23602
23603
23605
23609
23610
23611
23613
23614
23618
23621
23626
23628
23630
23634
23636
23637
23640
23642
23645
23648
23649
23651
23652
23653
23660
23662
23663
23667
23669
23671
23672
23673
23674
23675
23698
23700
23781
23782
23806
23825
23829
23830
23835
23837
23838
23839
23842
23844
23847
23850
23852
23854
23860
23862
23864
23869
23870
23872
23873
23874
23877
23879
23880
23881
23884
23888
23890
23892
23894
23895
23897
23901
23903
23904
23910
23912
23914
23917
23921
23926
24004
24021
24032
24035
24036
24037
24038
24040
24076
24077
24086
24155
24243
24344
24345
24347
24348
24350
24351
24352
24353
24366
24392
24400
24402
24403
24404
24407
24410
24415
24416
24418
24419
24422
24423
24426
24431
24432
24442
24445
24448
24450
24451
24455
24457
24460
24461
24467
24471
24475
24476
24479
24481
24483
24486
24488
24489
24492
24493
24495
24499
24501
24504
24505
24511
24512
24513
24517
24519
24520
24521
24525
24527
24529
24530
24533
24535
24538
24540
24542
24549
24569
24571
24575
24578
24584
24587
24588
24595
24597
24598
24599
24602
24605
24610
24612
24614
24616
24617
24619
24620
24621
24625
24637
24638
24640
24644
24647
24650
24663
24664
24670
24673
24674
24675
24678
24680
24682
24687
24689
24691
24694
24696
24701
24702
24705
24709
24710
24715
24719
24721
24726
24730
24733
24735
24740
24746
24749
24756
24763
24772
24774
24776
24779
24783
24785
24786
24791
24794
24795
24796
24797
24799
24801
24804
24807
24809
24810
24812
24813
24815
24816
24819
24820
24825
24827
24832
24834
24836
24837
24839
24840
24842
24844
24847
24850
24852
24853
24857
24860
24865
24868
24872
24876
24877
24880
24882
24884
24887
24890
24892
24895
24897
24899
24901
24903
24907
24908
24914
24917
24921
24925
24927
24930
24931
24934
24935
24939
24940
24942
24945
24946
24948
24949
24951
24953
24954
24958
24962
24963
24964
24967
24968
24973
24974
24975
24979
24980
24981
24982
24983
24984
24988
24990
24991
24993
24994
24996
24997
24999
25001
25002
25005
25008
25010
25011
25013
25017
25019
25023
25027
25028
25030
25031
25033
25034
25035
25036
25038
25041
25042
25044
25046
25048
25049
25050
25052
25054
25055
25058
25063
25064
25066
25069
25074
25076
25077
25079
25083
25085
25086
25087
25089
25094
25095
25097
25102
25105
25107
25110
25112
25116
25117
25121
25125
25129
25130
25131
25132
25136
25141
25142
25146
25147
25148
25150
25153
25155
25159
25161
25163
25165
25166
25170
25171
25174
25175
25177
25178
25181
25182
25185
25186
25187
25193
25194
25196
25199
25200
25201
25203
25205
25208
25213
25219
25220
25227
25230
25232
25233
25235
25237
25238
25240
25243
25246
25251
25253
25258
25261
25262
25280
25348
25351
25353
25363
25395
25402
25437
25452
25456
25459
25463
25464
25465
25467
25469
25470
25473
25474
25476
25479
25483
25485
25486
25487
25489
25491
25493
25494
25496
25497
25500
25502
25504
25506
25507
25510
25513
25515
25518
25520
25521
25522
25526
25527
25529
25531
25532
25537
25538
25542
25543
25545
25550
25552
25553
25572
25576
25578
25579
25581
25583
25586
25588
25591
25595
25598
25599
25600
25602
25603
25604
25605
25607
25608
25610
25612
25617
25618
25620
25622
25624
25627
25629
25631
25632
25634
25635
25636
25637
25639
25641
25643
25644
25645
25646
25648
25651
25655
25657
25660
25662
25664
25665
25666
25670
25671
25672
25675
25676
25678
25680
25683
25686
25689
25690
25691
25695
25697
25699
25701
25702
25703
25704
25705
25708
25710
25716
25719
25721
25722
25725
25726
25728
25730
25734
25735
25738
25739
25741
25744
25747
25749
25752
25753
25754
25755
25756
25757
25759
25765
25768
25770
25771
25773
25776
25777
25782
25784
25785
25788
25789
25790
25792
25794
25799
25801
25802
25807
25809
25812
25813
25814
25815
25816
25818
25819
25829
25834
25840
25846
25851
25874
25897
25921
25937
25950
25961
26007
26028
26125
26128
26132
26134
26144
26162
26180
26181
26185
26187
26191
26194
26197
26204
26206
26272
26279
26282
26283
26284
26288
26289
26292
26294
26296
26297
26299
26300
26301
26307
26310
26312
26314
26319
26324
26325
26329
26331
26334
26337
26338
26339
26342
26343
26345
26347
26351
26358
26361
26363
26366
26382
26383
26384
26385
26386
26387
26389
26395
26396
26397
26398
26401
26402
26404
26407
26408
26502
26514
26515
26518
26519
26521
26522
26525
26526
26528
26530
26532
26539
26543
26548
26549
26550
26553
26554
26555
26557
26559
26560
26561
26567
26569
26574
26581
26588
26591
26596
26597
26600
26605
26609
26612
26614
26617
26623
26625
26629
26649
26671
26672
26673
26676
26767
26817
26843
26845
26846
26850
26851
26853
26856
26858
26860
26862
26865
26866
26869
26870
26873
26875
26877
26880
26883
26884
26885
26886
26887
26888
26889
26891
26894
26896
26897
26899
26901
26903
26904
26906
26907
26909
26910
26912
26914
26916
26923
26924
26928
26930
26932
26936
26937
26938
26940
26941
26943
26948
26950
26953
26956
26958
26964
26967
26969
26971
26972
26977
26978
26979
26982
26984
26986
26987
26991
26994
26996
26998
26999
27004
27007
27008
27012
27014
27015
27017
27019
27020
27021
27022
27023
27025
27027
27031
27033
27036
27038
27040
27042
27048
27050
27052
27055
27059
27061
27062
27064
27066
27073
27074
27075
27080
27083
27084
27086
27088
27089
27091
27094
27104
27112
27113
27116
27118
27119
27122
27123
27135
27183
27184
27186
27189
27192
27194
27199
27202
27205
27207
27209
27211
27212
27216
27221
27224
27227
27231
27235
27237
27238
27239
27241
27244
27245
27247
27249
27253
27255
27259
27262
27268
27269
27271
27274
27278
27281
27284
27287
27288
27289
27293
27295
27298
27299
27302
27303
27305
27309
27310
27311
27315
27316
27319
27351
27354
27359
27362
27365
27366
27368
27369
27374
27377
27378
27381
27382
27415
27427
27441
27452
27457
27478
27482
27502
27528
27544
27545
27546
27551
27555
27556
27558
27561
27563
27564
27566
27568
27570
27572
27574
27576
27579
27586
27618
27619
27621
27622
27624
27627
27632
27633
27634
27644
27647
27658
27660
27661
27662
27663
27666
27667
27669
27670
27674
27695
27697
27699
27700
27701
27702
27723
27725
27728
27730
27733
27736
27747
27750
27751
27760
27766
27767
27772
27773
27775
27776
27777
27779
27780
27788
27789
27790
27792
27795
27797
27800
27802
27805
27807
27808
27812
27816
27817
27818
27820
27822
27826
27828
27830
27831
27837
27840
27842
27846
27848
27849
27851
27855
27857
27859
27860
27861
27864
27869
27872
27877
27879
27880
27882
27884
27889
27891
27893
27895
27896
27901
27903
27904
27907
27909
27913
27914
27919
27922
27923
27926
27930
27933
27936
27938
27939
27942
27944
27950
27951
27953
27954
27955
27961
27965
27966
27968
27970
27972
27974
27976
27977
27981
27984
27989
27991
27993
27997
27999
28002
28005
28006
28009
28015
28016
28018
28020
28022
28024
28026
28028
28029
28032
28033
28037
28041
28042
28044
28046
28047
28049
28052
28054
28058
28060
28125
28140
28143
28147
28150
28152
28154
28155
28188
28248
28272
28274
28276
28278
28282
28284
28285
28287
28288
28290
28293
28295
28296
28297
28298
28299
28301
28304
28333
28360
28446
28454
28457
28459
28468
28469
28472
28475
28479
28480
28481
28485
28486
28489
28490
28491
28496
28498
28500
28513
28553
28608
28611
28614
28618
28639
28641
28643
28648
28650
28652
28655
28656
28658
28661
28665
28669
28671
28673
28675
28678
28683
28686
28688
28689
28690
28692
28694
28697
28698
28700
28701
28704
28706
28710
28718
28721
28723
28726
28727
28728
28729
28731
28732
28736
28738
28740
28741
28744
28745
28746
28747
28749
28751
28760
28761
28764
28768
28770
28772
28775
28777
28780
28781
28783
28785
28787
28789
28791
28792
28794
28804
28806
28809
28810
28814
28816
28861
28862
28864
28865
28867
28869
28877
28887
28897
28901
28902
28931
28932
28934
28937
28938
28939
28942
28947
28950
28951
28952
28953
28954
28957
28958
28961
29003
29008
29009
29010
29011
29014
29018
29019
29022
29026
29036
29039
29043
29044
29048
29075
29078
29082
29083
29095
29098
29102
29107
29111
29127
29130
29131
29136
29137
29141
29159
29183
29188
29189
29191
29192
29194
29233
29235
29251
29252
29254
29256
29258
29261
29270
29273
29293
29296
29300
29301
29303
29327
29329
29333
29336
29339
29372
29378
29381
29384
29386
29388
29392
29393
29399
29400
29403
29409
29410
29411
29416
29418
29419
29421
29422
29424
29425
29429
29433
29435
29436
29437
29439
29440
29444
29445
29446
29450
29459
29461
29468
29470
29471
29472
29473
29475
29478
29479
29482
29486
29489
29490
29492
29496
29498
29499
29501
29504
29505
29529
29530
29531
29532
29535
29536
29537
29541
29542
29545
29548
29549
29551
29554
29555
29557
29560
29561
29566
29568
29569
29571
29572
29573
29575
29626
29628
29632
29633
29634
29672
29675
29678
29684
29685
29688
29689
29692
29693
29694
29724
29726
29727
29729
29730
29731
29732
29733
29744
29754
29767
29770
29797
29866
29867
29870
29872
29874
29876
29877
29879
29880
29881
29883
29884
29885
30012
30025
30043
30044
30045
30079
30109
30157
30162
30232
30233
30236
30238
30240
30251
30253
30257
30262
30264
30266
30267
30270
30274
30276
30277
30279
30285
30287
30290
30295
30326
30335
30340
30356
30359
30360
30362
30363
30364
30367
30369
30370
30374
30378
30380
30381
30383
30391
30393
30396
30398
30402
30405
30409
30414
30418
30420
30422
30424
30427
30428
30430
30431
30433
30435
30436
30439
30442
30443
30445
30446
30448
30451
30452
30476
30480
30482
30483
30488
30490
30497
30558
30608
30701
30752
30814
30817
30824
30835
30839
30844
30845
30849
30850
30856
30859
30860
30863
30867
30875
30876
30879
30880
30884
30887
30888
30890
30894
30896
30897
30898
30906
30910
30911
30913
30915
30918
30920
30924
30926
30930
30932
30937
30939
30946
30949
30961
30965
30968
30969
30976
30983
30986
30987
30989
30990
30992
30994
30999
31000
31001
31005
31006
31007
31013
31016
31019
31022
31025
31030
31035
31038
31040
31046
31048
31051
31053
31054
31056
31059
31061
31062
31064
31066
31067
31072
31076
31082
31089
31093
31096
31102
31107
31108
31110
31113
31116
31119
31120
31121
31122
31127
31130
31131
31135
31139
31143
31146
31148
31153
31155
31158
31159
31161
31162
31165
31166
31167
31171
31172
31173
31180
31184
31186
31187
31188
31190
31191
31192
31195
31198
31201
31202
31207
31210
31213
31214
31215
31220
31224
31226
31228
31231
31232
31233
31235
31237
31238
31240
31241
31242
31243
31246
31249
31252
31256
31257
31259
31261
31266
31268
31270
31274
31277
31278
31281
31285
31288
31289
31291
31368
31371
31372
31374
31377
31378
31379
31381
31383
31386
31388
31420
31436
31575
31576
31632
31652
31666
31668
31669
31682
31685
31690
31698
31700
31704
31705
31716
31722
31730
31740
31743
31744
31753
31758
31762
31772
31778
31786
31801
31824
31832
31838
31861
31865
31867
31868
31872
31873
31895
31896
31913
31916
31917
31918
31919
31920
31922
31924
31927
31929
31930
31931
31933
31934
31936
31938
31942
31945
31946
31949
31952
31959
31962
31964
31966
31972
31980
31998
32047
32097
32099
32113
32138
32162
32215
32216
32218
32222
32223
32224
32226
32230
32264
32282
32298
32325
32340
32353
32384
32392
32395
32397
32433
32434
32492
32500
32537
32651
32653
32659
32704
32735
32736
32740
32742
32743
32749
32752
32754
32755
32756
32798
32804
32807
32810
32814
32815
32902
33014
33054
33063
33088
33090
33092
33093
33095
33097
33098
33099
33100
33101
33103
33104
33108
33109
33110
33111
33112
33114
33115
33117
33120
33123
33125
33128
33130
33132
33133
33137
33138
33140
33142
33144
33147
33149
33150
33152
33153
33159
33160
33161
33162
33164
33165
33166
33206
33275
33301
33308
33311
33313
33314
33315
33320
33322
33325
33327
33329
33330
33331
33333
33334
33336
33338
33345
33347
33348
33350
33352
33354
33355
33357
33360
33362
33364
33368
33371
33377
33379
33382
33383
33385
33387
33390
33393
33396
33398
33399
33401
33405
33406
33411
33412
33418
33421
33422
33426
33428
33433
33434
33438
33439
33441
33444
33445
33448
33451
33452
33454
33455
33456
33458
33459
33460
33462
33464
33466
33469
33471
33475
33477
33480
33482
33487
33489
33490
33493
33495
33497
33501
33504
33508
33509
33514
33519
33553
33606
33607
33628
33634
33635
33636
33638
33640
33642
33646
33649
33652
33655
33656
33659
33661
33663
33664
33666
33667
33670
33671
33673
33676
33678
33681
33684
33687
33694
33770
33863
33890
33892
33894
33924
33946
33951
33963
33972
34010
34021
34041
34086
34091
34092
34093
34096
34105
34110
34279
34299
34327
34382
34410
34415
34417
34421
34424
34425
34428
34432
34434
34436
34438
34440
34442
34446
34450
34459
34460
34547
34588
34591
34592
34596
34598
34600
34602
34604
34609
34611
34614
34620
34625
34627
34630
34631
34636
34638
34643
34645
34648
34651
34652
34656
34666
34677
34682
34685
34688
34741
34770
34772
34775
34777
34779
34784
34786
34798
34819
34840
34857
34894
34901
34903
34908
34910
34914
34917
34918
34922
34924
34927
34928
34930
34932
34934
34937
34940
34941
34942
34967
34968
34996
35047
35056
35079
35094
35096
35098
35099
35103
35113
35118
35120
35124
35244
35270
35287
35307
35347
35354
35378
35381
35383
35384
35387
35390
35391
35392
35393
35397
35401
35419
35434
35436
35439
35440
35477
35479
35481
35506
35526
35531
35536
35541
35546
35553
35554
35558
35574
35578
35579
35583
35589
35592
35595
35596
35602
35604
35606
35607
35610
35613
35615
35618
35619
35622
35624
35626
35630
35631
35634
35637
35643
35644
35647
35650
35651
35653
35654
35657
35658
35660
35661
35663
35666
35669
35674
35677
35680
35682
35683
35685
35688
35691
35692
35696
35700
35702
35704
35706
35785
35790
35792
35795
35798
35801
35844
35849
35853
35856
35907
35981
36021
36077
36081
36084
36085
36088
36089
36090
36091
36092
36093
36095
36096
36144
36204
36216
36310
36311
36313
36316
36317
36374
36391
36393
36401
36422
36424
36426
36430
36431
36434
36436
36440
36493
36514
36516
36520
36522
36523
36524
36526
36531
36533
36534
36535
36537
36538
36539
36541
36620
36662
36730
36778
36798
36802
36805
36808
36813
36843
36873
36924
36925
36956
36957
36958
36986
36995
37073
37089
37097
37112
37124
37136
37141
37142
37147
37149
37158
37160
37161
37163
37166
37167
37170
37210
37212
37214
37216
37220
37224
37225
37230
37237
37238
37241
37244
37249
37251
37255
37273
37274
37279
37281
37284
37287
37292
37299
37302
37394
37429
37439
37465
37470
37471
37473
37512
37516
37545
37574
37600
37603
37604
37609
37611
37615
37618
37620
37623
37624
37625
37626
37627
37630
37633
37636
37637
37642
37646
37647
37649
37650
37652
37653
37658
37661
37668
37673
37676
37678
37682
37685
37688
37694
37697
37699
37704
37705
37729
37730
37733
37738
37740
37741
37742
37775
37812
37830
37863
37906
37918
37955
37968
37972
37974
38054
38057
38060
38063
38065
38068
38069
38070
38074
38077
38126
38140
38162
38195
38198
38200
38202
38204
38205
38206
38207
38214
38215
38221
38228
38232
38237
38240
38241
38245
38252
38255
38258
38260
38264
38270
38275
38286
38287
38288
38292
38348
38350
38432
38502
38516
38558
38561
38564
38567
38570
38572
38578
38579
38580
38582
38584
38585
38588
38589
38613
38661
38663
38665
38666
38669
38673
38674
38676
38680
38681
38684
38687
38689
38691
38693
38696
38702
38704
38708
38711
38714
38715
38716
38718
38721
38722
38725
38731
38732
38734
38736
38743
38745
38747
38749
38755
38757
38758
38760
38762
38763
38765
38766
38770
38771
38772
38776
38777
38780
38783
38785
38788
38789
38792
38795
38796
38798
38801
38805
38808
38810
38813
38817
38820
38821
38822
38824
38825
38828
38829
38831
38833
38834
38837
38838
38840
38843
38844
38846
38847
38850
38852
38853
38855
38856
38857
38858
38862
38863
38865
38868
38871
38873
38874
38878
38884
38886
38887
38888
38890
38892
38896
38898
38902
38905
38906
38911
38914
38915
38917
38919
38921
38923
38927
38970
38988
38990
38992
38994
38998
38999
39000
39054
39057
39073
39109
39146
39151
39153
39162
39185
39187
39204
39284
39286
39290
39293
39297
39298
39302
39303
39305
39307
39311
39313
39315
39317
39318
39319
39320
39322
39325
39327
39331
39336
39339
39361
39364
39391
39392
39488
39519
39567
39575
39608
39609
39613
39614
39616
39618
39621
39624
39627
39628
39631
39632
39633
39635
39636
39642
39643
39646
39649
39651
39652
39655
39658
39660
39661
39664
39672
39675
39676
39678
39681
39684
39687
39692
39694
39695
39712
39715
39718
39719
39721
39722
39723
39727
39731
39734
39736
39738
39740
39742
39747
39748
39749
39750
39753
39755
39757
39758
39764
39765
39768
39772
39774
39778
39780
39783
39786
39788
39790
39793
39796
39801
39802
39806
39807
39809
39810
39811
39813
39816
39817
39821
39840
39844
39845
39850
39852
39874
39936
39946
40014
40016
40021
40030
40163
40203
40208
40211
40221
40237
40247
40258
40339
40438
40443
40445
40454
40455
40461
40462
40468
40471
40472
40474
40479
40481
40483
40485
40489
40497
40498
40501
40507
40512
40514
40518
40519
40525
40531
40533
40534
40540
40542
40544
40545
40547
40548
40551
40553
40555
40556
40557
40558
40560
40562
40565
40566
40568
40569
40572
40576
40577
40580
40584
40585
40587
40589
40594
40595
40596
40600
40604
40605
40606
40611
40614
40615
40618
40629
40635
40636
40637
40638
40639
40641
40646
40650
40652
40661
40664
40668
40672
40673
40674
40675
40678
40680
40681
40682
40685
40687
40688
40690
40699
40701
40710
40750
40790
40796
40804
40817
40820
40823
40834
40836
40840
40843
40845
40847
40849
40852
40855
40856
40858
40859
40867
40868
40874
40916
40936
41024
41028
41033
41035
41036
41263
41312
41334
41335
41375
41376
41377
41380
41382
41383
41398
41399
41402
41409
41411
41413
41416
41421
41424
41431
41436
41437
41442
41443
41444
41452
41453
41455
41457
41492
41624
41641
41704
41705
41707
41718
41720
41723
41729
41730
41732
41734
41743
41746
41749
41750
41756
41770
41775
41779
41889
41906
41909
41910
41918
41919
41921
41925
41966
41998
42000
42002
42004
42005
42023
42025
42026
42029
42038
42050
42054
42061
42066
42071
42073
42081
42082
42087
42090
42092
42113
42115
42118
42121
42122
42126
42127
42129
42131
42133
42134
42136
42139
42140
42141
42143
42144
42146
42147
42150
42153
42157
42158
42159
42161
42163
42165
42166
42168
42169
42171
42173
42174
42186
42196
42197
42200
42203
42206
42208
42211
42212
42215
42218
42220
42224
42226
42227
42228
42231
42234
42237
42239
42241
42242
42244
42247
42249
42252
42254
42256
42257
42259
42263
42266
42267
42268
42273
42274
42276
42279
42281
42282
42285
42287
42289
42290
42291
42293
42294
42296
42297
42299
42325
42327
42331
42336
42356
42402
42466
42502
42505
42514
42578
42581
42583
42584
42585
42587
42591
42594
42595
42599
42600
42603
42605
42606
42609
42611
42615
42616
42617
42618
42621
42623
42625
42627
42628
42630
42632
42634
42635
42637
42639
42641
42642
42644
42647
42648
42651
42652
42653
42655
42657
42660
42661
42664
42665
42667
42670
42672
42673
42674
42677
42680
42682
42702
42710
42721
42828
42927
42929
42932
42938
42943
42968
42969
42971
42988
43011
43015
43020
43021
43028
43031
43038
43051
43053
43055
43057
43058
43132
43135
43136
43140
43141
43145
43151
43152
43154
43168
43203
43222
43224
43225
43228
43229
43232
43233
43235
43236
43238
43242
43243
43256
43320
43338
43398
43521
43544
43546
43548
43551
43552
43563
43564
43566
43568
43569
43572
43574
43576
43580
43582
43583
43585
43586
43588
43589
43591
43598
43600
43602
43609
43611
43639
43666
43668
43669
43672
43676
43686
43687
43689
43738
43761
43784
43803
43830
43833
43834
43837
43890
43893
43897
43901
43902
43903
43904
43908
43909
43921
43922
43924
43927
43931
43934
43965
43967
43998
44005
44009
44011
44038
44042
44097
44151
44178
44251
44286
44293
44305
44388
44463
44544
44661
44696
44698
44703
44704
44706
44708
44711
44712
44789
44884
44926
45111
45228
45253
45271
45429
45534
45568
45600
45604
45605
45607
45610
45619
45644
45651
45667
45702
45794
45799
45804
45807
45812
45813
45898
45924
46037
46038
46063
46065
46067
46073
46082
46092
46312
46322
46324
46326
46329
46334
46337
46343
46347
46348
46349
46350
46354
46356
46360
46364
46368
46369
46370
46371
46374
46375
46377
46381
46383
46384
46387
46393
46394
46396
46399
46407
46419
46420
46422
46503
46505
46506
46511
46514
46516
46519
46520
46521
46522
46524
46526
46528
46529
46531
46532
46533
46665
46679
46721
46723
46725
46728
46729
46731
46735
46745
46749
46934
46936
46945
47025
47041
47068
47072
47086
47115
47119
47123
47125
47144
47148
47151
47160
47161
47166
47168
47174
47177
47183
47186
47188
47190
47194
47196
47197
47199
47201
47204
47208
47209
47217
47222
47224
47236
47237
47247
47250
47253
47254
47255
47256
47257
47261
47262
47287
47333
47453
47456
47457
47458
47462
47465
47467
47468
47470
47657
47664
47697
47713
47715
47732
47735
47752
47754
47756
47757
47760
47763
47765
47766
47770
47775
47779
47780
47799
47801
47809
47812
47833
47837
47839
47841
47846
47891
47921
47922
47926
47929
47935
47938
47941
47947
48003
48007
48014
48015
48017
48026
48032
48058
48142
48184
48188
48190
48191
48192
48194
48195
48197
48203
48206
48207
48210
48215
48217
48218
48219
48221
48225
48228
48230
48236
48237
48239
48243
48246
48249
48253
48254
48257
48260
48264
48265
48278
48313
48314
48315
48316
48328
48331
48379
48389
48391
48394
48397
48433
48435
48437
48443
48445
48449
48451
48472
48533
48574
48576
48606
48610
48675
48678
48687
48691
48693
48701
48703
48711
48714
48716
48722
48726
48728
48729
48731
48733
48734
48738
48741
48744
48745
48747
48749
48751
48758
48761
48763
48769
48771
48774
48777
48780
48781
48789
48790
48793
48795
48797
48799
48800
48801
48804
48807
48808
48810
48814
48820
48822
48825
48828
48830
48834
48835
48843
48844
48845
48848
48849
48850
48852
48856
48857
48860
48861
48863
48865
48866
48870
48875
48878
48882
48884
48889
48896
48899
48900
48909
48910
48913
48916
48918
48920
48924
48927
48929
48931
48936
48939
48940
48944
48945
48951
48954
48955
48960
48988
48991
48993
48997
48998
48999
49050
49068
49081
49082
49087
49092
49168
49202
49218
49225
49259
49261
49263
49265
49267
49271
49337
49354
49377
49386
49388
49391
49396
49397
49398
49401
49402
49404
49405
49409
49410
49412
49414
49415
49420
49421
49422
49480
49538
49542
49553
49766
49769
49771
49774
49784
49786
49788
49790
49795
49799
49806
49809
49846
49849
49851
49855
49858
49860
49861
49864
49865
49869
49873
49874
49876
49878
49880
49881
49882
49887
49892
49894
49898
49902
49903
49908
49910
49930
49932
49935
49939
49941
49944
49948
49950
49958
49960
49963
49965
49970
49980
49982
49984
49989
49992
49994
49997
49999
50003
50004
50006
50007
50012
50026
50031
50119
50130
50145
50242
50263
50267
50268
50270
50274
50292
50311
50359
50394
50424
50473
50580
50719
50838
50937
51012
51073
51130
51141
51164
51216
51228
51281
51466
51471
51474
51477
51479
51481
51487
51490
51498
51500
51502
51504
51508
51509
51562
51563
51566
51567
51569
51570
51615
51651
51789
51882
51934
51953
51964
51969
51970
52012
52072
52073
52074
52079
52086
52090
52092
52096
52098
52100
52101
52103
52104
52106
52109
52111
52112
52119
52120
52131
52138
52141
52154
52159
52175
52198
52208
52212
52213
52216
52218
52219
52221
52226
52232
52234
52237
52241
52243
52252
52424
52648
52654
52718
52751
52757
52762
52894
52896
52906
52983
53033
53041
53050
53053
53059
53061
53063
53065
53066
53068
53069
53070
53073
53077
53078
53079
53081
53083
53084
53088
53090
53091
53093
53095
53098
53099
53100
53102
53104
53106
53110
53185
53189
53263
53404
53405
53407
53465
53468
53470
53471
53474
53476
53478
53486
53524
53599
53694
53709
53711
53721
53731
53734
53738
53758
53833
53856
53859
53860
53865
53867
53886
53888
53892
53898
53902
53904
53905
53906
53907
53909
53910
53946
54095
54117
54190
54449
54480
54484
54486
54487
54493
54496
54498
54499
54506
54510
54513
54520
54522
54524
54526
54531
54533
54534
54541
54544
54549
54554
54568
54578
54691
54698
54775
54803
54807
54836
54838
54841
54843
54849
54852
54853
54854
54857
54862
54867
54870
54871
54877
54934
55023
55039
55040
55043
55044
55046
55048
55049
55052
55053
55054
55057
55059
55061
55081
55088
55092
55093
55096
55104
55106
55116
55121
55132
55134
55136
55139
55143
55145
55197
55201
55203
55205
55207
55212
55217
55222
55266
55283
55284
55288
55289
55291
55297
55308
55310
55316
55321
55386
55417
55513
55652
55654
55656
55659
55785
55806
55928
55979
56053
56404
56444
56527
56536
56541
56548
56549
56552
56555
56557
56562
56563
56565
56576
56577
56581
56586
56589
56592
56594
56599
56601
56607
56611
56612
56613
56615
56617
56619
56682
56767
56825
56981
57060
57093
57110
57113
57116
57118
57119
57120
57122
57125
57126
57128
57130
57131
57133
57134
57304
57387
57457
57468
57494
57531
57766
57768
57769
57773
57774
57779
57780
57781
57784
57787
57789
57791
57793
57831
57840
57842
57860
57868
57934
57945
57987
58049
58313
58442
58487
58489
58764
58783
58937
59005
59102
59109
59113
59114
59117
59120
59121
59126
59129
59130
59131
59136
59143
59148
59150
59156
59158
59168
59169
59170
59177
59181
59187
59188
59193
59194
59195
59197
59199
59201
59204
59206
59210
59250
59253
59255
59258
59259
59264
59265
59267
59269
59274
59280
59283
59284
59288
59291
59294
59297
59298
59300
59301
59302
59304
59307
59309
59310
59312
59314
59315
59318
59319
59419
59422
59424
59434
59515
59548
59575
59578
59579
59583
59586
59587
59588
59590
59592
59593
59595
59647
59649
59700
59701
59704
59707
59708
59710
59790
60033
60044
60160
60263
60318
60390
60396
60399
60457
61189
61197
61199
61203
61212
61217
61218
61219
61221
61225
61235
61238
61249
61253
61254
61377
61473
61552
61578
61665
61944
62143
62226
62227
62250
62294
62550
62684
62686
62688
62693
62703
62708
62715
62718
62755
62765
62767
62859
62919
62945
63177
63227
63266
63409
63490
63496
63583
63850
63906
63961
63965
63967
63971
63974
63977
63979
63981
63983
63984
63987
63989
63990
63992
63994
63997
64000
64001
64002
64008
64011
64013
64014
64017
64019
64022
64023
64033
64051
64198
64955
65342
65754
66100
66169
66181
66215
66253
66435
66766
67158
67217
67606
67629
67759
67966
68464
68710
68794
69015
69018
69023
69024
69029
69031
69032
69037
69038
69042
69044
69046
69049
69050
69051
69054
69056
69057
69061
69096
69121
69185
69188
69192
69197
69202
69205
69207
69416
69521
69547
69783
70217
70431
70508
70648
70651
70662
70663
70761
70766
70786
70957
71106
71109
71119
71210
71617
71621
71632
71752
71756
71757
71762
71769
71899
72327
72880
72884
72910
72912
73070
73073
73238
73243
73598
