0
0
1
2
3
9
28
31
36
51
58
65
68
71
77
80
96
106
113
117
118
120
125
129
134
142
163
169
180
182
183
185
189
191
195
220
225
268
276
305
306
332
360
367
369
370
378
379
381
382
383
389
391
392
393
397
401
404
406
415
419
431
438
458
464
474
484
493
496
503
512
526
528
540
541
544
545
553
562
565
571
572
575
601
619
624
638
648
655
662
663
672
675
677
696
697
709
710
714
735
745
766
774
779
784
791
805
810
814
818
820
823
845
847
850
851
854
855
857
858
870
872
891
896
897
909
912
923
938
939
952
961
975
988
1000
1001
1002
1007
1020
1034
1037
1040
1042
1047
1051
1077
1078
1082
1108
1119
1121
1129
1160
1164
1170
1175
1176
1178
1193
1197
1216
1234
1247
1260
1277
1278
1280
1292
1318
1337
1340
1362
1366
1385
1409
1416
1422
1435
1438
1453
1467
1481
1485
1488
1497
1500
1518
1520
1546
1551
1579
1602
1610
1614
1620
1647
1659
1664
1667
1670
1671
1678
1685
1703
1709
1712
1741
1758
1773
1783
1784
1807
1810
1813
1826
1838
1839
1903
1912
1916
1919
1921
1927
1938
1954
1958
1970
1974
1979
2003
2011
2014
2028
2033
2036
2037
2049
2059
2064
2069
2096
2101
2124
2159
2161
2185
2198
2200
2210
2217
2221
2222
2228
2229
2230
2259
2268
2271
2276
2278
2279
2281
2282
2285
2297
2298
2300
2301
2304
2306
2311
2312
2313
2314
2330
2338
2341
2361
2363
2364
2378
2394
2406
2407
2410
2411
2413
2416
2417
2432
2439
2440
2443
2444
2447
2454
2457
2466
2475
2480
2497
2516
2522
2527
2559
2576
2594
2606
2612
2629
2637
2639
2650
2667
2704
2705
2708
2716
2723
2726
2731
2734
2736
2738
2739
2742
2747
2750
2752
2763
2764
2766
2770
2772
2773
2775
2777
2779
2781
2783
2790
2804
2809
2811
2814
2817
2822
2829
2850
2852
2853
2855
2856
2873
2876
2882
2924
2937
2948
2980
2981
2987
2990
2992
2998
3001
3016
3041
3062
3075
3076
3103
3116
3133
3137
3152
3162
3164
3191
3193
3211
3230
3233
3234
3240
3254
3278
3281
3300
3332
3341
3353
3355
3357
3374
3376
3379
3384
3390
3398
3399
3415
3438
3441
3449
3452
3453
3456
3457
3460
3462
3464
3466
3468
3469
3472
3475
3489
3494
3496
3502
3510
3521
3522
3530
3538
3543
3551
3553
3566
3610
3624
3637
3642
3645
3650
3653
3672
3674
3682
3696
3700
3701
3712
3722
3726
3738
3741
3742
3750
3765
3774
3793
3816
3826
3832
3869
3872
3900
3904
3905
3948
3999
4000
4013
4041
4059
4061
4082
4086
4088
4096
4105
4121
4134
4141
4150
4156
4163
4170
4184
4186
4194
4219
4221
4231
4276
4283
4287
4297
4306
4307
4308
4320
4325
4356
4360
4364
4367
4371
4386
4413
4439
4443
4453
4460
4474
4480
4487
4490
4509
4526
4564
4565
4614
4621
4651
4671
4687
4691
4696
4700
4703
4709
4714
4722
4724
4746
4749
4771
4775
4800
4802
4803
4811
4813
4818
4820
4821
4824
4830
4849
4851
4855
4892
4897
4898
4939
4945
4956
4961
4967
4977
4980
4994
4995
5004
5010
5015
5020
5043
5055
5068
5080
5081
5107
5126
5146
5149
5162
5172
5174
5184
5193
5216
5220
5245
5263
5266
5270
5274
5277
5280
5285
5290
5293
5294
5295
5296
5299
5323
5332
5339
5340
5370
5371
5374
5415
5416
5418
5420
5452
5479
5492
5497
5499
5502
5505
5507
5510
5521
5549
5580
5584
5585
5591
5599
5603
5614
5642
5651
5666
5711
5712
5715
5716
5731
5746
5748
5757
5782
5808
5851
5872
5894
5913
5925
5932
5942
5955
5957
5963
5982
5985
5988
5993
6001
6005
6008
6010
6011
6013
6021
6025
6027
6044
6105
6108
6120
6126
6134
6144
6148
6157
6162
6214
6215
6216
6244
6245
6258
6261
6291
6295
6298
6304
6305
6312
6333
6361
6365
6381
6385
6393
6396
6400
6419
6448
6494
6543
6547
6624
6628
6630
6644
6657
6678
6700
6719
6725
6740
6750
6751
6774
6777
6830
6832
6833
6834
6835
6840
6842
6849
6856
6858
6862
6889
6904
6919
6974
6977
6986
6992
6999
7014
7015
7020
7023
7031
7033
7050
7051
7052
7056
7058
7059
7063
7067
7095
7116
7125
7134
7143
7144
7154
7177
7203
7225
7228
7229
7233
7251
7254
7287
7343
7358
7361
7376
7377
7393
7399
7413
7417
7431
7446
7448
7450
7454
7476
7490
7496
7506
7511
7513
7527
7534
7555
7564
7586
7594
7606
7617
7619
7633
7647
7657
7671
7717
7734
7738
7752
7760
7771
7783
7796
7805
7818
7820
7836
7839
7847
7854
7875
7877
7879
7913
7919
7982
8002
8015
8027
8037
8059
8070
8076
8098
8131
8151
8156
8157
8175
8190
8207
8210
8216
8233
8279
8290
8301
8304
8336
8347
8354
8382
8419
8421
8454
8455
8460
8462
8466
8481
8533
8545
8551
8580
8603
8604
8632
8633
8637
8639
8640
8641
8644
8647
8665
8676
8690
8738
8750
8761
8766
8774
8787
8815
8821
8828
8860
8884
8904
8907
8930
8958
8989
9018
9035
9058
9063
9083
9084
9087
9098
9100
9130
9181
9201
9216
9221
9230
9256
9261
9262
9292
9300
9313
9314
9332
9335
9341
9343
9344
9348
9349
9351
9354
9357
9359
9361
9364
9378
9414
9438
9489
9508
9525
9539
9571
9587
9588
9592
9617
9631
9635
9637
9650
9655
9674
9682
9686
9694
9720
9721
9768
9778
9779
9781
9783
9784
9786
9787
9790
9791
9792
9795
9797
9801
9806
9809
9810
9815
9824
9828
9875
9895
9904
9918
9920
9994
10029
10041
10119
10166
10185
10191
10227
10229
10248
10261
10274
10333
10369
10401
10413
10416
10420
10429
10444
10446
10449
10454
10460
10465
10467
10487
10502
10536
10566
10572
10589
10590
10616
10648
10704
10708
10756
10771
10785
10820
10828
10848
10862
10867
10878
10902
10924
10943
10989
11051
11074
11075
11077
11083
11088
11100
11108
11122
11182
11185
11229
11253
11255
11259
11260
11261
11263
11264
11266
11269
11270
11271
11281
11332
11351
11361
11435
11470
11513
11518
11549
11596
11604
11609
11622
11633
11635
11644
11668
11728
11735
11758
11771
11772
11794
11833
11880
11884
11898
11920
11930
11956
11983
11986
11992
12005
12015
12052
12062
12093
12129
12176
12215
12232
12273
12290
12302
12317
12341
12379
12381
12392
12488
12526
12583
12586
12598
12600
12683
12730
12770
12790
12833
12852
12857
12858
12862
12865
12930
12967
13023
13065
13073
13079
13081
13083
13097
13117
13171
13187
13202
13204
13247
13249
13258
13296
13317
13389
13423
13466
13469
13508
13538
13582
13583
13588
13595
13639
13697
13724
13765
13803
13835
13855
13875
13913
13929
13957
13963
13974
13985
13986
14083
14086
14116
14121
14122
14123
14149
14157
14161
14164
14168
14170
14171
14174
14175
14177
14182
14213
14237
14245
14282
14329
14353
14365
14405
14421
14546
14548
14567
14622
14633
14714
14731
14784
14789
14853
14868
14894
14936
14976
14983
14988
15041
15059
15063
15064
15078
15099
15106
15113
15174
15189
15223
15232
15255
15319
15378
15393
15419
15575
15597
15634
15637
15660
15687
15699
15762
15811
15815
15847
15852
15877
15902
15928
15946
15951
15992
16077
16078
16121
16129
16164
16166
16170
16178
16260
16264
16288
16365
16388
16402
16464
16479
16558
16572
16670
16681
16739
16743
16777
16792
16793
16807
16828
16879
16975
17054
17066
17116
17135
17248
17254
17289
17310
17422
17497
17498
17541
17668
17695
17766
17791
17908
17932
17993
18052
18122
18163
18274
18358
18374
18423
18490
18551
18594
18625
18640
18680
18853
18879
18885
19052
19113
19125
19129
19162
19207
19211
19259
19347
19431
19437
19493
19530
19568
19584
19691
19721
19798
19920
20011
20246
20256
20264
20376
20416
20530
20559
20561
20591
20595
20710
20789
20860
20873
20913
20936
21008
21073
21087
21143
21242
21248
21395
21467
21478
21530
21598
21642
21711
21742
21808
21825
21900
21991
22108
22220
22316
