0 1
0 16
1 1
2 1
0 7
0 13
0 17
1 7
0 39
2 7
3 7
3 1
1 13
0 0
1 16
2 13
0 6
1 17
2 17
3 17
0 45
3 13
0 46
1 45
0 33
1 6
1 39
2 32
2 46
1 46
0 8
3 46
2 39
0 5
1 33
2 29
0 49
0 29
2 16
1 49
3 16
1 0
0 47
2 33
0 27
0 9
2 49
3 33
3 49
1 8
0 43
1 27
2 27
0 48
0 44
3 27
2 45
1 29
1 5
2 6
2 5
0 26
3 29
3 5
0 2
0 32
1 2
1 44
1 48
2 2
1 43
2 48
3 2
1 32
0 35
2 30
2 43
0 34
0 22
0 10
1 9
0 37
3 6
2 44
3 39
1 34
0 21
3 44
0 30
1 10
2 8
0 3
3 48
1 35
2 35
1 47
1 26
1 21
1 3
2 3
2 10
1 37
1 30
2 26
1 22
2 34
3 3
3 26
2 37
0 20
3 43
0 23
1 23
2 23
0 31
2 38
3 37
2 21
1 20
0 40
1 31
2 31
3 31
3 45
0 42
0 36
2 22
1 40
3 8
2 9
3 23
2 11
1 36
2 36
0 25
3 36
0 4
3 30
0 14
1 42
3 9
3 21
2 42
3 10
1 14
0 19
2 40
1 4
3 11
2 14
1 25
2 24
3 40
2 0
0 28
2 41
3 42
3 35
0 12
0 24
0 15
1 19
0 38
0 11
2 47
0 41
1 12
3 0
3 22
1 28
2 25
3 25
1 38
0 18
2 19
2 4
3 38
1 15
1 11
1 41
1 18
2 18
1 24
3 32
3 34
2 20
2 15
3 19
3 47
3 24
3 4
3 20
3 15
3 14
3 18
2 12
2 28
3 41
3 28
3 12

Score: 152.89999999999998