0
2
6
7
13
20
22
23
28
34
35
39
45
46
49
51
53
56
57
63
64
65
68
70
72
74
80
88
91
100
104
106
107
109
110
114
115
116
118
121
125
128
130
132
135
136
143
144
148
149
150
151
153
154
156
157
158
161
165
166
167
170
172
173
174
177
180
182
184
185
187
190
194
196
197
198
200
203
206
207
209
211
214
216
218
223
226
227
232
233
238
239
240
241
245
246
249
253
259
260
261
262
264
265
268
271
272
274
275
277
279
280
281
283
288
290
291
292
294
296
300
302
303
304
305
306
308
312
313
315
317
321
322
323
324
326
328
330
332
333
338
339
342
343
345
346
348
353
355
357
358
360
361
362
363
365
367
368
370
372
375
377
378
379
380
381
383
385
387
391
392
397
400
402
404
405
408
409
410
413
414
415
417
418
419
421
424
428
429
432
435
436
439
441
443
445
448
449
451
453
454
456
461
466
469
471
476
478
481
482
483
487
491
493
494
495
496
499
500
501
503
504
507
509
510
515
517
519
521
523
524
525
526
527
533
535
536
538
540
542
545
546
547
549
550
552
554
556
557
560
563
564
565
568
570
572
576
579
580
582
583
584
586
588
590
593
594
597
599
601
604
606
607
608
611
618
619
620
622
623
626
627
630
633
634
635
639
640
643
646
647
651
653
654
658
660
662
663
664
666
670
673
677
679
682
684
694
696
698
702
705
706
708
710
711
720
723
724
729
732
733
736
738
740
742
745
748
749
750
752
753
755
757
758
760
762
766
768
769
772
774
775
777
780
784
789
790
793
796
798
800
802
803
805
806
810
811
813
814
816
818
821
822
823
825
830
832
834
839
840
841
843
847
848
852
853
856
857
859
860
861
862
866
870
872
876
877
878
879
881
882
887
893
894
896
899
900
901
906
910
911
913
916
919
921
923
925
927
929
930
931
934
936
937
938
940
941
944
945
948
950
953
954
959
961
963
964
965
967
968
971
973
976
977
983
985
989
991
992
994
998
999
1000
1001
1002
1003
1004
1024
1038
1042
1045
1047
1050
1053
1054
1055
1056
1058
1062
1073
1074
1078
1079
1080
1083
1090
1091
1093
1096
1099
1100
1103
1107
1110
1111
1114
1115
1117
1123
1124
1125
1129
1130
1131
1138
1140
1141
1142
1143
1148
1151
1152
1156
1157
1163
1164
1166
1169
1170
1171
1174
1179
1185
1191
1192
1193
1200
1212
1214
1215
1219
1222
1229
1230
1231
1233
1234
1237
1238
1241
1243
1245
1261
1271
1275
1287
1292
1293
1298
1299
1300
1304
1306
1309
1311
1312
1313
1315
1317
1319
1324
1329
1331
1332
1333
1336
1339
1340
1341
1343
1345
1346
1349
1350
1352
1354
1356
1358
1360
1363
1364
1365
1366
1369
1370
1373
1378
1380
1383
1386
1387
1391
1393
1394
1395
1398
1400
1403
1405
1407
1409
1410
1412
1414
1417
1418
1420
1421
1423
1426
1427
1428
1429
1430
1432
1433
1435
1439
1442
1443
1444
1445
1448
1452
1453
1455
1456
1458
1462
1464
1466
1469
1470
1471
1473
1475
1479
1481
1483
1485
1488
1489
1490
1494
1495
1498
1500
1501
1503
1504
1505
1507
1508
1510
1512
1515
1518
1520
1522
1525
1528
1529
1530
1533
1536
1538
1540
1543
1544
1545
1547
1549
1552
1553
1558
1559
1560
1561
1566
1568
1573
1575
1577
1580
1583
1585
1587
1590
1592
1596
1597
1600
1606
1609
1611
1614
1618
1623
1625
1626
1627
1631
1633
1635
1636
1639
1641
1642
1644
1646
1647
1648
1652
1657
1658
1660
1662
1664
1667
1669
1671
1675
1678
1680
1682
1686
1687
1690
1692
1694
1696
1699
1701
1704
1706
1709
1710
1711
1712
1718
1720
1722
1725
1728
1732
1733
1736
1737
1738
1742
1748
1749
1751
1752
1753
1754
1756
1761
1764
1768
1770
1771
1776
1779
1782
1783
1785
1786
1787
1789
1791
1794
1797
1798
1800
1803
1804
1805
1810
1812
1813
1814
1816
1818
1819
1825
1829
1830
1831
1832
1834
1835
1838
1840
1841
1842
1845
1851
1852
1854
1857
1858
1860
1861
1862
1863
1864
1866
1867
1871
1875
1880
1882
1885
1886
1888
1890
1892
1896
1898
1900
1903
1909
1911
1913
1916
1917
1919
1921
1962
1966
1979
1980
1985
1992
2009
2010
2011
2014
2019
2025
2030
2032
2033
2034
2035
2060
2064
2070
2072
2074
2076
2078
2080
2081
2084
2087
2089
2091
2094
2095
2096
2098
2099
2104
2109
2113
2115
2117
2120
2122
2124
2127
2130
2131
2132
2136
2140
2144
2146
2152
2153
2159
2174
2177
2182
2183
2186
2190
2191
2193
2200
2202
2204
2206
2207
2211
2213
2214
2217
2219
2224
2227
2230
2231
2232
2233
2236
2237
2238
2240
2241
2243
2247
2248
2249
2250
2252
2261
2263
2267
2270
2273
2276
2277
2280
2284
2285
2288
2294
2296
2297
2299
2300
2301
2302
2303
2313
2319
2323
2324
2329
2331
2332
2333
2335
2337
2338
2339
2340
2342
2346
2347
2351
2354
2355
2358
2359
2362
2364
2365
2367
2368
2377
2378
2380
2383
2386
2388
2389
2393
2400
2405
2406
2410
2411
2413
2419
2422
2436
2437
2438
2441
2443
2445
2446
2447
2449
2451
2454
2455
2456
2459
2460
2462
2463
2468
2473
2474
2476
2480
2486
2490
2503
2505
2507
2511
2515
2516
2518
2520
2521
2523
2524
2525
2527
2532
2536
2538
2539
2541
2543
2544
2553
2554
2556
2558
2561
2563
2565
2566
2567
2569
2570
2572
2574
2575
2576
2577
2578
2580
2585
2586
2588
2589
2592
2594
2595
2598
2599
2601
2603
2606
2607
2608
2610
2612
2614
2615
2618
2619
2620
2622
2625
2628
2632
2633
2634
2636
2638
2639
2640
2643
2644
2645
2647
2648
2649
2651
2654
2656
2657
2658
2665
2666
2667
2669
2671
2673
2674
2676
2679
2681
2683
2686
2687
2693
2698
2700
2709
2710
2711
2714
2715
2716
2717
2720
2722
2723
2727
2729
2731
2732
2734
2735
2740
2741
2742
2744
2745
2747
2750
2751
2753
2754
2756
2758
2760
2761
2763
2764
2765
2771
2782
2783
2786
2796
2802
2803
2805
2807
2811
2813
2815
2816
2821
2824
2826
2830
2833
2836
2837
2840
2843
2845
2847
2850
2853
2854
2857
2858
2859
2861
2862
2866
2867
2868
2870
2873
2876
2877
2883
2886
2891
2892
2893
2896
2897
2898
2900
2901
2912
2913
2914
2916
2917
2919
2921
2922
2936
2937
2938
2940
2942
2943
2944
2946
2947
2948
2952
2955
2958
2961
2964
2973
2978
2980
2982
2983
2992
2995
3025
3028
3030
3034
3036
3037
3041
3043
3048
3052
3053
3055
3059
3060
3061
3063
3066
3068
3070
3073
3077
3081
3083
3084
3086
3089
3090
3097
3099
3102
3103
3104
3105
3107
3124
3126
3146
3147
3149
3153
3155
3157
3159
3161
3176
3179
3184
3185
3189
3203
3205
3208
3211
3213
3215
3218
3220
3222
3224
3229
3235
3241
3242
3245
3246
3249
3253
3262
3264
3265
3269
3270
3271
3272
3273
3277
3278
3280
3281
3282
3284
3286
3292
3293
3296
3297
3300
3301
3303
3306
3310
3314
3315
3316
3320
3321
3323
3328
3333
3360
3361
3363
3378
3384
3386
3391
3404
3408
3411
3412
3413
3419
3421
3423
3445
3447
3456
3457
3459
3461
3463
3467
3470
3473
3474
3475
3476
3478
3482
3483
3486
3488
3490
3491
3492
3497
3498
3500
3501
3503
3508
3511
3513
3514
3516
3528
3530
3532
3533
3535
3539
3543
3544
3545
3546
3547
3551
3552
3553
3588
3589
3627
3629
3630
3640
3642
3643
3644
3650
3653
3654
3655
3661
3663
3666
3669
3671
3672
3673
3674
3678
3680
3681
3684
3685
3688
3691
3692
3694
3695
3696
3697
3701
3702
3704
3708
3710
3711
3712
3715
3718
3722
3725
3726
3733
3737
3739
3743
3745
3746
3748
3750
3752
3756
3757
3760
3765
3766
3774
3775
3812
3821
3822
3833
3835
3837
3842
3845
3848
3850
3854
3858
3861
3863
3864
3869
3870
3871
3877
3878
3884
3888
3889
3890
3892
3894
3899
3900
3903
3904
3905
3907
3911
3913
3917
3925
3926
3932
3933
3935
3938
3940
3944
3948
3949
3951
3952
3953
3955
3957
3958
3959
3960
3961
3962
3965
3971
3972
3975
3977
3979
3980
3981
3982
3984
3985
3986
3988
3989
3991
3999
4000
4003
4005
4007
4008
4013
4016
4017
4018
4020
4021
4022
4024
4027
4028
4029
4031
4032
4034
4037
4040
4042
4043
4044
4046
4052
4053
4054
4055
4057
4060
4062
4067
4068
4070
4071
4073
4075
4076
4077
4078
4079
4082
4083
4085
4086
4091
4092
4095
4099
4100
4104
4105
4106
4108
4114
4116
4117
4120
4122
4124
4129
4131
4132
4136
4138
4139
4141
4145
4146
4151
4153
4157
4160
4162
4164
4168
4174
4175
4177
4179
4182
4183
4190
4193
4199
4204
4205
4206
4209
4211
4214
4216
4220
4221
4222
4223
4224
4231
4234
4236
4237
4238
4239
4245
4249
4250
4251
4254
4256
4258
4261
4262
4268
4274
4280
4282
4285
4290
4303
4304
4305
4307
4309
4316
4317
4318
4320
4322
4323
4328
4331
4334
4336
4337
4344
4346
4347
4348
4351
4353
4358
4363
4365
4369
4393
4395
4397
4404
4410
4412
4415
4421
4427
4432
4455
4460
4462
4464
4465
4466
4468
4470
4471
4473
4477
4481
4483
4484
4485
4488
4491
4493
4498
4500
4501
4504
4507
4508
4509
4511
4512
4513
4517
4518
4521
4523
4529
4535
4540
4541
4542
4544
4546
4548
4550
4551
4553
4554
4562
4564
4566
4570
4572
4574
4575
4577
4580
4581
4582
4584
4587
4588
4595
4596
4597
4601
4602
4606
4609
4612
4613
4614
4616
4617
4620
4622
4623
4642
4649
4651
4655
4656
4658
4661
4663
4664
4674
4675
4677
4678
4679
4680
4687
4690
4691
4693
4694
4698
4699
4702
4729
4756
4761
4767
4777
4782
4790
4792
4797
4798
4799
4800
4804
4805
4808
4810
4815
4817
4818
4823
4826
4827
4830
4832
4835
4838
4856
4858
4867
4868
4869
4873
4887
4889
4892
4894
4897
4899
4901
4903
4906
4909
4911
4914
4915
4919
4924
4929
4931
4932
4936
4938
4941
4946
4949
4953
4956
4957
4959
4961
4962
4963
4970
4972
4976
4977
4979
4981
4983
4986
4997
4998
4999
5001
5002
5004
5005
5006
5007
5008
5011
5014
5015
5016
5018
5023
5028
5052
5054
5076
5082
5096
5101
5108
5111
5113
5132
5139
5143
5158
5163
5165
5167
5171
5186
5188
5191
5194
5196
5201
5203
5205
5212
5213
5214
5215
5219
5220
5223
5225
5226
5229
5231
5236
5239
5240
5242
5244
5247
5252
5254
5255
5256
5268
5271
5277
5279
5282
5283
5285
5288
5291
5292
5299
5303
5304
5306
5308
5313
5314
5318
5319
5321
5324
5326
5330
5334
5335
5337
5338
5344
5345
5346
5349
5350
5352
5354
5355
5360
5362
5367
5370
5372
5376
5378
5383
5385
5386
5389
5391
5392
5395
5398
5402
5403
5409
5415
5417
5418
5420
5430
5432
5435
5436
5439
5440
5443
5445
5446
5449
5459
5461
5463
5473
5477
5479
5480
5485
5488
5490
5494
5503
5509
5510
5515
5516
5527
5529
5532
5536
5537
5539
5545
5547
5548
5551
5552
5554
5555
5558
5560
5561
5565
5567
5569
5577
5580
5584
5586
5587
5589
5590
5591
5600
5608
5611
5612
5615
5617
5618
5621
5625
5629
5630
5632
5634
5638
5642
5644
5647
5650
5652
5657
5661
5663
5665
5666
5669
5671
5673
5674
5675
5677
5679
5682
5688
5692
5695
5696
5700
5703
5704
5709
5710
5712
5715
5721
5723
5726
5730
5735
5736
5739
5742
5743
5744
5748
5749
5751
5752
5754
5757
5760
5761
5762
5763
5766
5771
5774
5782
5785
5787
5790
5792
5794
5798
5799
5806
5807
5809
5811
5814
5815
5817
5818
5822
5825
5826
5832
5835
5836
5839
5843
5847
5849
5851
5852
5856
5857
5860
5862
5863
5866
5869
5873
5880
5882
5885
5886
5887
5889
5890
5892
5894
5897
5899
5900
5903
5904
5907
5908
5911
5913
5915
5920
5922
5923
5924
5927
5931
5932
5935
5940
5941
5944
5946
5948
5953
5954
5958
5960
5961
5963
5965
5966
5968
5970
5972
5974
5976
5977
5978
5980
5981
5983
5986
5987
5990
5991
5992
5997
5998
5999
6001
6003
6004
6005
6008
6009
6014
6015
6020
6022
6025
6027
6030
6031
6034
6039
6040
6041
6043
6044
6045
6046
6047
6055
6057
6060
6063
6066
6069
6072
6075
6079
6082
6084
6086
6088
6089
6090
6094
6097
6098
6100
6103
6105
6106
6107
6109
6112
6116
6119
6123
6127
6131
6132
6137
6146
6147
6148
6150
6153
6155
6157
6158
6159
6162
6164
6170
6174
6178
6179
6182
6184
6186
6188
6191
6192
6196
6199
6202
6203
6206
6207
6209
6210
6211
6212
6214
6216
6219
6220
6222
6224
6227
6228
6232
6234
6240
6243
6244
6245
6248
6249
6251
6252
6256
6258
6262
6263
6265
6267
6272
6275
6277
6278
6280
6282
6285
6287
6289
6291
6293
6296
6297
6301
6303
6306
6314
6317
6319
6320
6323
6325
6326
6330
6332
6333
6334
6337
6338
6339
6340
6345
6348
6350
6353
6354
6355
6357
6359
6360
6362
6366
6369
6372
6373
6375
6376
6381
6383
6385
6388
6394
6398
6399
6405
6407
6411
6415
6416
6417
6421
6422
6427
6430
6431
6448
6458
6461
6463
6466
6473
6475
6477
6478
6481
6483
6484
6485
6486
6488
6492
6494
6496
6497
6498
6499
6503
6505
6507
6509
6514
6516
6517
6523
6524
6533
6537
6538
6543
6545
6546
6547
6549
6552
6554
6556
6557
6560
6561
6563
6568
6571
6574
6612
6629
6641
6648
6656
6657
6658
6662
6663
6666
6670
6671
6672
6674
6676
6679
6680
6685
6686
6688
6690
6692
6694
6696
6703
6708
6709
6710
6714
6715
6716
6717
6718
6719
6722
6724
6727
6731
6734
6736
6737
6741
6743
6745
6746
6748
6749
6750
6752
6759
6763
6767
6768
6770
6772
6775
6777
6778
6779
6780
6820
6821
6825
6826
6836
6842
6844
6847
6849
6854
6855
6856
6857
6858
6860
6862
6863
6870
6871
6872
6876
6877
6879
6883
6885
6888
6891
6896
6898
6904
6906
6907
6916
6917
6918
6926
6949
6951
6953
6959
6961
6962
6966
6968
6969
6972
6977
6979
6980
6983
6986
6989
6993
6994
6996
6998
6999
7002
7003
7007
7008
7011
7012
7015
7016
7018
7021
7023
7024
7025
7026
7032
7034
7039
7040
7045
7046
7052
7056
7059
7061
7063
7068
7070
7078
7080
7082
7091
7093
7094
7099
7100
7106
7109
7110
7113
7114
7120
7123
7124
7127
7128
7132
7133
7134
7139
7140
7144
7146
7147
7155
7161
7165
7167
7170
7172
7173
7174
7176
7177
7179
7180
7184
7189
7191
7192
7194
7195
7198
7201
7203
7204
7206
7210
7213
7215
7217
7219
7223
7226
7229
7233
7234
7236
7238
7240
7243
7244
7245
7246
7248
7251
7253
7254
7259
7264
7266
7267
7272
7273
7274
7276
7279
7280
7283
7286
7288
7289
7292
7298
7300
7302
7303
7304
7306
7308
7312
7316
7317
7321
7322
7323
7325
7332
7334
7337
7339
7344
7348
7351
7352
7353
7360
7361
7369
7373
7374
7379
7385
7386
7388
7392
7393
7398
7401
7412
7416
7425
7428
7429
7430
7447
7449
7454
7471
7476
7478
7480
7481
7484
7486
7490
7492
7493
7494
7498
7500
7503
7509
7511
7512
7516
7518
7521
7522
7532
7556
7563
7565
7566
7578
7580
7581
7584
7587
7589
7590
7592
7594
7599
7600
7602
7604
7607
7608
7619
7624
7625
7627
7631
7634
7636
7639
7641
7642
7644
7647
7656
7657
7658
7661
7662
7663
7664
7665
7668
7670
7671
7673
7677
7678
7679
7683
7684
7687
7688
7689
7691
7693
7697
7706
7712
7716
7720
7725
7728
7730
7731
7733
7737
7742
7744
7745
7748
7749
7752
7753
7755
7758
7759
7760
7761
7765
7768
7773
7776
7784
7788
7792
7796
7800
7805
7809
7810
7812
7816
7819
7821
7822
7826
7830
7832
7838
7841
7843
7844
7851
7853
7855
7857
7859
7864
7865
7866
7873
7875
7882
7883
7886
7891
7892
7893
7895
7896
7898
7899
7900
7902
7908
7909
7910
7912
7915
7916
7917
7921
7924
7927
7935
7941
7943
7947
7949
7952
7957
7958
7959
7961
7963
7967
7969
7970
7973
7976
7977
7979
7980
7981
7983
7988
7990
7992
7997
8000
8002
8006
8008
8012
8013
8017
8020
8022
8023
8026
8029
8030
8031
8033
8035
8039
8042
8045
8049
8050
8051
8052
8053
8054
8056
8058
8061
8066
8069
8073
8075
8078
8079
8081
8082
8085
8088
8089
8090
8095
8096
8099
8102
8107
8108
8110
8117
8118
8161
8168
8188
8192
8197
8198
8199
8201
8205
8235
8240
8243
8245
8246
8252
8253
8260
8263
8264
8268
8270
8272
8273
8274
8280
8281
8293
8297
8301
8302
8316
8323
8352
8370
8414
8443
8449
8454
8473
8483
8484
8486
8487
8488
8489
8495
8499
8500
8505
8509
8514
8517
8520
8526
8528
8534
8537
8540
8541
8543
8546
8547
8549
8551
8554
8574
8588
8603
8605
8606
8607
8609
8612
8614
8629
8661
8669
8672
8675
8676
8679
8682
8686
8688
8692
8693
8699
8703
8704
8712
8713
8717
8719
8722
8726
8731
8733
8734
8736
8744
8750
8756
8759
8762
8765
8766
8768
8770
8771
8776
8779
8781
8782
8802
8805
8815
8817
8818
8821
8831
8841
8856
8860
8862
8864
8866
8867
8874
8876
8884
8885
8886
8894
8900
8904
8910
8914
8922
8923
8926
8929
8933
8934
8935
8936
8937
8943
8947
8950
8957
8961
8962
8963
8964
8967
8971
8972
8975
8981
8986
8988
8989
8990
8995
8997
9000
9004
9008
9012
9014
9015
9016
9020
9027
9032
9035
9037
9039
9041
9043
9047
9050
9054
9056
9058
9059
9061
9072
9076
9077
9078
9098
9110
9113
9114
9115
9134
9146
9148
9150
9152
9155
9159
9160
9161
9163
9167
9169
9170
9172
9175
9176
9180
9223
9239
9244
9245
9246
9247
9313
9372
9405
9406
9409
9414
9441
9449
9460
9462
9465
9475
9477
9478
9479
9484
9494
9496
9507
9512
9515
9517
9518
9524
9525
9531
9532
9535
9536
9538
9539
9540
9541
9542
9546
9563
9575
9581
9584
9590
9597
9606
9607
9612
9613
9617
9618
9622
9624
9626
9627
9631
9632
9639
9641
9647
9651
9655
9656
9659
9661
9663
9664
9667
9670
9672
9674
9679
9681
9682
9683
9685
9690
9691
9693
9694
9696
9699
9700
9704
9707
9710
9715
9716
9719
9720
9727
9730
9733
9735
9736
9739
9741
9744
9745
9746
9749
9752
9753
9755
9757
9758
9759
9762
9765
9767
9770
9771
9774
9776
9777
9778
9779
9781
9782
9785
9786
9788
9792
9794
9797
9799
9807
9808
9811
9812
9815
9819
9821
9826
9827
9828
9831
9833
9834
9837
9840
9851
9853
9854
9857
9859
9862
9864
9868
9872
9873
9875
9877
9878
9880
9882
9883
9888
9889
9894
9895
9897
9900
9903
9904
9907
9911
9912
9920
9922
9924
9925
9928
9931
9934
9936
9939
9940
9945
9946
9949
9951
9952
9959
9961
9962
9963
9966
9970
9972
9975
9977
9980
9982
9983
9985
9990
9994
9997
10002
10009
10011
10013
10014
10017
10021
10025
10026
10030
10031
10032
10035
10064
10066
10076
10102
10105
10131
10154
10178
10187
10210
10211
10214
10228
10231
10233
10264
10270
10275
10276
10285
10287
10288
10289
10293
10301
10303
10307
10309
10310
10312
10315
10317
10318
10320
10323
10324
10326
10327
10332
10335
10339
10342
10344
10346
10347
10349
10351
10353
10362
10364
10367
10368
10373
10389
10395
10396
10422
10453
10457
10461
10462
10463
10466
10469
10471
10474
10478
10481
10485
10487
10488
10491
10493
10495
10496
10497
10498
10502
10504
10507
10512
10515
10517
10518
10519
10520
10523
10527
10529
10532
10540
10543
10547
10548
10551
10553
10559
10563
10571
10572
10573
10574
10576
10577
10579
10581
10583
10586
10588
10589
10591
10594
10596
10600
10603
10604
10609
10612
10614
10616
10618
10620
10622
10626
10642
10648
10652
10654
10655
10656
10659
10663
10666
10670
10671
10672
10677
10680
10681
10684
10689
10690
10691
10694
10699
10701
10705
10709
10711
10712
10715
10719
10720
10723
10725
10727
10730
10731
10733
10735
10736
10737
10740
10746
10747
10752
10753
10759
10762
10768
10785
10790
10793
10794
10800
10802
10803
10809
10810
10813
10815
10820
10822
10824
10825
10828
10830
10832
10835
10839
10841
10844
10845
10851
10852
10853
10857
10858
10860
10866
10867
10872
10873
10877
10878
10883
10887
10892
10893
10904
10905
10907
10943
10944
10949
10963
10974
10976
10978
10985
10987
10989
10990
10992
10993
10995
10996
10998
10999
11001
11002
11011
11027
11054
11060
11061
11064
11068
11079
11103
11112
11134
11140
11141
11145
11147
11149
11152
11153
11155
11163
11167
11168
11170
11171
11173
11174
11181
11182
11183
11184
11186
11189
11193
11194
11195
11197
11198
11200
11201
11202
11203
11206
11211
11214
11216
11217
11220
11223
11224
11227
11230
11232
11234
11238
11239
11243
11245
11248
11249
11250
11251
11252
11254
11255
11256
11258
11260
11261
11263
11265
11267
11271
11274
11284
11286
11289
11290
11292
11294
11297
11300
11303
11308
11309
11315
11316
11317
11319
11321
11322
11325
11327
11330
11332
11336
11337
11346
11361
11364
11372
11377
11378
11380
11386
11389
11393
11405
11412
11415
11417
11421
11430
11437
11439
11441
11442
11443
11447
11450
11451
11452
11457
11461
11464
11467
11471
11473
11479
11483
11488
11492
11496
11499
11500
11502
11504
11509
11510
11512
11514
11517
11520
11524
11525
11529
11531
11532
11536
11541
11542
11543
11546
11552
11554
11555
11564
11566
11567
11569
11576
11583
11586
11587
11588
11592
11594
11595
11604
11605
11610
11611
11612
11614
11615
11618
11622
11624
11626
11627
11628
11631
11632
11635
11636
11638
11639
11642
11643
11648
11650
11655
11657
11661
11664
11666
11667
11668
11669
11674
11676
11679
11681
11684
11685
11687
11690
11691
11692
11693
11696
11697
11700
11701
11703
11705
11706
11707
11709
11710
11711
11712
11714
11716
11719
11720
11722
11725
11727
11728
11731
11735
11738
11739
11742
11746
11748
11753
11760
11765
11767
11771
11773
11774
11776
11778
11780
11782
11783
11786
11787
11789
11790
11791
11794
11796
11797
11801
11804
11806
11811
11816
11818
11821
11834
11838
11839
11841
11843
11848
11849
11858
11860
11861
11863
11866
11867
11868
11875
11879
11881
11883
11886
11887
11889
11890
11893
11895
11897
11898
11900
11907
11908
11911
11913
11914
11917
11919
11924
11927
11929
11931
11934
11936
11937
11940
11942
11945
11946
11949
11950
11955
11957
11960
11963
11964
11965
11979
11982
11984
11985
11987
11988
11990
11994
11996
12001
12005
12006
12023
12030
12036
12037
12038
12042
12045
12057
12059
12108
12109
12118
12123
12125
12126
12127
12130
12133
12134
12137
12138
12142
12145
12146
12148
12159
12161
12164
12165
12167
12169
12170
12171
12174
12180
12182
12183
12186
12187
12190
12193
12198
12200
12202
12205
12206
12210
12217
12218
12219
12226
12231
12232
12235
12238
12239
12240
12241
12244
12245
12249
12252
12253
12254
12256
12258
12260
12261
12263
12265
12266
12270
12271
12275
12277
12278
12279
12282
12283
12284
12287
12291
12292
12293
12297
12302
12304
12306
12309
12312
12314
12315
12317
12321
12323
12324
12325
12328
12329
12338
12341
12345
12347
12349
12352
12353
12357
12360
12361
12364
12368
12369
12372
12374
12377
12379
12380
12382
12384
12385
12387
12389
12392
12395
12398
12400
12404
12406
12407
12411
12415
12418
12419
12424
12425
12446
12450
12460
12462
12466
12468
12469
12482
12488
12507
12509
12516
12532
12539
12547
12579
12623
12635
12637
12639
12644
12646
12648
12650
12657
12666
12669
12684
12688
12690
12696
12699
12702
12708
12713
12714
12716
12717
12719
12723
12725
12727
12729
12730
12736
12738
12740
12741
12744
12749
12751
12753
12759
12760
12763
12764
12765
12773
12774
12776
12778
12779
12784
12792
12795
12798
12800
12809
12825
12834
12841
12843
12847
12853
12854
12858
12859
12860
12861
12862
12871
12872
12874
12882
12884
12889
12896
12899
12902
12905
12907
12913
12914
12917
12918
12919
12920
12921
12923
12929
12932
12940
12942
12946
12950
12952
12953
12954
12966
12967
12972
12977
12979
12985
12990
12992
12993
12997
12998
13000
13005
13010
13014
13015
13017
13020
13021
13024
13025
13027
13028
13031
13032
13034
13035
13040
13043
13045
13046
13052
13055
13057
13059
13062
13065
13066
13070
13071
13072
13073
13074
13076
13078
13081
13082
13084
13085
13088
13089
13090
13094
13096
13101
13103
13105
13106
13108
13109
13110
13113
13114
13118
13121
13122
13125
13127
13129
13130
13131
13135
13136
13143
13159
13162
13165
13168
13178
13184
13209
13234
13264
13284
13286
13288
13292
13299
13315
13328
13333
13336
13338
13343
13344
13347
13357
13365
13366
13368
13370
13371
13374
13375
13378
13380
13386
13387
13389
13394
13395
13397
13398
13405
13407
13410
13413
13417
13418
13420
13422
13424
13431
13437
13443
13444
13448
13451
13452
13455
13465
13467
13471
13488
13492
13493
13495
13497
13498
13500
13503
13504
13513
13514
13516
13517
13518
13519
13521
13536
13540
13545
13546
13547
13549
13550
13552
13557
13562
13564
13566
13567
13568
13577
13580
13582
13585
13587
13588
13591
13592
13593
13596
13600
13602
13603
13609
13611
13614
13615
13617
13618
13621
13622
13625
13626
13629
13630
13631
13635
13636
13637
13639
13640
13641
13649
13651
13654
13659
13660
13662
13664
13666
13667
13670
13672
13676
13678
13680
13681
13682
13684
13687
13688
13693
13696
13699
13700
13701
13702
13703
13705
13707
13709
13711
13712
13714
13716
13722
13723
13724
13725
13729
13732
13734
13735
13737
13740
13743
13746
13748
13751
13752
13755
13756
13757
13764
13765
13772
13775
13777
13779
13782
13783
13787
13788
13790
13792
13793
13795
13800
13804
13807
13809
13811
13813
13816
13818
13820
13821
13824
13826
13828
13829
13830
13831
13833
13835
13837
13840
13843
13845
13851
13854
13856
13859
13861
13862
13863
13864
13865
13866
13867
13869
13872
13875
13878
13880
13883
13890
13892
13897
13899
13901
13905
13907
13911
13916
13918
13923
13927
13929
13930
13933
13940
13941
13945
13946
13957
13971
13974
13980
13982
13984
13988
13993
13994
13995
13996
13998
14001
14003
14007
14008
14010
14015
14019
14021
14023
14024
14025
14027
14031
14032
14034
14039
14043
14046
14047
14053
14056
14062
14063
14073
14074
14078
14081
14084
14104
14108
14114
14116
14118
14122
14123
14125
14126
14133
14134
14138
14141
14143
14145
14146
14147
14148
14151
14152
14154
14155
14156
14158
14163
14170
14171
14172
14174
14178
14181
14183
14201
14203
14209
14210
14213
14215
14218
14224
14248
14266
14270
14281
14288
14289
14291
14304
14316
14320
14321
14322
14326
14331
14332
14333
14334
14336
14337
14338
14341
14342
14344
14347
14348
14350
14351
14352
14355
14358
14366
14374
14376
14380
14383
14386
14390
14391
14393
14395
14400
14403
14408
14410
14412
14414
14416
14421
14426
14431
14433
14434
14437
14439
14449
14468
14469
14473
14475
14476
14479
14482
14483
14484
14486
14488
14491
14494
14522
14526
14529
14536
14539
14550
14551
14554
14561
14630
14634
14676
14678
14679
14682
14686
14687
14689
14691
14694
14695
14697
14698
14703
14704
14706
14708
14709
14713
14714
14718
14722
14723
14725
14726
14727
14730
14732
14775
14804
14805
14809
14810
14813
14817
14818
14821
14826
14830
14833
14838
14841
14845
14848
14850
14854
14856
14860
14862
14863
14865
14866
14871
14872
14876
14877
14878
14879
14885
14886
14887
14888
14889
14893
14894
14895
14896
14898
14899
14900
14902
14903
14908
14911
14914
14918
14921
14928
14936
14937
14941
14944
14946
14948
14950
14953
14954
14956
14960
14963
14969
14970
14971
14972
14976
14978
14981
14983
14986
14989
14995
14996
14998
15003
15004
15008
15010
15012
15013
15016
15020
15024
15027
15028
15030
15032
15034
15035
15036
15038
15046
15050
15052
15054
15055
15059
15066
15069
15071
15072
15076
15078
15079
15081
15082
15085
15086
15089
15092
15098
15102
15105
15106
15107
15115
15117
15118
15122
15124
15127
15128
15129
15132
15133
15135
15136
15140
15144
15147
15148
15152
15153
15154
15156
15158
15162
15166
15170
15200
15208
15211
15213
15215
15216
15219
15226
15227
15286
15289
15294
15370
15381
15382
15384
15385
15392
15400
15401
15403
15404
15412
15418
15426
15427
15433
15437
15439
15443
15445
15451
15456
15458
15461
15465
15466
15475
15478
15480
15481
15482
15484
15485
15486
15488
15490
15494
15501
15506
15508
15511
15513
15519
15520
15521
15524
15525
15529
15535
15536
15537
15541
15544
15547
15550
15551
15553
15558
15560
15562
15564
15565
15572
15573
15574
15577
15580
15581
15582
15584
15587
15591
15592
15594
15597
15598
15601
15603
15606
15608
15609
15610
15611
15612
15614
15615
15617
15620
15622
15626
15627
15628
15630
15634
15637
15640
15641
15643
15647
15650
15651
15653
15655
15656
15660
15661
15664
15665
15667
15668
15674
15675
15676
15681
15684
15685
15687
15689
15691
15694
15697
15699
15702
15705
15706
15707
15711
15712
15713
15717
15721
15722
15724
15726
15730
15732
15735
15737
15741
15743
15745
15746
15747
15750
15751
15762
15771
15772
15775
15780
15782
15794
15796
15797
15798
15799
15811
15818
15820
15822
15825
15827
15828
15840
15861
15862
15873
15923
15936
15972
15976
15979
15984
15985
15986
15987
16016
16055
16072
16073
16081
16101
16108
16115
16117
16130
16135
16138
16139
16143
16148
16156
16159
16166
16170
16175
16182
16189
16190
16195
16198
16200
16202
16204
16206
16209
16210
16215
16216
16223
16224
16227
16233
16234
16239
16240
16247
16254
16255
16257
16258
16261
16264
16265
16274
16276
16278
16280
16283
16286
16304
16306
16314
16315
16333
16336
16339
16342
16344
16350
16352
16357
16361
16363
16364
16369
16371
16373
16377
16378
16380
16382
16383
16384
16386
16388
16389
16392
16394
16398
16399
16402
16406
16407
16413
16414
16421
16424
16428
16430
16436
16439
16442
16446
16451
16456
16460
16463
16465
16466
16467
16472
16477
16484
16487
16488
16493
16498
16499
16509
16523
16524
16525
16532
16535
16541
16542
16563
16566
16570
16573
16574
16589
16597
16603
16610
16611
16621
16637
16641
16650
16660
16663
16666
16672
16676
16685
16689
16690
16698
16712
16722
16742
16769
16772
16778
16782
16783
16785
16790
16792
16794
16798
16801
16806
16807
16811
16814
16815
16819
16822
16830
16833
16837
16839
16842
16845
16850
16853
16858
16870
16872
16874
16877
16879
16884
16886
16893
16896
16899
16904
16905
16907
16913
16915
16917
16924
16926
16929
16935
16945
16946
16951
16953
16957
16959
16961
16962
16964
16966
16973
16974
16981
17001
17004
17005
17018
17021
17022
17024
17026
17028
17039
17042
17046
17047
17054
17060
17064
17073
17075
17076
17078
17081
17092
17093
17095
17102
17106
17108
17110
17111
17112
17113
17115
17124
17127
17131
17134
17138
17142
17145
17150
17151
17154
17160
17163
17164
17166
17168
17173
17174
17182
17183
17184
17185
17187
17193
17196
17208
17213
17214
17215
17220
17223
17225
17227
17229
17231
17232
17234
17237
17239
17241
17245
17246
17249
17253
17258
17260
17264
17265
17270
17272
17274
17276
17279
17285
17287
17289
17292
17295
17299
17302
17305
17309
17310
17313
17315
17316
17317
17318
17319
17323
17326
17328
17333
17336
17338
17347
17349
17352
17354
17355
17357
17359
17367
17370
17378
17379
17381
17382
17388
17391
17393
17400
17403
17405
17412
17415
17416
17418
17420
17421
17426
17429
17434
17438
17442
17443
17445
17446
17451
17452
17454
17456
17458
17460
17461
17463
17464
17466
17467
17470
17472
17473
17478
17480
17490
17491
17492
17497
17498
17500
17506
17507
17512
17513
17516
17517
17522
17523
17524
17526
17528
17530
17531
17534
17538
17541
17543
17546
17549
17552
17554
17559
17561
17568
17569
17572
17577
17583
17587
17588
17602
17604
17610
17612
17613
17625
17640
17646
17650
17652
17654
17656
17657
17659
17662
17663
17669
17673
17684
17687
17695
17703
17704
17712
17714
17719
17721
17727
17730
17733
17735
17751
17755
17759
17770
17772
17778
17779
17782
17795
17821
17826
17829
17834
17839
17840
17850
17851
17870
17911
17912
17916
17917
17918
17921
17922
17926
17928
17931
17969
17970
17978
17979
17988
17996
18005
18024
18045
18049
18050
18059
18063
18065
18068
18071
18073
18075
18076
18082
18084
18085
18086
18087
18090
18092
18095
18097
18098
18100
18101
18102
18105
18106
18108
18112
18113
18114
18117
18119
18120
18121
18122
18126
18127
18129
18131
18135
18136
18137
18138
18141
18145
18146
18147
18148
18149
18153
18157
18158
18160
18162
18163
18165
18167
18172
18173
18175
18176
18178
18180
18182
18187
18191
18192
18201
18202
18204
18205
18207
18217
18225
18243
18244
18246
18248
18270
18303
18317
18335
18350
18354
18358
18360
18365
18366
18371
18373
18374
18376
18377
18382
18386
18388
18389
18391
18393
18397
18399
18400
18404
18405
18407
18408
18411
18416
18418
18423
18428
18430
18432
18440
18454
18455
18456
18465
18472
18473
18483
18489
18492
18499
18506
18522
18526
18528
18530
18533
18534
18536
18543
18547
18551
18556
18558
18565
18568
18569
18578
18579
18584
18590
18591
18595
18598
18600
18601
18602
18604
18606
18607
18609
18611
18619
18622
18623
18624
18625
18628
18632
18637
18642
18645
18647
18651
18652
18654
18656
18658
18661
18666
18667
18668
18671
18673
18678
18682
18686
18687
18689
18690
18696
18699
18700
18703
18704
18709
18711
18713
18716
18719
18722
18723
18724
18726
18727
18734
18735
18736
18738
18739
18745
18748
18750
18752
18753
18755
18762
18769
18770
18776
18777
18778
18779
18785
18794
18809
18811
18817
18819
18820
18826
18830
18849
18850
18855
18857
18858
18860
18873
18880
18888
18893
18910
18916
18918
18920
18922
18923
18940
18958
18959
18960
18963
18964
18965
18970
18972
18974
18975
18977
18979
18980
18982
18985
18990
18993
18994
19008
19011
19012
19013
19018
19019
19020
19024
19027
19033
19040
19055
19057
19060
19064
19067
19068
19070
19072
19075
19076
19079
19083
19087
19091
19094
19098
19100
19102
19103
19106
19107
19109
19111
19118
19119
19125
19129
19133
19136
19139
19141
19172
19176
19178
19181
19184
19185
19188
19198
19199
19204
19213
19217
19225
19233
19243
19247
19251
19290
19294
19299
19302
19306
19307
19309
19311
19316
19319
19323
19327
19331
19334
19337
19338
19341
19368
19380
19389
19399
19400
19406
19407
19410
19412
19415
19417
19419
19430
19436
19440
19444
19446
19447
19454
19455
19458
19459
19464
19465
19473
19474
19477
19479
19480
19483
19487
19488
19489
19501
19506
19508
19509
19513
19515
19519
19526
19527
19529
19533
19535
19539
19543
19549
19554
19555
19557
19561
19564
19565
19570
19572
19578
19585
19587
19599
19604
19611
19615
19618
19619
19620
19623
19626
19627
19631
19632
19635
19636
19639
19643
19649
19650
19654
19657
19670
19685
19686
19690
19694
19696
19700
19708
19709
19712
19714
19718
19720
19721
19725
19726
19727
19729
19731
19734
19736
19743
19745
19747
19752
19755
19756
19759
19762
19765
19766
19774
19785
19791
19799
19810
19811
19822
19823
19826
19829
19832
19836
19840
19843
19848
19852
19853
19863
19865
19867
19870
19872
19885
19888
19891
19892
19897
19901
19905
19906
19909
19911
19914
19916
19920
19921
19927
19929
19931
19940
19943
19945
19948
19950
19951
19963
19970
19975
19983
19986
19988
19993
19997
19998
20002
20005
20008
20013
20014
20018
20020
20023
20025
20028
20036
20044
20056
20101
20111
20114
20121
20137
20150
20210
20217
20224
20225
20227
20228
20232
20233
20234
20237
20238
20239
20240
20243
20253
20254
20272
20276
20298
20302
20311
20318
20339
20341
20343
20344
20349
20356
20360
20364
20368
20369
20373
20378
20379
20381
20385
20391
20393
20397
20401
20404
20406
20408
20411
20413
20422
20423
20424
20427
20429
20431
20432
20433
20440
20441
20442
20493
20538
20541
20584
20586
20589
20596
20600
20603
20604
20612
20614
20617
20629
20632
20633
20635
20637
20639
20641
20644
20645
20655
20657
20661
20666
20667
20668
20670
20671
20674
20679
20682
20685
20693
20694
20696
20698
20706
20713
20718
20720
20728
20743
20745
20779
20789
20805
20806
20814
20817
20822
20836
20838
20844
20848
20849
20851
20854
20857
20863
20876
20914
20925
20926
20931
20935
20936
20937
20938
20942
20943
20945
20946
20951
20956
20957
20959
20962
20963
20967
20972
20974
20976
21001
21017
21022
21033
21100
21104
21106
21107
21108
21111
21119
21120
21122
21125
21127
21131
21133
21135
21142
21145
21154
21159
21164
21168
21169
21174
21186
21188
21191
21196
21200
21228
21231
21235
21243
21244
21254
21285
21297
21300
21302
21304
21307
21308
21310
21312
21316
21317
21319
21323
21325
21327
21329
21332
21334
21338
21340
21350
21356
21357
21358
21384
21388
21392
21402
21403
21405
21409
21410
21414
21415
21416
21418
21422
21423
21425
21431
21432
21435
21438
21439
21441
21442
21443
21444
21445
21447
21448
21457
21458
21459
21462
21464
21465
21466
21473
21477
21482
21484
21485
21487
21490
21491
21498
21499
21502
21504
21505
21507
21509
21510
21513
21514
21516
21517
21518
21522
21529
21534
21535
21536
21537
21538
21546
21547
21548
21549
21552
21553
21560
21561
21562
21565
21567
21569
21574
21614
21616
21617
21619
21629
21635
21661
21664
21667
21673
21682
21686
21687
21688
21690
21692
21694
21697
21707
21714
21722
21779
21781
21802
21812
21814
21823
21834
21846
21856
21858
21861
21865
21868
21870
21871
21872
21875
21880
21882
21886
21887
21889
21890
21893
21894
21896
21898
21902
21904
21908
21910
21912
21913
21915
21922
21924
21929
21930
21931
21936
21939
21941
21942
21944
21949
21952
21954
21962
21968
21969
21970
21973
21976
21982
21983
21985
21987
21988
21989
21991
21992
21994
21997
22001
22002
22006
22008
22013
22015
22016
22018
22020
22025
22027
22030
22031
22033
22034
22042
22047
22049
22052
22053
22055
22060
22063
22067
22070
22090
22125
22163
22177
22202
22204
22208
22210
22212
22213
22214
22216
22217
22219
22224
22225
22227
22233
22238
22241
22242
22244
22245
22246
22252
22272
22299
22301
22315
22316
22320
22381
22384
22411
22412
22428
22446
22469
22471
22473
22475
22477
22478
22489
22490
22501
22503
22511
22519
22523
22527
22529
22537
22541
22558
22572
22575
22576
22590
22591
22602
22607
22612
22618
22624
22627
22628
22630
22631
22633
22635
22638
22639
22640
22643
22645
22652
22661
22662
22665
22667
22684
22717
22754
22766
22770
22782
22838
22850
22863
22880
22888
22895
22897
22901
22905
22922
22949
22954
22958
22963
22972
22978
22984
23006
23008
23014
23017
23022
23023
23025
23026
23098
23099
23142
23143
23146
23150
23153
23191
23193
23203
23207
23209
23211
23212
23216
23219
23221
23222
23224
23227
23228
23232
23237
23238
23241
23243
23247
23250
23251
23256
23257
23263
23266
23268
23271
23274
23275
23282
23285
23289
23292
23294
23296
23303
23304
23311
23312
23314
23316
23318
23319
23323
23326
23328
23330
23331
23332
23335
23360
23363
23367
23380
23410
23414
23428
23430
23431
23432
23445
23451
23455
23466
23467
23472
23473
23475
23478
23479
23486
23504
23508
23510
23527
23568
23658
23666
23674
23678
23679
23686
23690
23694
23695
23697
23698
23703
23706
23708
23710
23712
23713
23729
23732
23733
23734
23735
23736
23741
23743
23744
23758
23760
23761
23763
23765
23767
23770
23774
23776
23780
23782
23786
23794
23796
23797
23799
23800
23803
23806
23808
23810
23812
23813
23815
23819
23823
23828
23829
23831
23837
23839
23843
23845
23847
23848
23851
23857
23858
23860
23861
23864
23865
23869
23870
23872
23874
23875
23878
23879
23880
23882
23885
23887
23892
23894
23896
23897
23933
23972
23980
23988
24007
24014
24042
24048
24053
24055
24058
24060
24065
24070
24081
24087
24088
24090
24092
24094
24104
24106
24113
24115
24121
24124
24127
24129
24135
24138
24141
24142
24144
24145
24150
24156
24157
24164
24175
24185
24218
24226
24279
24281
24284
24287
24293
24314
24356
24357
24368
24384
24385
24386
24389
24397
24401
24411
24419
24420
24422
24430
24433
24434
24435
24440
24446
24447
24470
24474
24477
24479
24480
24482
24489
24501
24517
24522
24523
24537
24547
24556
24561
24567
24568
24575
24576
24577
24580
24582
24583
24584
24587
24591
24593
24596
24599
24601
24604
24607
24608
24609
24610
24613
24615
24619
24622
24623
24626
24631
24634
24638
24639
24640
24644
24645
24647
24652
24654
24658
24659
24666
24733
24751
24764
24767
24770
24774
24799
24830
24831
24832
24837
24838
24843
24848
24857
24863
24867
24870
24871
24873
24880
24884
24889
24893
24900
24901
24902
24908
24913
24916
24919
24922
24923
24924
24926
24930
24936
24939
24941
24945
24947
24948
24949
24950
24953
24957
24959
24962
24964
24967
24970
24971
24972
24973
24975
24976
24979
24980
24983
24984
24985
24987
24990
24991
24992
24997
25001
25002
25007
25011
25013
25014
25015
25017
25018
25020
25022
25024
25027
25028
25029
25031
25033
25037
25038
25040
25041
25045
25051
25052
25053
25057
25070
25103
25110
25121
25152
25153
25156
25157
25162
25166
25168
25170
25171
25174
25176
25178
25179
25184
25198
25214
25232
25241
25269
25274
25330
25344
25365
25374
25385
25389
25391
25438
25456
25490
25503
25506
25513
25539
25548
25560
25575
25579
25589
25596
25623
25646
25688
25689
25692
25693
25695
25696
25697
25700
25702
25704
25706
25708
25712
25713
25714
25718
25720
25722
25725
25726
25730
25735
25737
25739
25740
25747
25770
25775
25787
25803
25804
25814
25816
25819
25820
25822
25827
25831
25832
25834
25839
25849
25852
25853
25855
25858
25859
25863
25865
25866
25868
25869
25870
25872
25874
25875
25878
25880
25882
25887
25889
25902
25904
25906
25908
25912
25913
25915
25947
25972
25977
25980
25981
25985
25986
25988
25989
25991
25996
25998
25999
26000
26001
26006
26015
26021
26025
26026
26075
26076
26081
26100
26111
26113
26114
26116
26117
26121
26124
26125
26126
26132
26136
26148
26151
26152
26160
26166
26170
26173
26174
26180
26183
26186
26191
26193
26207
26212
26214
26219
26220
26223
26225
26227
26229
26230
26231
26234
26235
26238
26239
26241
26242
26244
26246
26250
26253
26254
26255
26256
26258
26259
26261
26262
26269
26271
26272
26276
26278
26280
26281
26282
26283
26284
26304
26306
26310
26328
26337
26392
26424
26437
26492
26495
26504
26507
26548
26590
26597
26651
26653
26657
26663
26665
26671
26673
26676
26678
26680
26684
26701
26715
26769
26777
26824
26830
26831
26835
26837
26839
26841
26844
26846
26847
26849
26851
26855
26857
26863
26866
26869
26874
26877
26881
26883
26885
26886
26887
26888
26889
26892
26893
26894
26895
26896
26903
26908
26921
26930
26948
26951
26953
26968
26969
26970
26975
26979
26996
27008
27013
27066
27085
27095
27105
27109
27124
27148
27157
27195
27199
27224
27232
27243
27265
27278
27280
27283
27284
27286
27293
27302
27310
27330
27343
27346
27403
27405
27442
27451
27456
27468
27470
27474
27476
27480
27486
27497
27514
27523
27542
27559
27579
27583
27591
27594
27596
27605
27606
27609
27610
27611
27614
27626
27655
27658
27673
27680
27685
27692
27693
27694
27695
27698
27700
27701
27704
27706
27707
27709
27710
27713
27714
27722
27723
27730
27731
27734
27736
27738
27739
27740
27742
27743
27750
27752
27753
27756
27770
27801
27811
27813
27857
27879
27889
27896
27900
27906
27926
27927
27928
27929
27931
27933
27935
27937
27938
27943
27944
27945
27947
27950
27951
27954
27960
27997
28008
28012
28013
28026
28079
28080
28082
28084
28085
28087
28088
28089
28090
28091
28095
28098
28101
28103
28108
28111
28115
28119
28120
28125
28127
28128
28130
28131
28134
28138
28140
28145
28150
28154
28157
28161
28163
28164
28168
28170
28172
28174
28177
28183
28185
28189
28195
28199
28203
28204
28205
28215
28219
28224
28231
28233
28235
28239
28244
28250
28251
28252
28257
28258
28260
28262
28263
28264
28265
28266
28270
28272
28288
28291
28296
28297
28298
28301
28304
28305
28306
28310
28314
28315
28333
28344
28350
28364
28375
28407
28409
28411
28439
28445
28468
28473
28484
28494
28505
28511
28513
28556
28571
28573
28577
28582
28584
28585
28588
28589
28592
28595
28597
28600
28601
28603
28605
28610
28611
28613
28616
28620
28622
28623
28625
28629
28676
28679
28681
28682
28683
28684
28687
28688
28690
28691
28697
28715
28723
28736
28796
28815
28817
28841
28846
28849
28850
28851
28852
28856
28868
28889
28892
28896
28976
28985
28987
28988
29000
29003
29005
29009
29015
29020
29024
29031
29036
29046
29049
29054
29059
29061
29070
29071
29074
29079
29083
29085
29092
29094
29096
29107
29112
29113
29116
29129
29130
29136
29152
29157
29164
29174
29190
29196
29203
29207
29209
29211
29215
29224
29228
29229
29230
29232
29235
29237
29239
29242
29248
29250
29253
29256
29258
29261
29262
29263
29266
29268
29269
29271
29274
29301
29314
29324
29329
29354
29378
29379
29404
29407
29464
29483
29493
29505
29516
29521
29590
29596
29615
29641
29678
29709
29727
29729
29754
29759
29760
29766
29771
29794
29796
29859
29870
29898
29931
29950
29964
29972
29979
29990
29991
29994
29999
30000
30002
30003
30005
30012
30013
30016
30020
30021
30028
30031
30032
30034
30039
30040
30049
30098
30106
30112
30127
30134
30135
30139
30143
30144
30151
30158
30159
30167
30168
30170
30173
30175
30177
30179
30182
30184
30185
30191
30192
30195
30198
30200
30204
30207
30210
30214
30220
30223
30225
30227
30235
30314
30356
30368
30370
30371
30373
30391
30432
30441
30451
30463
30497
30532
30557
30559
30573
30598
30610
30615
30624
30634
30636
30639
30640
30641
30643
30645
30646
30649
30650
30654
30655
30656
30658
30659
30660
30661
30663
30664
30670
30671
30675
30678
30680
30683
30686
30689
30691
30692
30694
30696
30697
30699
30703
30707
30711
30716
30717
30718
30720
30738
30742
30749
30755
30756
30762
30766
30769
30773
30775
30782
30784
30796
30801
30802
30804
30811
30815
30817
30819
30824
30834
30837
30845
30854
30857
30865
30869
30874
30875
30877
30890
30894
30897
30898
30899
30903
30913
30919
30925
30926
30931
30938
30940
30946
30947
30953
30954
30956
30958
30959
30963
30966
30967
30969
30970
30971
30973
30976
30978
30979
30980
31021
31033
31040
31050
31052
31057
31060
31063
31071
31075
31087
31088
31091
31101
31141
31159
31160
31178
31186
31214
31228
31245
31248
31256
31257
31260
31263
31269
31273
31278
31283
31288
31316
31322
31327
31334
31340
31347
31359
31361
31365
31374
31423
31453
31457
31462
31467
31476
31478
31480
31482
31537
31567
31573
31575
31592
31596
31597
31612
31632
31652
31677
31682
31693
31700
31708
31713
31716
31719
31724
31727
31728
31730
31731
31737
31742
31753
31761
31763
31764
31773
31775
31777
31779
31783
31813
31817
31833
31841
31852
31861
31862
31864
31880
31912
31913
31914
31924
31925
31927
31942
31945
31958
31988
32003
32026
32056
32057
32062
32080
32089
32092
32128
32169
32183
32186
32193
32203
32206
32232
32242
32244
32250
32253
32256
32275
32276
32277
32279
32281
32283
32284
32287
32288
32290
32292
32298
32304
32320
32333
32356
32360
32362
32371
32383
32389
32396
32399
32403
32404
32406
32410
32411
32412
32416
32431
32435
32437
32450
32458
32460
32464
32466
32476
32482
32485
32491
32492
32497
32511
32514
32516
32521
32528
32539
32556
32564
32566
32567
32590
32622
32636
32653
32676
32702
32709
32736
32745
32780
32800
32801
32838
32841
32849
32857
32859
32921
32939
32945
32947
32952
32954
32969
33048
33105
33140
33162
33182
33240
33335
33340
33353
33370
33387
33404
33426
33440
33466
33482
33490
33492
33499
33520
33523
33530
33544
33550
33552
33562
33583
33608
33633
33643
33656
33659
33660
33661
33662
33663
33664
33679
33687
33690
33697
33707
33718
33805
33837
33855
33894
33908
33914
33933
33942
33962
33990
33991
33992
34005
34006
34010
34011
34015
34020
34021
34026
34029
34032
34033
34036
34044
34048
34062
34064
34074
34081
34087
34091
34096
34103
34106
34111
34115
34119
34136
34146
34154
34169
34177
34218
34224
34237
34260
34272
34280
34292
34323
34334
34371
34395
34425
34453
34456
34458
34463
34464
34468
34469
34490
34503
34504
34507
34512
34514
34519
34520
34521
34527
34533
34535
34537
34539
34541
34543
34544
34545
34547
34549
34551
34555
34561
34562
34564
34567
34569
34571
34573
34574
34577
34578
34580
34583
34590
34594
34595
34596
34598
34599
34601
34604
34605
34610
34611
34613
34615
34617
34618
34622
34626
34631
34632
34636
34637
34638
34640
34641
34643
34651
34652
34656
34657
34659
34660
34663
34666
34670
34673
34674
34681
34682
34684
34686
34688
34694
34696
34700
34704
34709
34712
34718
34720
34722
34727
34729
34736
34738
34739
34740
34743
34744
34746
34747
34756
34759
34765
34782
34799
34816
34819
34827
34842
34866
34875
34881
34894
34902
34911
34913
34919
34921
34925
34927
34929
34931
34936
34938
34941
34951
34952
34956
34957
34962
34965
34966
34967
34971
34972
34977
34979
34981
34985
34987
34992
34993
34995
34996
35000
35007
35009
35011
35013
35014
35016
35017
35021
35022
35024
35025
35026
35027
35032
35034
35035
35036
35038
35041
35043
35045
35048
35051
35052
35054
35057
35061
35062
35063
35066
35070
35075
35076
35079
35083
35085
35088
35093
35096
35098
35100
35102
35105
35106
35109
35110
35111
35113
35115
35116
35119
35122
35126
35129
35130
35132
35135
35143
35146
35149
35153
35154
35157
35158
35159
35164
35168
35169
35171
35174
35176
35177
35179
35181
35182
35185
35187
35190
35191
35193
35194
35200
35203
35204
35208
35209
35211
35212
35217
35225
35226
35229
35230
35236
35239
35241
35243
35244
35246
35247
35250
35252
35255
35256
35261
35264
35265
35266
35269
35273
35274
35277
35279
35282
35285
35289
35290
35293
35294
35324
35362
35366
35379
35382
35384
35396
35415
35416
35417
35421
35429
35435
35444
35446
35448
35450
35452
35454
35455
35471
35480
35512
35522
35530
35535
35561
35565
35580
35588
35616
35645
35647
35662
35667
35670
35671
35673
35730
35732
35736
35742
35746
35750
35760
35788
35806
35814
35816
35819
35828
35834
35858
35870
35882
35901
35904
35919
35963
36009
36022
36028
36042
36093
36149
36178
36181
36198
36220
36228
36231
36256
36261
36262
36286
36289
36299
36306
36307
36308
36309
36310
36311
36315
36318
36325
36331
36334
36337
36340
36352
36354
36372
36376
36377
36382
36384
36386
36389
36401
36414
36416
36444
36487
36499
36506
36516
36537
36540
36543
36563
36568
36586
36588
36612
36629
36671
36696
36700
36728
36742
36747
36751
36754
36764
36770
36772
36788
36822
36835
36859
36863
36864
36876
36877
36881
36883
36884
36888
36890
36894
36896
36897
36929
36968
36974
36977
36978
36980
36983
36986
36990
36992
36993
36994
37010
37033
37038
37040
37042
37044
37049
37085
37099
37124
37125
37160
37191
37216
37224
37237
37240
37252
37285
37294
37300
37311
37343
37348
37350
37352
37357
37358
37360
37363
37365
37367
37370
37378
37400
37421
37428
37447
37458
37461
37464
37479
37480
37537
37549
37596
37603
37621
37645
37681
37682
37757
37762
37771
37795
37798
37801
37806
37808
37812
37813
37816
37820
37821
37823
37827
37831
37832
37833
37842
37845
37847
37848
37855
37856
37864
37868
37869
37888
37899
37904
37907
37919
37922
37925
37927
37929
37937
37940
37942
37944
37946
37947
37948
37950
37952
37953
37992
38064
38083
38088
38106
38122
38124
38135
38137
38141
38151
38166
38187
38207
38241
38286
38292
38293
38295
38297
38308
38309
38311
38314
38319
38321
38337
38339
38343
38347
38351
38355
38359
38371
38387
38394
38397
38399
38417
38419
38420
38421
38425
38427
38428
38431
38432
38437
38438
38442
38444
38448
38449
38451
38452
38454
38455
38457
38462
38463
38465
38472
38474
38476
38478
38479
38481
38483
38485
38486
38488
38491
38494
38498
38499
38500
38504
38514
38518
38522
38539
38556
38559
38561
38567
38569
38570
38571
38574
38576
38579
38581
38587
38590
38593
38594
38595
38598
38599
38610
38616
38620
38622
38625
38634
38639
38640
38648
38654
38669
38671
38672
38681
38690
38691
38694
38701
38703
38707
38710
38717
38720
38729
38735
38736
38767
38768
38772
38773
38774
38778
38780
38788
38789
38794
38799
38803
38805
38808
38810
38814
38815
38819
38821
38824
38827
38829
38831
38833
38839
38843
38852
38856
38871
38874
38882
38890
38903
38915
38934
38952
38960
38982
38991
39011
39029
39044
39090
39121
39142
39143
39151
39155
39160
39162
39170
39172
39174
39178
39180
39207
39216
39285
39287
39288
39291
39292
39308
39323
39362
39377
39401
39410
39458
39469
39473
39475
39517
39532
39536
39538
39542
39554
39565
39571
39592
39620
39636
39643
39658
39660
39671
39681
39725
39728
39730
39738
39742
39744
39752
39760
39765
39768
39770
39771
39775
39776
39777
39779
39780
39783
39786
39787
39789
39790
39792
39799
39800
39801
39806
39814
39816
39820
39821
39822
39823
39827
39829
39831
39833
39834
39835
39837
39838
39844
39846
39847
39853
39855
39858
39866
39869
39870
39880
39881
39882
39884
39886
39887
39888
39897
39901
39902
39907
39909
39910
39915
39916
39917
39919
39925
39932
39933
39934
39935
39946
39968
39996
40019
40026
40044
40076
40109
40110
40162
40163
40165
40194
40198
40204
40206
40217
40220
40222
40229
40257
40300
40350
40387
40388
40389
40390
40411
40413
40468
40480
40516
40549
40567
40569
40570
40586
40589
40674
40677
40738
40767
40770
40781
40808
40816
40832
40862
40872
40877
40883
40915
40916
40932
40957
40993
41002
41008
41021
41058
41090
41095
41132
41150
41158
41159
41220
41224
41226
41262
41295
41372
41390
41403
41415
41419
41429
41458
41470
41537
41540
41545
41555
41587
41630
41645
41651
41653
41657
41659
41663
41667
41671
41672
41673
41681
41682
41683
41686
41691
41694
41699
41700
41702
41704
41706
41709
41710
41715
41720
41733
41735
41736
41738
41745
41750
41753
41758
41761
41762
41787
41808
41822
41827
41828
41829
41830
41833
41835
41838
41840
41847
41848
41860
41862
41866
41878
41883
41885
41887
41932
41962
41986
41993
41996
42013
42060
42062
42078
42127
42128
42131
42151
42197
42210
42241
42280
42293
42347
42363
42399
42438
42449
42459
42505
42509
42524
42529
42574
42577
42583
42616
42638
42651
42676
42764
42773
42823
42825
42863
42866
42869
42870
42872
42876
42878
42881
42882
42883
42940
42947
42968
42989
42994
43013
43043
43057
43078
43085
43086
43109
43137
43147
43249
43267
43271
43288
43294
43299
43307
43310
43319
43323
43339
43348
43350
43407
43418
43422
43423
43472
43487
43497
43534
43537
43541
43559
43593
43632
43648
43686
43687
43701
43719
43727
43761
43774
43790
43819
43868
43880
43881
43884
43903
43904
43940
43954
43961
43966
43970
43971
43972
43975
43976
43979
43981
43988
44005
44040
44087
44166
44184
44197
44203
44206
44208
44212
44214
44215
44221
44222
44261
44314
44331
44340
44343
44344
44346
44413
44453
44459
44460
44470
44484
44497
44509
44513
44516
44521
44522
44523
44524
44529
44531
44533
44535
44536
44545
44552
44553
44557
44561
44564
44570
44571
44573
44574
44577
44580
44581
44584
44586
44587
44591
44596
44598
44599
44602
44606
44607
44609
44612
44614
44616
44619
44620
44622
44628
44631
44632
44635
44636
44639
44642
44645
44651
44657
44659
44664
44665
44666
44669
44670
44672
44677
44679
44683
44684
44687
44689
44690
44696
44698
44700
44703
44704
44707
44710
44712
44714
44717
44718
44722
44724
44727
44729
44730
44733
44752
44774
44787
44789
44825
44833
44839
44851
44865
44874
44878
44900
44914
44916
44924
44935
44953
45009
45041
45056
45058
45068
45069
45083
45086
45091
45104
45109
45112
45114
45115
45118
45121
45123
45126
45127
45129
45130
45132
45136
45137
45140
45143
45145
45147
45150
45151
45153
45158
45159
45161
45162
45167
45171
45172
45174
45175
45180
45182
45190
45192
45195
45196
45198
45199
45204
45205
45207
45208
45210
45212
45220
45223
45227
45229
45234
45240
45248
45250
45258
45260
45265
45275
45280
45290
45302
45305
45332
45379
45396
45409
45476
45543
45596
45648
45686
45705
45722
45723
45725
45727
45729
45731
45734
45737
45740
45743
45746
45747
45748
45753
45754
45765
45769
45771
45774
45777
45784
45786
45787
45790
45792
45793
45795
45798
45800
45817
45819
45831
45860
45866
45868
45870
45875
45876
45883
45885
45890
45901
45907
45908
45911
45914
45920
45921
45923
45928
45930
45941
45943
45944
45954
45959
45961
45965
45967
45968
45976
45980
45983
45984
45996
46029
46075
46079
46130
46138
46151
46239
46251
46257
46273
46292
46308
46310
46334
46363
46384
46426
46434
46465
46507
46510
46542
46557
46560
46564
46567
46577
46582
46589
46591
46595
46599
46601
46603
46604
46606
46607
46609
46627
46630
46688
46698
46700
46704
46706
46708
46709
46710
46711
46712
46713
46715
46718
46722
46734
46745
46799
46833
46904
46964
46969
46979
46982
46984
46985
47030
47044
47061
47160
47204
47231
47245
47293
47300
47381
47383
47387
47390
47405
47412
47476
47490
47491
47496
47499
47501
47509
47510
47512
47517
47537
47579
47585
47591
47603
47608
47610
47623
47647
47650
47653
47668
47672
47712
47714
47716
47721
47734
47749
47761
47762
47765
47819
47825
47834
47839
47844
47850
47889
47903
47906
47912
47916
47971
48023
48049
48062
48065
48066
48068
48071
48074
48085
48086
48094
48095
48096
48126
48133
48160
48220
48304
48307
48328
48330
48331
48337
48345
48348
48355
48396
48399
48432
48456
48466
48467
48468
48475
48478
48485
48486
48487
48577
48587
48638
48679
48694
48852
48880
48885
48887
48913
48951
48998
49003
49064
49082
49107
49132
49179
49180
49183
49243
49264
49275
49278
49280
49328
49381
49387
49396
49402
49411
49414
49416
49425
49500
49513
49549
49572
49579
49705
49731
49765
49786
49870
49983
50098
50112
50116
50117
50125
50208
50212
50243
50294
50296
50304
50305
50313
50351
50394
50418
50463
50467
50495
50503
50532
50534
50540
50565
50586
50596
50602
50658
50668
50682
50693
50701
50725
50729
50733
50740
50752
50754
50846
50906
50908
50929
50933
50949
50970
51009
51032
51071
51101
51108
51120
51129
51131
51160
51184
51214
51248
51288
51294
51305
51333
51376
51392
51394
51451
51454
51455
51459
51461
51467
51475
51478
51490
51494
51506
51508
51513
51514
51519
51536
51539
51541
51546
51549
51562
51568
51574
51582
51583
51586
51588
51589
51590
51593
51595
51605
51607
51618
51624
51630
51654
51693
51707
51720
51732
51734
51742
51743
51780
51795
51825
51842
51844
51850
51867
51882
51892
51907
51912
51941
51992
52004
52060
52121
52152
52158
52162
52170
52179
52189
52251
52261
52294
52295
52297
52312
52314
52327
52357
52491
52500
52559
52567
52570
52572
52581
52588
52592
52594
52598
52601
52607
52611
52624
52661
52682
52687
52723
52727
52729
52731
52741
52773
52774
52779
52792
52796
52799
52821
52822
52828
52840
52844
52845
52848
52852
52857
52859
52862
52866
52879
52880
52906
52926
52937
52961
52969
52974
52993
53026
53059
53066
53067
53078
53094
53117
53121
53143
53161
53175
53176
53182
53183
53187
53189
53190
53201
53210
53217
53220
53232
53234
53315
53338
53341
53379
53446
53459
53526
53535
53544
53545
53569
53571
53581
53610
53669
53685
53688
53725
53730
53731
53732
53735
53739
53748
53756
53764
53773
53792
53793
53804
53824
53846
53870
53881
53948
53968
53973
54036
54064
54065
54214
54226
54246
54310
54312
54334
54428
54477
54485
54486
54534
54655
54664
54676
54698
54722
54766
54796
54809
54833
54849
54877
54897
54979
54989
55011
55017
55042
55053
55068
55079
55142
55157
55159
55160
55162
55165
55166
55168
55171
55172
55174
55177
55182
55185
55190
55191
55197
55198
55199
55202
55207
55209
55214
55215
55216
55220
55222
55225
55232
55233
55236
55237
55238
55240
55241
55242
55244
55246
55247
55248
55252
55254
55255
55256
55259
55260
55262
55267
55270
55279
55284
55287
55291
55294
55329
55379
55400
55435
55470
55493
55520
55525
55536
55543
55558
55604
55622
55644
55651
55669
55770
55813
55817
55818
55821
55824
55829
55831
55834
55836
55883
55904
55959
55961
55964
56047
56184
56200
56359
56387
56391
56423
56486
56502
56582
56583
56591
56608
56611
56618
56620
56625
56626
56667
56740
56757
56797
56808
56886
57048
57050
57074
57101
57111
57112
57125
57139
57172
57175
57186
57196
57336
57366
57467
57482
57513
57514
57520
57521
57539
57560
57668
57691
57723
57765
57769
57781
57790
57923
57988
57991
57995
58068
58080
58194
58200
58236
58271
58334
58337
58342
58344
58346
58351
58353
58401
58408
58417
58419
58420
58429
58430
58439
58441
58442
58443
58445
58457
58458
58473
58475
58476
58478
58484
58486
58488
58489
58491
58502
58505
58506
58513
58517
58522
58524
58529
58530
58536
58550
58576
58620
58703
58744
58746
58750
58767
58829
58844
58851
58875
59096
59112
59157
59199
59282
59353
59371
59395
59409
59410
59423
59440
59452
59466
59468
59482
59499
59523
59542
59545
59547
59549
59568
59573
59575
59576
59583
59586
59596
59599
59608
59611
59614
59617
59623
59624
59625
59628
59631
59639
59653
59657
59667
59698
59713
59717
59718
59824
59890
59914
59936
60080
60191
60212
60252
60330
60390
60401
60436
60497
60564
60569
60638
60849
60885
60892
60938
60943
60996
61232
61263
61271
61293
61302
61306
61310
61389
61406
61463
61493
61524
61544
61567
61572
61624
61626
61627
61633
61634
61641
61685
61777
61783
61796
61865
61875
61877
61879
61880
61904
61938
61939
61945
61947
61951
62060
62075
62076
62166
62169
62198
62289
62384
62386
62403
62422
62424
62435
62477
62541
62557
62575
62579
62730
62781
62801
62859
62872
62894
62936
62961
62972
63005
63112
63117
63118
63120
63122
63126
63128
63130
63131
63137
63141
63150
63157
63163
63166
63175
63191
63239
63245
63248
63279
63280
63329
63444
63454
63486
63505
63516
63620
63640
63654
63662
63665
63666
63668
63673
63678
63687
63807
63864
63875
63879
63883
63964
64056
64269
64288
64337
64341
64361
64363
64371
64381
64391
64393
64400
64401
64464
64486
64505
64513
64519
64527
64537
64548
64568
64574
64577
64601
64621
64655
64673
64739
64926
64931
64936
64957
65022
65078
65180
65201
65237
65258
65293
65448
65455
65460
65483
65515
65516
65542
65545
65556
65563
65570
65733
65740
65801
65826
65843
65853
65872
65899
66037
66143
66229
66249
66295
66379
66384
66386
66390
66393
66396
66483
66588
66641
66651
66701
66702
66709
66724
66742
66744
66746
66750
66753
66756
66757
66759
66762
66763
66765
66767
66768
66769
66770
66772
66774
66778
66781
66784
66873
66884
66888
66916
66953
67049
67072
67090
67100
67198
67229
67247
67302
67327
67484
67540
67650
67699
67775
67804
67825
67930
67969
68034
68165
68257
68364
68381
68383
68384
68385
68388
68396
68405
68409
68413
68417
68418
68419
68426
68436
68437
68442
68443
68584
68591
68599
68609
68614
68637
68709
68724
68728
68731
68732
68734
68741
68743
68745
68746
68751
68753
68759
68760
68772
68776
68784
68792
68807
68814
68884
68892
68893
68992
69049
69053
69056
69170
69177
69188
69197
69199
69215
69217
69219
69228
69230
69233
69234
69239
69242
69243
69245
69251
69258
69264
69268
69272
69280
69281
69286
69288
69290
69293
69297
69303
69310
69312
69315
69321
69326
69327
69328
69331
69332
69335
69340
69341
69362
69365
69369
69373
69379
69389
69404
69414
69416
69421
69424
69427
69433
69481
69484
69485
69486
69488
69494
69498
69501
69502
69504
69506
69508
69510
69513
69516
69553
69554
69606
69616
69656
69839
69861
69948
69985
70021
70183
70255
70304
70365
70375
70446
70515
70555
70635
70638
70655
70661
70665
70681
70692
70716
70745
70830
70920
70958
70980
70986
71082
71196
71216
71291
71318
71336
71338
71340
71354
71357
71364
71374
71449
71459
71473
71568
71683
71741
71745
71790
71830
71884
72071
72081
72100
72102
72110
72376
72420
72456
72480
72520
72523
72558
72559
72567
72569
72570
72625
72629
72652
72694
72792
72850
72914
72965
73025
73050
73084
73251
73255
73256
73262
73265
73272
73273
73351
73513
73529
73631
73915
73947
74021
74026
74068
74073
74146
74218
74300
74386
74439
74441
74504
74535
74584
74745
74858
75106
75138
75150
75160
75299
75359
75360
75361
75363
75370
75371
75380
75384
75385
75388
75395
75398
75406
75408
75409
75412
75416
75417
75423
75532
75565
75596
75697
75738
75830
75846
75997
76005
76051
76057
76293
76381
76467
76659
76769
76840
76931
76988
77062
77063
77107
77146
77262
77480
77487
77506
77511
77512
77516
77647
77769
77798
77867
77924
78085
78151
78155
78205
78321
78333
78503
78570
78743
78771
78810
78963
78981
78990
78993
79107
79118
79283
79301
79311
79348
79510
79559
79588
79667
79789
79814
79960
79968
