0
21
36
38
50
53
57
59
63
64
66
69
76
83
84
109
118
119
122
143
151
182
200
223
229
231
241
269
271
279
287
289
297
302
307
328
347
351
353
364
367
368
384
398
410
414
417
438
443
471
478
483
505
511
514
526
539
542
615
628
633
644
659
665
687
714
715
741
764
776
785
786
798
820
824
831
832
868
885
886
891
909
936
939
942
986
988
1008
1042
1044
1050
1052
1081
1109
1111
1121
1122
1131
1132
1148
1158
1163
1166
1202
1206
1221
1222
1235
1239
1263
1278
1297
1304
1316
1321
1351
1367
1371
1372
1375
1376
1385
1392
1394
1397
1403
1414
1432
1450
1451
1452
1498
1504
1507
1511
1514
1518
1532
1548
1549
1566
1567
1570
1572
1582
1592
1598
1605
1615
1625
1632
1652
1666
1693
1745
1752
1760
1776
1779
1809
1812
1843
1860
1866
1872
1881
1895
1916
1952
1977
1985
1992
2003
2010
2013
2048
2059
2068
2071
2072
2080
2089
2096
2119
2133
2134
2152
2160
2169
2172
2174
2187
2189
2190
2207
2224
2258
2288
2292
2295
2329
2343
2374
2383
2399
2443
2451
2455
2485
2496
2505
2518
2528
2536
2545
2575
2578
2584
2593
2614
2630
2638
2649
2650
2678
2681
2694
2732
2738
2767
2792
2828
2837
2846
2850
2859
2869
2879
2889
2907
2910
2920
2951
2982
3024
3029
3037
3051
3069
3073
3080
3094
3098
3126
3130
3171
3188
3215
3237
3239
3247
3286
3298
3303
3305
3315
3342
3375
3387
3389
3395
3422
3424
3430
3443
3447
3448
3471
3480
3483
3506
3508
3532
3550
3553
3563
3578
3581
3609
3616
3620
3646
3656
3677
3709
3724
3736
3768
3791
3798
3802
3839
3842
3886
3896
3948
3949
3954
3963
3990
4021
4031
4034
4043
4049
4050
4055
4075
4083
4100
4102
4108
4116
4123
4132
4137
4138
4169
4186
4205
4237
4240
4242
4254
4263
4267
4285
4292
4299
4324
4345
4350
4361
4377
4404
4419
4422
4447
4451
4468
4469
4471
4488
4543
4573
4592
4596
4617
4647
4664
4676
4686
4688
4693
4700
4723
4737
4738
4740
4769
4789
4825
4844
4853
4865
4890
4895
4904
4909
4924
4947
4957
4965
5006
5011
5026
5034
5062
5070
5083
5084
5090
5091
5120
5138
5143
5152
5164
5166
5187
5190
5196
5216
5249
5253
5307
5352
5362
5373
5374
5390
5404
5415
5429
5445
5455
5473
5492
5522
5549
5554
5568
5622
5637
5642
5671
5692
5740
5741
5764
5769
5778
5785
5800
5803
5822
5825
5829
5853
5855
5865
5875
5888
5889
5903
5914
5936
5937
5949
5964
5966
5985
5999
6000
6020
6045
6055
6073
6077
6084
6097
6102
6119
6121
6136
6144
6163
6180
6200
6209
6220
6229
6235
6236
6243
6283
6294
6312
6323
6353
6374
6391
6409
6420
6436
6439
6441
6472
6501
6514
6528
6561
6597
6600
6605
6628
6641
6644
6651
6667
6700
6712
6764
6779
6821
6823
6829
6832
6834
6847
6849
6857
6858
6889
6892
6897
6965
6978
6998
7005
7015
7022
7037
7042
7050
7057
7070
7081
7105
7111
7134
7143
7147
7152
7173
7193
7195
7198
7233
7243
7276
7328
7344
7373
7382
7397
7476
7490
7491
7494
7504
7517
7545
7575
7600
7603
7632
7635
7675
7685
7687
7703
7716
7749
7751
7758
7818
7874
7907
7912
7949
7969
7980
7988
8013
8028
8048
8055
8097
8123
8130
8156
8163
8204
8216
8222
8241
8246
8271
8278
8317
8327
8335
8357
8359
8367
8414
8435
8441
8468
8471
8475
8495
8531
8560
8567
8613
8620
8625
8668
8680
8727
8736
8743
8754
8786
8797
8855
8886
8887
8902
8905
8907
8916
8929
8938
8963
9022
9024
9032
9045
9072
9105
9109
9122
9193
9227
9234
9270
9302
9305
9313
9321
9355
9357
9363
9397
9403
9413
9423
9442
9450
9483
9487
9512
9534
9536
9568
9570
9572
9584
9588
9611
9614
9629
9632
9657
9672
9675
9688
9696
9711
9728
9783
9790
9833
9840
9865
9909
9917
9948
9976
10016
10050
10142
10145
10148
10158
10183
10237
10239
10303
10307
10319
10320
10360
10377
10452
10453
10484
10494
10505
10550
10581
10619
10640
10651
10661
10679
10778
10808
10823
10828
10880
10907
10920
10952
10961
10977
10980
11007
11015
11039
