0 19
0 28
0 26
1 28
0 15
2 28
1 26
0 14
2 26
3 26
2 15
2 8
1 14
2 14
1 15
0 6
3 15
2 6
1 19
3 14
0 4
2 19
1 6
0 3
2 12
0 12
1 4
0 8
2 4
0 18
3 8
3 6
0 10
3 4
3 28
1 18
1 12
0 7
0 24
0 22
2 18
1 7
2 7
1 24
3 18
0 2
3 12
0 21
1 8
0 16
2 24
0 23
1 2
0 11
3 24
1 3
3 7
0 5
2 2
0 17
1 11
1 22
2 11
3 2
1 10
1 16
3 11
1 23
0 1
2 16
0 29
1 21
2 13
3 16
0 27
2 3
1 17
2 22
3 19
1 29
0 9
2 23
2 21
0 20
0 13
3 23
1 20
1 1
2 29
2 1
2 20
0 0
1 5
1 9
2 17
3 17
1 27
0 25
2 27
3 27
2 9
1 0
2 0
3 22
2 10
3 10
1 13
3 13
3 20
1 25
2 25
3 3
3 1
2 5
3 25
3 9
3 0
3 21
3 5
3 29

Score: 74.26999999999997