0
2
4
10
17
18
19
20
24
32
42
44
45
47
57
63
64
69
71
75
82
83
86
91
102
132
136
139
144
145
147
161
167
168
170
175
176
188
189
194
195
201
207
211
212
216
228
235
243
248
249
257
280
282
283
286
287
288
289
292
310
314
315
316
320
324
325
326
330
371
372
373
376
377
378
380
382
383
387
388
389
395
398
401
403
406
408
410
411
412
413
414
416
417
418
419
420
421
422
423
430
434
445
450
452
453
455
464
480
483
485
487
488
495
499
500
501
503
508
509
539
562
575
582
601
636
653
659
663
664
666
669
673
676
678
681
682
683
692
694
695
698
700
701
703
705
709
710
711
713
714
716
718
720
722
724
727
731
732
734
735
739
740
743
747
754
757
758
767
770
773
774
793
794
804
838
844
845
847
850
851
852
854
855
857
861
864
865
871
873
874
877
878
879
882
884
886
887
889
890
891
893
897
898
899
906
932
937
951
978
979
988
992
997
1000
1001
1003
1004
1062
1070
1110
1113
1115
1116
1118
1119
1120
1125
1130
1133
1134
1138
1142
1143
1144
1145
1146
1148
1149
1151
1154
1155
1157
1158
1161
1163
1165
1166
1167
1169
1171
1174
1176
1180
1182
1185
1186
1187
1188
1189
1194
1196
1197
1198
1202
1204
1205
1206
1208
1211
1212
1214
1217
1219
1221
1222
1223
1231
1232
1234
1237
1239
1240
1245
1247
1249
1252
1253
1254
1256
1261
1263
1264
1268
1269
1270
1274
1278
1279
1280
1282
1283
1285
1286
1287
1289
1292
1295
1296
1300
1302
1303
1311
1312
1316
1317
1320
1322
1324
1328
1331
1333
1334
1337
1339
1342
1344
1347
1377
1388
1390
1399
1400
1404
1405
1407
1409
1412
1414
1418
1420
1424
1426
1430
1432
1435
1440
1459
1467
1481
1492
1497
1506
1515
1516
1539
1558
1564
1644
1649
1690
1710
1711
1713
1714
1721
1722
1726
1734
1737
1739
1743
1744
1745
1747
1748
1749
1753
1757
1759
1761
1765
1767
1771
1773
1775
1776
1778
1784
1786
1787
1789
1791
1795
1796
1802
1805
1807
1809
1810
1816
1819
1822
1827
1831
1836
1838
1840
1845
1846
1853
1855
1857
1863
1865
1867
1868
1870
1871
1872
1874
1875
1878
1879
1880
1881
1884
1888
1889
1892
1893
1910
1922
1936
1939
1940
1944
1951
1955
1958
1964
1968
1987
1994
2000
2013
2020
2031
2058
2059
2077
2091
2098
2107
2124
2127
2130
2131
2135
2137
2139
2140
2149
2150
2154
2157
2158
2160
2163
2164
2165
2166
2167
2172
2175
2177
2178
2179
2180
2181
2184
2186
2188
2190
2191
2192
2199
2204
2211
2212
2213
2214
2215
2217
2218
2219
2225
2230
2231
2234
2236
2240
2243
2245
2246
2249
2252
2253
2257
2260
2261
2262
2263
2265
2266
2267
2269
2270
2271
2273
2280
2282
2283
2284
2286
2287
2289
2292
2294
2295
2297
2299
2303
2305
2307
2308
2310
2311
2313
2314
2317
2319
2320
2321
2322
2325
2327
2329
2331
2333
2335
2338
2341
2342
2343
2345
2349
2355
2356
2358
2361
2362
2363
2364
2365
2370
2374
2376
2380
2381
2385
2386
2390
2430
2440
2443
2444
2449
2450
2452
2455
2457
2459
2463
2469
2471
2473
2474
2478
2481
2484
2486
2488
2490
2492
2494
2498
2499
2501
2506
2507
2511
2512
2513
2516
2519
2523
2524
2525
2526
2530
2534
2535
2539
2544
2546
2548
2549
2551
2553
2557
2558
2560
2562
2563
2565
2567
2568
2569
2572
2573
2575
2579
2580
2583
2584
2585
2589
2591
2592
2597
2598
2599
2600
2604
2608
2609
2611
2614
2615
2616
2619
2621
2622
2623
2628
2631
2634
2640
2643
2660
2668
2681
2682
2685
2686
2688
2690
2691
2695
2696
2697
2703
2713
2739
2742
2743
2744
2746
2748
2751
2753
2801
2803
2804
2805
2834
2836
2838
2840
2841
2844
2849
2851
2867
2901
2931
2962
2990
3005
3021
3053
3054
3056
3057
3059
3061
3062
3064
3066
3068
3069
3071
3073
3076
3080
3084
3086
3088
3090
3097
3100
3103
3107
3109
3111
3112
3113
3116
3117
3118
3120
3124
3126
3129
3133
3136
3138
3141
3142
3144
3148
3150
3151
3153
3156
3160
3161
3162
3163
3165
3166
3169
3170
3173
3176
3178
3179
3183
3186
3187
3191
3194
3196
3198
3200
3202
3207
3220
3224
3226
3228
3232
3235
3237
3239
3241
3246
3248
3252
3254
3260
3269
3273
3277
3279
3281
3282
3284
3292
3294
3295
3296
3299
3302
3304
3307
3311
3312
3313
3316
3322
3324
3325
3332
3335
3340
3342
3344
3345
3354
3376
3404
3407
3412
3414
3421
3425
3426
3427
3429
3432
3435
3449
3450
3458
3461
3464
3468
3471
3496
3497
3498
3500
3503
3505
3506
3510
3516
3528
3530
3535
3538
3541
3545
3548
3551
3559
3596
3601
3606
3610
3611
3612
3636
3643
3651
3657
3672
3673
3675
3677
3680
3681
3682
3723
3759
3764
3768
3769
3772
3773
3775
3779
3787
3790
3796
3797
3840
3906
3909
3923
3931
3934
3937
3940
3943
3945
3947
3949
3951
3954
3955
3956
3957
3958
3962
3965
3967
3979
3993
3996
3998
3999
4000
4004
4007
4011
4012
4014
4015
4016
4019
4022
4024
4025
4027
4029
4030
4031
4032
4034
4036
4037
4041
4042
4044
4046
4047
4049
4050
4052
4054
4057
4058
4062
4065
4067
4069
4071
4072
4074
4075
4079
4081
4083
4086
4087
4089
4091
4094
4097
4098
4100
4103
4104
4106
4108
4109
4110
4111
4112
4113
4115
4116
4118
4121
4125
4127
4130
4131
4133
4135
4138
4142
4144
4145
4146
4150
4159
4165
4168
4169
4172
4176
4178
4181
4182
4185
4188
4191
4192
4198
4199
4203
4204
4212
4214
4216
4225
4235
4236
4237
4245
4249
4255
4263
4265
4267
4278
4281
4288
4292
4295
4298
4299
4307
4310
4347
4351
4402
4418
4426
4435
4436
4440
4443
4452
4456
4489
4583
4599
4611
4629
4630
4637
4643
4647
4661
4687
4688
4690
4691
4698
4705
4708
4710
4711
4716
4718
4726
4728
4729
4744
4783
4794
4799
4801
4804
4805
4809
4812
4813
4814
4816
4841
4849
4855
4875
4893
4894
4895
4897
4925
4936
4942
4943
4944
4946
4948
4949
4950
4952
4955
4958
4960
4962
4964
4966
4967
4982
4989
4996
4998
4999
5000
5006
5007
5009
5013
5014
5016
5021
5024
5025
5027
5028
5033
5035
5037
5039
5041
5042
5043
5044
5045
5047
5049
5050
5052
5053
5055
5077
5114
5126
5128
5145
5158
5160
5164
5181
5214
5228
5252
5258
5292
5303
5311
5313
5314
5315
5352
5378
5392
5410
5416
5418
5422
5425
5428
5431
5434
5435
5436
5437
5446
5448
5452
5485
5506
5515
5521
5540
5542
5543
5544
5545
5549
5551
5552
5555
5560
5564
5567
5568
5574
5596
5615
5661
5681
5697
5700
5702
5704
5707
5711
5725
5755
5767
5779
5849
5854
5870
5895
5904
5911
5926
5928
5931
5933
5936
5938
5939
5940
5946
5951
5958
5971
5977
5991
5996
5997
6044
6053
6091
6125
6129
6141
6142
6143
6147
6148
6149
6151
6153
6155
6158
6160
6162
6164
6166
6168
6173
6175
6180
6181
6182
6185
6191
6192
6198
6200
6203
6206
6209
6211
6213
6215
6216
6220
6223
6228
6267
6295
6330
6339
6356
6404
6417
6419
6421
6424
6428
6456
6476
6496
6500
6506
6509
6511
6517
6518
6530
6535
6558
6562
6570
6571
6572
6623
6635
6636
6637
6679
6689
6731
6780
6788
6810
6840
6841
6843
6893
6894
6896
6897
6898
6899
6900
6901
6905
6911
6912
6913
6917
6924
6937
6939
6957
6961
6968
6971
6972
6974
6977
6979
6982
6983
6995
7037
7043
7080
7082
7088
7091
7101
7116
7152
7163
7165
7170
7171
7172
7173
7175
7177
7179
7185
7193
7229
7239
7240
7241
7242
7243
7246
7247
7279
7289
7292
7295
7296
7299
7300
7309
7311
7313
7314
7317
7323
7324
7325
7327
7328
7331
7334
7338
7340
7342
7378
7392
7411
7443
7448
7489
7503
7504
7506
7508
7511
7569
7586
7595
7597
7602
7604
7605
7609
7611
7614
7616
7618
7620
7621
7639
7663
7664
7667
7670
7673
7674
7677
7678
7681
7683
7686
7689
7693
7694
7695
7697
7699
7703
7704
7707
7709
7741
7743
7744
7745
7751
7752
7754
7755
7758
7759
7761
7765
7769
7770
7794
7800
7801
7803
7805
7812
7813
7816
7817
7822
7824
7826
7830
7832
7835
7838
7839
7841
7859
7878
7881
7883
7885
7886
7887
7890
7893
7896
7899
7926
7940
7945
7947
7950
7971
7974
7980
7982
7983
7986
7988
7989
7993
7996
7997
8000
8001
8003
8004
8006
8008
8010
8013
8014
8015
8021
8043
8046
8048
8049
8051
8055
8056
8057
8062
8067
8070
8071
8072
8080
8081
8088
8094
8099
8102
8118
8132
8133
8134
8135
8136
8137
8140
8141
8156
8223
8257
8264
8271
8319
8320
8322
8341
8344
8345
8346
8349
8352
8353
8357
8360
8361
8364
8365
8368
8370
8372
8374
8379
8380
8382
8384
8386
8387
8389
8390
8393
8395
8400
8402
8404
8407
8409
8412
8413
8417
8422
8423
8425
8428
8430
8433
8437
8438
8440
8442
8444
8447
8450
8451
8454
8456
8459
8460
8462
8463
8465
8466
8468
8476
8478
8482
8485
8486
8492
8497
8500
8501
8502
8505
8507
8510
8517
8519
8522
8524
8527
8529
8531
8534
8535
8538
8540
8541
8553
8573
8582
8590
8601
8678
8682
8683
8692
8707
8770
8779
8795
8797
8799
8802
8803
8806
8807
8810
8813
8815
8820
8824
8825
8827
8828
8830
8832
8835
8836
8840
8841
8842
8844
8847
8851
8852
8856
8859
8861
8873
8883
8909
8916
8937
8954
8959
8963
8970
8973
8974
8976
8983
8984
9015
9018
9019
9020
9022
9023
9045
9069
9080
9082
9086
9089
9097
9101
9107
9118
9129
9136
9138
9155
9166
9183
9201
9242
9272
9299
9300
9301
9305
9307
9308
9310
9311
9316
9318
9359
9373
9374
9376
9378
9379
9382
9383
9385
9390
9394
9396
9398
9399
9402
9404
9406
9420
9425
9464
9468
9474
9477
9478
9480
9505
9521
9562
9564
9601
9623
9624
9688
9690
9694
9696
9699
9701
9703
9704
9705
9711
9712
9714
9715
9717
9720
9725
9726
9741
9786
9813
9823
9825
9833
9834
9839
9840
9857
9859
9860
9883
9887
9888
9894
9900
9902
9905
9907
9910
9925
9934
9937
9951
9952
9955
9957
9961
9970
9974
9988
9990
10043
10058
10060
10079
10098
10099
10101
10102
10103
10137
10153
10220
10230
10235
10272
10277
10289
10314
10315
10327
10333
10339
10354
10375
10404
10408
10409
10412
10414
10416
10420
10424
10430
10433
10437
10438
10439
10441
10442
10444
10445
10448
10449
10451
10454
10456
10464
10527
10543
10578
10590
10613
10621
10623
10646
10658
10696
10710
10711
10715
10717
10718
10720
10723
10725
10740
10791
10800
10817
10876
10896
10922
10943
10948
10962
11000
11025
11045
11075
11082
11128
11135
11136
11142
11143
11146
11184
11255
11275
11328
11341
11344
11368
11373
11417
11421
11463
11465
11531
11556
11557
11565
11567
11596
11629
11632
11638
11681
11706
11741
11749
11757
11758
11760
11765
11767
11772
11773
11776
11780
11782
11784
11786
11791
11793
11796
11820
11839
11848
11850
11860
11885
11902
11905
11948
11949
11950
11966
11970
11985
11993
12017
12019
12036
12043
12080
12101
12109
12120
12121
12134
12158
12160
12165
12169
12171
12175
12176
12179
12180
12182
12184
12187
12190
12194
12196
12197
12199
12203
12205
12206
12207
12210
12212
12213
12216
12220
12223
12224
12227
12228
12231
12236
12238
12239
12240
12241
12243
12245
12248
12252
12253
12259
12261
12265
12267
12270
12274
12277
12279
12280
12281
12282
12286
12287
12292
12293
12296
12301
12302
12305
12307
12308
12312
12314
12330
12353
12357
12362
12372
12457
12478
12491
12510
12556
12569
12593
12637
12656
12658
12694
12704
12705
12707
12725
12730
12744
12746
12770
12772
12774
12777
12778
12779
12802
12834
12842
12845
12846
12849
12854
12856
12886
12904
12928
12939
12940
12943
12989
13055
13075
13078
13102
13103
13104
13144
13163
13173
13243
13266
13273
13338
13352
13381
13386
13401
13403
13407
13409
13412
13420
13421
13422
13456
13459
13460
13462
13476
13477
13499
13534
13555
13571
13584
13617
13619
13628
13683
13694
13706
13729
13774
13794
13814
13818
13820
13821
13822
13825
13828
13866
13868
13895
13901
13908
13926
14029
14033
14036
14038
14040
14042
14044
14045
14057
14112
14113
14116
14120
14123
14124
14126
14128
14130
14132
14135
14138
14140
14142
14146
14149
14150
14153
14156
14158
14159
14160
14190
14197
14215
14231
14249
14253
14277
14281
14282
14325
14327
14329
14331
14333
14336
14337
14340
14341
14342
14345
14348
14351
14352
14355
14357
14359
14365
14367
14370
14372
14374
14376
14380
14381
14384
14385
14387
14388
14390
14391
14394
14399
14401
14403
14407
14408
14409
14413
14416
14420
14421
14424
14425
14426
14427
14429
14432
14434
14435
14439
14440
14449
14456
14476
14478
14481
14518
14529
14543
14586
14607
14632
14653
14656
14697
14709
14711
14714
14715
14717
14731
14745
14791
14794
14795
14796
14797
14821
14915
14941
14956
14964
14965
14966
14982
14998
15003
15006
15007
15008
15009
15013
15018
15039
15087
15102
15132
15139
15146
15152
15182
15207
15208
15223
15261
15264
15287
15299
15302
15303
15304
15306
15338
15342
15399
15459
15460
15515
15544
15560
15562
15563
15564
15566
15567
15589
15593
15635
15676
15685
15716
15721
15723
15727
15766
15767
15770
15771
15773
15782
15786
15788
15793
15818
15820
15831
15848
15859
15885
15889
15930
15958
15964
15979
15988
16048
16104
16166
16178
16179
16183
16184
16185
16236
16314
16361
16362
16416
16419
16421
16452
16501
16513
16543
16547
16642
16659
16667
16678
16679
16713
16740
16750
16756
16760
16761
16762
16768
16772
16781
16796
16839
16899
16910
16924
16998
16999
17001
17055
17061
17068
17105
17112
17117
17131
17165
17183
17244
17247
17366
17381
17462
17465
17468
17470
17473
17475
17477
17485
17503
17509
17574
17641
17673
17681
17697
17698
17725
17753
17823
17897
17919
17980
17991
17997
18016
18018
18047
18056
18092
18185
18218
18224
18228
18254
18256
18317
18401
18473
18639
18727
18733
18739
18758
18861
18863
18911
18918
18954
18957
18960
18963
18966
18970
19000
19037
19105
19118
19122
19151
19171
19179
19221
19254
19298
19300
19302
19304
19307
19311
19313
19315
19317
19318
19319
19321
19322
19323
19327
19328
19330
19331
19335
19339
19341
19343
19346
19347
19348
19351
19354
19355
19356
19358
19381
19386
19423
19431
19444
19451
19452
19460
19576
19593
19628
19632
19633
19659
19673
19678
19805
19818
19830
19845
19877
19922
19924
19933
19934
19966
19978
20061
20063
20149
20163
20165
20176
20213
20342
20374
20377
20415
20416
20431
20498
20535
20551
20581
20585
20602
20603
20640
20644
20646
20648
20651
20652
20653
20715
20733
20739
20742
20767
20932
20933
20935
20943
20963
20973
20989
21031
21050
21084
21097
21153
21163
21165
21187
21197
21201
21210
21217
21326
21336
21350
21362
21437
21461
21517
21578
21651
21654
21680
21795
21836
21854
21858
21910
21937
21956
21974
22043
22124
22140
22173
22184
22210
22214
22239
22273
22351
22366
22375
22377
22381
22384
22385
22387
22391
22392
22395
22398
22399
22400
22413
22426
22431
22467
22470
22473
22474
22477
22479
22480
22483
22485
22487
22490
22492
22494
22540
22580
22599
22650
22659
22660
22671
22743
22759
22813
22830
22832
22834
22836
22838
22853
22857
22861
22863
22865
22866
22868
22869
22871
22873
22875
22876
22878
22879
22913
23008
23092
23093
23096
23097
23100
23101
23106
23109
23110
23120
23125
23126
23128
23130
23134
23139
23147
23151
23152
23157
23280
23359
23397
23399
23401
23403
23405
23407
23413
23415
23416
23417
23425
23463
23466
23496
23501
23645
23654
23656
23717
23735
23762
23793
23799
23850
23859
23901
23985
23988
24012
24049
24081
24115
24120
24166
24219
24240
24262
24275
24290
24314
24323
24365
24379
24412
24486
24501
24502
24532
24580
24586
24638
24709
24710
24739
24767
24820
24823
24931
24961
24962
24966
24971
24972
24974
24976
24978
24980
24982
24985
24991
24992
24993
25009
25076
25115
25137
25142
25215
25218
25219
25222
25223
25224
25236
25260
25295
25301
25330
25360
25389
25433
25444
25461
25592
25594
25596
25597
25602
25612
25621
25626
25662
25682
25733
25817
25839
25850
25863
25883
25940
25950
25951
25957
25959
25962
25968
25969
25970
25974
25975
25976
26083
26132
26188
26192
26196
26197
26200
26218
26258
26407
26408
26417
26420
26421
26425
26427
26430
26667
26669
26671
26677
26680
26739
26820
26821
26928
27204
27251
27267
27287
27290
27292
27293
27294
27297
27299
27300
27327
27342
27386
27418
27427
27472
27475
27543
27547
27606
27674
27705
27754
27799
27846
27897
27955
28011
28058
28125
28175
28179
28230
28368
28370
28400
28538
28695
28702
28785
28820
28952
29020
29213
29248
29317
29324
29380
29413
29416
29417
29420
29421
29425
29466
29467
29519
29655
29694
29741
29780
29806
29844
29864
29989
30055
30178
30234
30295
30328
30363
30442
30453
30815
30865
31013
31033
31287
31475
31519
31548
31601
31616
31722
31763
31900
31935
31993
32092
32101
32227
32277
32396
32525
32548
32608
32848
32925
33058
33143
33229
33231
33238
33242
33243
33246
33247
33257
33291
33299
33416
33469
33470
33508
33652
33654
33878
33891
33903
33960
34034
34146
34366
34423
34513
34569
34615
34626
34915
34928
34949
35065
35329
35340
35420
35525
35918
35994
36006
36424
36583
36629
36692
36889
36894
36911
36968
37093
37117
37127
37128
37130
37134
37138
37140
37141
37212
37214
37216
37249
37499
37572
37607
37619
37697
37723
37725
37727
37728
37729
37733
37734
37737
37739
37741
37744
37745
37747
37751
37752
37754
37756
37757
37759
37763
37767
37768
37775
37777
37779
37780
37782
37788
37789
37790
37793
37796
37991
38118
38132
38231
38485
38622
38689
38694
38909
38911
38915
38916
39077
39096
39234
39540
39572
39667
39886
40141
40287
40442
40567
40867
40932
41296
41512
41531
41554
41699
41701
41788
