0
56
79
83
87
129
138
146
152
158
170
179
183
190
191
212
226
231
236
239
253
264
266
308
319
326
330
332
336
339
367
372
373
384
416
431
454
465
473
498
499
510
515
564
572
582
590
594
617
644
648
652
665
669
677
685
692
706
716
731
735
737
750
754
757
776
779
788
790
810
819
821
846
872
899
908
918
934
935
938
949
971
982
994
1008
1012
1013
1015
1033
1042
1045
1076
1086
1088
1096
1102
1105
1111
1122
1127
1150
1154
1160
1184
1196
1202
1209
1224
1233
1251
1252
1281
1291
1293
1314
1319
1352
1358
1365
1371
1377
1394
1396
1397
1410
1415
1422
1424
1435
1438
1441
1465
1471
1501
1505
1538
1544
1558
1567
1572
1585
1589
1599
1612
1646
1665
1669
1673
1680
1682
1692
1695
1706
1717
1738
1766
1780
1809
1825
1833
1843
1865
1891
1914
1916
1921
1923
1939
1947
1956
1974
