0
0
5
6
7
8
10
12
14
15
18
19
20
23
27
31
33
38
43
45
49
51
52
53
55
57
58
59
61
62
65
67
69
109
137
139
142
153
155
160
166
169
172
181
182
186
192
193
195
205
207
208
215
216
218
219
222
226
236
239
240
241
242
243
245
246
248
250
252
256
270
285
310
315
317
318
322
324
325
327
330
331
334
335
338
341
343
345
346
347
360
366
377
378
383
402
436
467
483
488
502
574
578
579
595
613
614
620
643
654
658
664
676
677
678
679
682
684
685
688
691
693
698
700
704
720
722
729
732
733
741
767
774
775
777
788
825
827
829
853
854
865
872
887
889
900
919
930
936
937
941
945
948
950
956
968
978
979
980
982
986
992
995
996
997
1000
1001
1007
1008
1012
1034
1036
1041
1043
1065
1070
1097
1102
1136
1137
1154
1172
1176
1196
1198
1201
1203
1204
1206
1211
1216
1227
1241
1243
1268
1275
1289
1296
1318
1337
1356
1358
1369
1375
1394
1404
1456
1457
1460
1466
1467
1478
1496
1510
1526
1531
1532
1534
1535
1536
1539
1540
1542
1547
1548
1550
1602
1603
1604
1608
1616
1625
1626
1630
1645
1654
1666
1671
1684
1686
1695
1701
1702
1703
1719
1723
1725
1726
1727
1730
1733
1736
1739
1741
1759
1764
1765
1775
1783
1794
1801
1802
1803
1808
1809
1811
1815
1816
1820
1822
1823
1827
1830
1832
1833
1856
1863
1865
1866
1867
1868
1873
1890
1897
1921
1922
1924
1925
1929
1934
1955
1959
1960
1973
2001
2005
2012
2013
2015
2022
2023
2025
2026
2029
2032
2033
2036
2043
2065
2067
2071
2077
2087
2122
2150
2162
2165
2166
2168
2198
2222
2226
2232
2233
2234
2238
2242
2243
2244
2245
2249
2252
2254
2258
2274
2280
2291
2295
2303
2325
2327
2329
2331
2333
2334
2336
2338
2339
2342
2345
2350
2352
2356
2361
2365
2369
2370
2374
2376
2380
2386
2391
2392
2403
2468
2472
2475
2480
2494
2498
2499
2508
2516
2561
2627
2628
2645
2661
2713
2720
2722
2760
2762
2765
2766
2769
2770
2771
2772
2775
2783
2787
2788
2811
2819
2824
2826
2828
2840
2865
2869
2897
2906
2918
2921
2922
2925
2930
2934
2940
2955
2967
2969
2995
3009
3031
3034
3035
3036
3056
3058
3060
3067
3070
3073
3084
3086
3088
3089
3109
3111
3112
3116
3117
3124
3125
3134
3142
3143
3152
3159
3163
3176
3179
3183
3193
3194
3195
3199
3202
3204
3208
3220
3255
3267
3273
3294
3305
3356
3371
3385
3387
3388
3390
3391
3393
3405
3411
3423
3425
3446
3452
3460
3480
3496
3509
3515
3556
3559
3602
3672
3695
3697
3707
3714
3716
3717
3720
3724
3726
3733
3743
3760
3769
3783
3784
3795
3815
3817
3818
3829
3834
3924
3925
3959
3963
3984
3990
4016
4024
4038
4042
4077
4102
4104
4105
4106
4108
4114
4115
4124
4125
4128
4130
4132
4133
4137
4139
4140
4141
4145
4161
4168
4169
4171
4174
4235
4237
4238
4239
4242
4245
4247
4248
4251
4253
4267
4283
4315
4321
4382
4395
4406
4418
4463
4465
4466
4512
4521
4548
4551
4573
4582
4585
4592
4638
4650
4683
4692
4704
4712
4715
4716
4719
4723
4728
4768
4809
4822
4830
4837
4856
4865
4866
4869
4870
4871
4874
4875
4877
4879
4882
4883
4885
4887
4889
4892
4896
4902
4905
4906
4908
4910
4912
4915
4918
4924
4927
4929
4932
4934
4935
4936
4937
4938
4940
4948
4952
4955
4956
4958
4960
4962
4965
4967
4969
4970
4984
4989
5041
5086
5098
5122
5151
5174
5186
5196
5242
5245
5249
5250
5258
5261
5262
5265
5266
5267
5268
5273
5274
5275
5280
5281
5296
5304
5329
5346
5381
5408
5413
5425
5448
5450
5460
5498
5533
5550
5551
5561
5589
5600
5608
5625
5627
5629
5640
5743
5744
5761
5771
5777
5779
5786
5792
5838
5854
5874
5883
5919
5920
5931
5963
5964
5967
5970
5972
5977
5985
5988
5992
5993
5995
5998
5999
6002
6004
6007
6008
6011
6013
6015
6017
6020
6022
6023
6024
6025
6027
6028
6031
6032
6033
6043
6048
6058
6070
6077
6093
6109
6119
6128
6137
6147
6208
6213
6214
6217
6235
6243
6246
6251
6256
6286
6296
6308
6319
6322
6363
6382
6414
6416
6419
6420
6427
6443
6456
6460
6461
6462
6464
6466
6468
6469
6472
6476
6479
6485
6488
6489
6491
6492
6493
6507
6509
6545
6591
6596
6604
6640
6641
6662
6666
6669
6679
6681
6685
6689
6694
6696
6697
6701
6704
6706
6708
6710
6732
6765
6771
6809
6825
6846
6875
6878
6885
6886
6895
6920
6922
6945
6946
6964
6965
6977
6984
6988
6993
7002
7030
7049
7051
7052
7073
7095
7100
7109
7113
7116
7137
7171
7197
7205
7221
7224
7226
7229
7231
7250
7290
7315
7339
7345
7368
7386
7402
7425
7433
7436
7482
7494
7514
7515
7516
7555
7574
7596
7605
7614
7626
7639
7644
7648
7650
7657
7660
7662
7666
7671
7673
7674
7676
7678
7679
7681
7683
7684
7686
7687
7691
7695
7697
7712
7740
7759
7778
7802
7809
7836
7840
7841
7846
7847
7871
7904
7961
7965
7970
7992
8018
8019
8023
8067
8089
8112
8136
8152
8154
8159
8160
8167
8174
8200
8224
8240
8269
8284
8290
8318
8364
8390
8395
8411
8449
8481
8504
8507
8516
8538
8547
8565
8576
8615
8626
8633
8675
8680
8681
8683
8686
8689
8690
8718
8723
8728
8754
8763
8810
8812
8825
8858
8872
8873
8875
8876
8881
8886
8887
8888
8890
8893
8894
8896
8899
8900
8918
8928
8960
8961
8962
8963
8964
8967
8971
8973
8976
8977
8980
8982
8983
8987
8989
8990
9003
9021
9060
9068
9087
9095
9113
9115
9144
9174
9192
9199
9213
9238
9243
9290
9301
9304
9306
9312
9314
9315
9320
9322
9324
9328
9332
9333
9335
9336
9339
9342
9346
9347
9350
9353
9355
9359
9362
9364
9370
9374
9378
9379
9382
9384
9385
9387
9389
9394
9396
9401
9402
9406
9407
9408
9410
9412
9413
9415
9417
9420
9423
9424
9426
9428
9447
9469
9477
9535
9542
9575
9603
9625
9663
9669
9673
9714
9740
9759
9770
9813
9856
9870
9872
9878
9883
9922
9923
9971
9994
9996
10000
10001
10002
10003
10005
10069
10070
10079
10092
10094
10102
10116
10141
10168
10294
10308
10321
10335
10350
10372
10373
10392
10395
10401
10408
10413
10416
10418
10419
10455
10457
10458
10462
10468
10470
10478
10481
10484
10491
10493
10495
10497
10499
10503
10508
10509
10511
10513
10514
10516
10518
10519
10522
10525
10526
10527
10528
10530
10535
10537
10572
10585
10638
10641
10651
10676
10685
10688
10692
10729
10764
10792
10818
10830
10836
10847
10851
10855
10865
10883
10892
10901
10914
10922
10927
10935
10964
10970
11006
11038
11072
11091
11093
11094
11096
11097
11099
11104
11187
11190
11192
11230
11305
11405
11444
11475
11487
11513
11520
11534
11606
11648
11694
11708
11713
11723
11733
11757
11782
11831
11834
11835
11837
11838
11840
11843
11849
11864
11883
11888
11913
11955
11957
11967
11997
12000
12015
12025
12044
12089
12092
12094
12097
12099
12101
12104
12108
12112
12116
12118
12122
12127
12131
12133
12136
12137
12139
12141
12143
12145
12147
12152
12174
12204
12209
12217
12236
12239
12241
12244
12246
12248
12282
12327
12337
12340
12351
12356
12366
12371
12380
12397
12398
12404
12420
12423
12426
12461
12464
12466
12468
12470
12472
12490
12503
12542
12552
12554
12557
12584
12611
12634
12636
12649
12806
12828
12836
13038
13051
13058
13072
13089
13152
13169
13191
13214
13224
13226
13229
13232
13233
13243
13270
13271
13285
13377
13385
13420
13430
13434
13446
13450
13491
13520
13561
13568
13591
13602
13611
13621
13668
13675
13681
13683
13706
13715
13734
13739
13742
13751
13765
13784
13786
13805
13831
13838
13848
13857
13862
13865
13881
13883
13979
13980
14001
14015
14050
14052
14054
14056
14057
14058
14065
14076
14084
14092
14101
14138
14146
14270
14277
14282
14293
14296
14315
14316
14406
14409
14410
14412
14417
14432
14446
14501
14522
14535
14560
14576
14596
14621
14667
14676
14678
14693
14735
14762
14796
14801
14828
14829
14841
14889
14895
14905
14931
14955
14956
14957
14985
14987
14989
14990
14993
14995
14997
15091
15141
15212
15259
15388
15426
15433
15493
15516
15569
15588
15593
15597
15598
15601
15603
15624
15682
15752
15763
15771
15877
15919
15923
15934
15941
16010
16017
16025
16036
16113
16158
16196
16227
16251
16260
16265
16273
16326
16327
16330
16332
16336
16338
16344
16411
16413
16435
16450
16477
16583
16593
16606
16645
16679
16695
16729
16731
16763
16769
16772
16811
16829
16831
16833
16862
16869
16919
16974
16986
17026
17046
17053
17088
17095
17104
17109
17223
17366
17370
17389
17453
17494
17523
17547
17600
17638
17646
17735
17849
17869
17873
17908
17938
17959
17978
17991
18064
18097
18107
18124
18150
18178
18209
18298
18300
18305
18358
18387
18396
18466
18577
18581
18643
18673
18681
18690
18717
18753
18762
18787
18833
18862
18885
18887
18936
18952
18988
19014
19021
19042
19045
19062
19072
19125
19160
19219
19229
19271
19329
19335
19369
19410
19411
19478
19479
19485
19494
19525
19555
19602
19607
19621
19644
19654
19661
19703
19719
19766
19816
19840
19844
19932
19956
19985
19991
20000
20008
20011
20028
20105
20109
20147
20155
20272
20289
20365
20373
20387
20542
20575
20599
20670
20696
20732
20754
20768
20783
20825
20846
20880
21012
21117
21126
21237
21284
21375
21394
21459
21511
21545
21666
21693
21761
21780
21871
21900
21934
21936
21965
21996
22152
22182
22277
22289
22308
22332
22434
22447
22490
22678
22866
22880
22924
23198
23211
23246
23264
23320
23326
23373
23441
23467
23542
23685
23737
23847
23875
23895
23919
23938
23945
23992
24112
24140
24150
24156
24244
24245
24329
24336
24452
24653
24734
24790
24846
24857
24889
24941
24969
25010
25045
25075
25167
25304
25324
25326
25438
25477
25481
25483
25484
25486
25593
25627
25647
25674
25685
25699
25765
25784
25872
25932
25968
25997
26186
26272
26300
26312
26414
26427
26451
26477
26505
26523
26585
26618
26661
26732
26733
26839
26952
26970
27013
27072
27119
27140
27321
27365
27463
27588
27595
27662
27668
27744
27748
27750
27752
27754
27759
27761
27764
27783
27819
27864
27893
27922
27969
27984
28003
28111
28155
28258
28306
28392
28445
28472
28522
28523
28524
28525
28528
28532
28533
28535
28541
28543
28545
28559
28720
28767
28890
28911
28966
28968
29001
29071
29121
29177
29237
29298
29311
29476
29569
29635
29671
29702
29715
29723
29880
29975
30017
30139
30141
30159
30197
30201
30257
30459
30493
30532
30536
30688
30706
30819
30948
31239
31287
31325
31354
31380
31563
31697
31772
31911
31918
31920
31921
31925
31927
31931
31935
31938
31941
31957
