0
60
62
136
150
162
166
167
174
193
194
202
206
210
233
237
254
256
257
263
279
286
287
288
293
306
317
333
345
346
347
348
350
352
355
358
360
363
366
392
394
395
447
460
462
475
482
484
485
488
491
493
495
496
498
500
501
505
508
512
526
578
583
587
588
624
627
641
648
665
688
694
696
713
727
729
730
731
741
745
746
749
751
754
756
757
759
761
764
766
767
768
770
775
777
782
796
824
826
828
834
835
836
838
840
845
846
850
851
853
854
855
858
860
861
863
867
870
871
880
887
890
891
892
895
897
903
913
959
961
964
965
968
970
971
974
976
977
978
980
1010
1021
1047
1062
1079
1090
1094
1097
1098
1151
1153
1156
1160
1164
1166
1168
1209
1214
1215
1216
1218
1219
1220
1221
1222
1225
1229
1230
1231
1255
1257
1258
1299
1303
1310
1312
1314
1316
1319
1320
1321
1323
1324
1325
1327
1328
1330
1333
1335
1337
1392
1393
1394
1398
1399
1402
1403
1405
1406
1408
1410
1411
1416
1418
1419
1423
1426
1428
1431
1433
1435
1437
1438
1439
1443
1445
1448
1449
1451
1452
1453
1454
1458
1459
1463
1464
1466
1467
1469
1470
1471
1474
1478
1479
1480
1483
1485
1488
1489
1490
1492
1493
1494
1497
1498
1501
1506
1507
1510
1514
1516
1517
1518
1520
1522
1523
1524
1527
1530
1532
1533
1534
1537
1538
1541
1542
1545
1549
1551
1552
1553
1554
1555
1558
1560
1561
1563
1566
1568
1578
1598
1603
1611
1612
1613
1615
1616
1690
1710
1733
1735
1737
1738
1742
1749
1751
1753
1756
1758
1763
1766
1768
1770
1804
1816
1817
1830
1834
1835
1837
1864
1865
1867
1881
1891
1894
1910
1913
1914
1915
1916
1917
2024
2029
2053
2062
2065
2066
2068
2069
2095
2114
2143
2153
2155
2157
2180
2181
2209
2211
2212
2214
2215
2218
2219
2220
2222
2240
2241
2243
2261
2290
2301
2357
2361
2376
2378
2381
2382
2384
2385
2389
2392
2393
2394
2395
2397
2399
2413
2456
2457
2458
2477
2481
2546
2551
2556
2561
2563
2564
2566
2568
2569
2577
2588
2641
2672
2684
2693
2699
2701
2703
2706
2707
2708
2713
2718
2719
2720
2722
2724
2729
2733
2739
2744
2745
2748
2752
2768
2807
2809
2810
2818
2834
2846
2851
2853
2855
2874
2877
2879
2881
2883
2888
2891
2894
2919
2921
2923
2925
2926
2930
2957
2958
2960
2965
2966
3088
3093
3108
3125
3150
3155
3166
3169
3172
3174
3177
3178
3180
3182
3186
3187
3188
3189
3191
3194
3196
3199
3203
3204
3206
3208
3210
3224
3225
3227
3228
3229
3230
3233
3236
3237
3244
3257
3259
3261
3263
3264
3266
3268
3270
3272
3273
3291
3293
3297
3300
3301
3303
3306
3309
3330
3358
3363
3368
3372
3375
3376
3422
3442
3463
3464
3468
3470
3474
3475
3476
3478
3480
3483
3487
3488
3489
3492
3496
3497
3498
3502
3503
3504
3507
3509
3511
3513
3514
3515
3518
3520
3524
3526
3528
3530
3532
3535
3539
3542
3543
3545
3548
3550
3552
3553
3554
3556
3558
3559
3560
3562
3586
3619
3620
3622
3624
3625
3628
3630
3640
3651
3654
3659
3683
3686
3696
3698
3761
3776
3883
3885
3886
3888
3889
3941
4017
4069
4081
4088
4115
4117
4119
4122
4123
4128
4130
4132
4133
4138
4139
4170
4172
4190
4192
4226
4228
4230
4232
4233
4249
4256
4261
4262
4265
4297
4298
4299
4300
4306
4309
4310
4313
4332
4334
4443
4465
4472
4534
4536
4541
4544
4589
4591
4592
4593
4595
4628
4662
4664
4665
4667
4670
4671
4698
4762
4789
4792
4850
4854
4859
4863
4869
4897
4901
4922
4924
4954
5002
5004
5053
5055
5067
5069
5072
5075
5079
5082
5084
5085
5087
5088
5094
5095
5100
5106
5108
5109
5111
5117
5132
5136
5139
5147
5163
5164
5189
5191
5194
5203
5204
5256
5266
5268
5270
5273
5284
5287
5288
5292
5297
5323
5337
5364
5374
5389
5393
5396
5408
5418
5420
5421
5501
5503
5504
5508
5510
5511
5513
5519
5521
5523
5539
5548
5559
5560
5642
5668
5678
5692
5697
5705
5707
5708
5711
5715
5734
5735
5737
5739
5740
5741
5759
5765
5804
5809
5829
5838
5849
5872
5873
5914
5916
5918
5951
5962
5992
6012
6027
6060
6091
6093
6099
6118
6130
6176
6184
6187
6188
6190
6194
6198
6202
6234
6235
6246
6252
6253
6277
6300
6301
6302
6304
6306
6312
6350
6369
6391
6405
6445
6446
6455
6457
6488
6490
6492
6494
6501
6502
6504
6506
6507
6509
6512
6515
6517
6518
6519
6520
6523
6524
6526
6528
6529
6533
6535
6536
6538
6599
6669
6676
6691
6696
6698
6700
6704
6707
6708
6709
6710
6752
6755
6785
6827
6828
6829
6831
6832
6835
6836
6840
6841
6863
6887
6942
6945
6947
6949
6950
6951
6952
6954
6955
6971
6972
6987
7002
7022
7025
7026
7029
7030
7032
7034
7035
7060
7065
7102
7117
7118
7123
7129
7160
7174
7178
7181
7183
7184
7189
7192
7194
7195
7198
7233
7263
7265
7315
7347
7354
7409
7427
7476
7478
7480
7488
7491
7492
7494
7519
7524
7528
7574
7584
7609
7646
7680
7694
7708
7710
7712
7717
7719
7721
7733
7734
7739
7740
7743
7759
7762
7766
7787
7789
7832
7837
7839
7840
7843
7844
7846
7849
7854
7861
7864
7874
7884
7907
7924
8011
8046
8057
8067
8071
8084
8087
8092
8095
8140
8157
8159
8171
8178
8196
8218
8296
8318
8336
8361
8364
8365
8367
8369
8370
8376
8380
8382
8384
8385
8386
8388
8446
8468
8481
8542
8544
8545
8547
8658
8689
8692
8729
8742
8793
8794
8803
8816
8922
8928
8931
8932
8933
8935
8971
9002
9004
9007
9010
9011
9016
9018
9019
9037
9048
9060
9072
9092
9093
9128
9158
9173
9193
9194
9198
9201
9204
9206
9209
9211
9212
9214
9232
9234
9242
9243
9244
9246
9250
9260
9320
9333
9338
9399
9476
9477
9478
9481
9565
9569
9570
9572
9574
9578
9579
9580
9583
9585
9611
9612
9614
9615
9618
9641
9666
9687
9688
9689
9696
9697
9701
9703
9705
9707
9709
9732
9748
9829
9832
9834
9841
9851
9866
9870
9875
9891
9898
9922
9975
9976
10003
10019
10022
10026
10046
10175
10202
10267
10301
10312
10322
10324
10339
10349
10350
10352
10379
10402
10416
10419
10441
10458
10475
10496
10583
10584
10606
10609
10624
10631
10640
10690
10753
10775
10799
10814
10815
10820
10825
10826
10831
10832
10836
10837
10883
10884
10886
10945
10946
10961
10964
11041
11089
11091
11099
11101
11103
11138
11168
11192
11194
11209
11212
11242
11254
11255
11287
11299
11304
11305
11308
11324
11352
11362
11394
11395
11396
11397
11398
11401
11403
11404
11406
11416
11435
11436
11437
11438
11440
11443
11446
11453
11454
11456
11459
11461
11464
11465
11466
11469
11470
11474
11476
11478
11480
11483
11484
11488
11549
11553
11555
11585
11597
11599
11601
11604
11606
11608
11609
11611
11637
11638
11640
11650
11677
11701
11703
11705
11706
11708
11714
11717
11718
11722
11723
11727
11729
11730
11733
11735
11739
11741
11744
11746
11748
11753
11755
11794
11802
11807
11818
11821
11832
11833
11871
11932
11934
11935
11936
11947
11950
11951
11954
11987
11996
12036
12051
12081
12115
12128
12142
12214
12220
12221
12222
12223
12226
12263
12271
12305
12307
12308
12309
12310
12311
12317
12318
12430
12467
12519
12536
12538
12564
12571
12660
12663
12719
12751
12777
12785
12791
12816
12823
12825
12842
12858
12877
12890
12913
12916
12921
12923
12927
12931
12999
13007
13008
13013
13101
13103
13105
13106
13107
13108
13111
13112
13115
13119
13122
13145
13150
13169
13206
13209
13214
13223
13225
13266
13291
13293
13307
13313
13343
13395
13441
13487
13501
13534
13545
13549
13553
13555
13557
13577
13581
13582
13584
13590
13596
13598
13603
13607
13612
13615
13620
13623
13628
13635
13639
13641
13643
13649
13651
13656
13663
13664
13665
13667
13672
13704
13725
13732
13736
13741
13742
13786
13858
13863
13900
13934
13935
13943
13945
13951
14024
14050
14054
14073
14109
14125
14129
14154
14157
14159
14290
14314
14317
14318
14320
14322
14325
14327
14329
14330
14354
14364
14391
14433
14459
14464
14503
14504
14506
14508
14510
14511
14553
14613
14645
14675
14680
14684
14704
14709
14710
14716
14727
14730
14745
14787
14791
14806
14819
14869
14903
14907
14913
14915
14916
14933
14944
14972
14975
14976
14977
14979
14980
14983
14989
14992
15001
15044
15051
15055
15057
15061
15064
15067
15068
15070
15075
15077
15106
15131
15171
15276
15303
15305
15310
15312
15314
15318
15321
15323
15324
15327
15329
15331
15332
15333
15424
15435
15439
15440
15443
15444
15446
15490
15501
15526
15527
15528
15530
15531
15557
15578
15632
15701
15807
15890
15976
15997
16018
16075
16077
16079
16094
16102
16203
16205
16208
16321
16380
16536
16566
16648
16664
16683
16694
16716
16775
16862
16952
16958
16964
16977
17076
17093
17096
17099
17168
17202
17312
17323
17328
17374
17439
17441
17449
17451
17453
17455
17460
17461
17496
17551
17714
17715
17719
17721
17722
17731
17784
17813
17876
17878
17881
17925
17935
18037
18078
18089
18146
18149
18152
18156
18157
18162
18169
18183
18186
18190
18212
18218
18276
18326
18403
18419
18435
18469
18517
18553
18562
18575
18637
18686
18691
18726
18732
18784
18788
18794
18797
18826
18847
18858
18859
18882
18890
18923
18929
18930
19043
19066
19124
19195
19509
19520
19566
19622
19757
19758
19761
19762
19847
19890
19892
19893
19906
19963
19972
19973
19987
20022
20126
20169
20254
20255
20257
20260
20262
20264
20265
20266
20391
20645
20668
20718
20721
20723
20727
20731
20734
20736
20737
20739
20745
20747
20765
20801
20810
20828
20832
20849
20855
20876
20945
20948
20950
20976
20981
20985
20989
21011
21027
21030
21031
21036
21038
21039
21043
21046
21117
21125
21194
21231
21267
21376
21402
21428
21464
21476
21507
21672
21704
21706
21729
21747
21770
21772
21773
21826
21831
21839
21840
21841
21849
21857
21956
21967
22046
22058
22059
22062
22065
22070
22075
22080
22088
22091
22093
22097
22100
22102
22111
22113
22114
22117
22121
22122
22125
22127
22128
22129
22133
22134
22137
22140
22141
22142
22143
22148
22150
22157
22167
22168
22171
22255
22314
22346
22394
22399
22457
22504
22505
22509
22517
22518
22519
22526
22530
22582
22656
22665
22670
22728
22739
22743
22789
22795
22813
22817
22818
22822
22824
22826
22830
22832
22834
22837
22840
22841
22843
22846
22848
22849
22851
22853
22855
22857
22859
22860
22862
22865
22866
22868
22870
22871
22875
22876
22881
22882
22883
22885
22887
22888
22889
22891
22894
22897
22898
22902
22907
22909
22911
22912
22914
22917
22918
22920
22921
22925
22926
22928
22930
22933
22935
22937
22939
22941
22943
22944
22945
22949
22950
22951
22954
22958
23202
23303
23305
23389
23399
23538
23542
23543
23547
23548
23556
23567
23593
23596
23643
23667
23742
23789
23868
23886
23922
23930
23933
23934
23997
24002
24036
24037
24044
24046
24052
24076
24147
24154
24182
24218
24234
24238
24352
24359
24426
24519
24632
24651
24702
24803
24815
24817
24829
24831
24875
24899
25044
25131
25133
25142
25144
25145
25148
25150
25151
25252
25321
25323
25325
25334
25456
25497
25501
25584
25589
25593
25713
25716
25719
25741
25754
25755
25758
25760
25781
25783
25787
25793
25795
25902
25919
25920
25969
26018
26102
26193
26206
26240
26264
26346
26395
26396
26400
26407
26451
26456
26457
26536
26546
26550
26563
26574
26583
26613
26615
26621
26633
26646
26648
26666
26814
26816
26819
26825
26999
27006
27008
27010
27068
27069
27070
27071
27099
27222
27234
27297
27400
27401
27405
27409
27411
27412
27413
27414
27418
27419
27756
27802
27947
28039
28163
28165
28166
28169
28171
28373
28375
28410
28449
28451
28561
28597
28812
28836
28866
28870
28893
29015
29105
29236
29424
29438
29446
29477
29485
29508
29510
29516
29517
29555
29778
29933
29994
29996
30010
30012
30140
30197
30203
30204
30207
30208
30209
30214
30232
30235
30237
30378
30400
30401
30407
30413
30417
30426
30444
30674
30749
30802
30804
30987
31040
31042
31211
31380
31381
31382
31455
31456
31458
31460
31550
31558
31595
31674
31683
31694
31696
31720
31821
31892
31947
31973
31991
32238
32479
32610
32622
32669
32802
32834
32870
32873
32889
32890
32892
32897
32902
32910
32920
32927
32928
32929
32950
32956
32964
32968
32970
32973
32976
32982
32984
32986
33092
33186
33228
33384
33451
33564
33744
33956
33993
34059
34118
34120
34123
34129
34131
34135
34136
34139
34140
34155
34156
34158
34245
34291
34318
34319
34320
34323
34428
34487
34491
34505
34513
34517
34521
34522
34548
34553
34561
34565
34569
34579
34581
34608
34609
34610
34637
34639
35005
35009
35011
35040
35044
35053
35078
35085
35089
35107
35187
35188
35201
35204
35205
35207
35214
35218
35221
35224
35238
35428
35482
35610
35612
35616
35620
35825
36033
36040
36042
36073
36074
36079
36108
36110
36113
36119
36151
36448
36582
36602
36633
36676
36758
37149
37182
37194
37362
37815
37832
37836
38011
38085
38227
38230
38240
38243
38246
38249
38250
38252
38253
38334
38364
38367
38373
38379
38568
38627
38682
38687
38689
38691
38722
38863
38864
38869
39187
39189
39494
39611
40035
40336
40431
40666
40892
41055
41058
41059
41252
41374
41409
41740
41744
41856
42100
42269
42276
42381
42383
42384
42386
42389
42390
42392
42398
42399
42402
42405
42408
42444
42516
42549
42776
43149
43393
43396
43538
