0
2
14
21
22
25
34
55
61
70
80
113
136
149
190
218
224
229
249
265
267
271
279
304
323
344
345
358
361
370
371
374
405
465
493
505
508
511
513
523
526
577
583
590
591
592
600
606
615
640
652
657
683
711
720
742
746
751
757
787
790
794
836
842
843
851
872
881
892
922
923
924
939
943
953
955
971
979
1022
1023
1034
1040
1048
1053
1058
1084
1092
1098
1102
1104
1116
1135
1184
1185
1202
1209
1232
1234
1244
1255
1257
1259
1268
1284
1315
1331
1384
1417
1430
1508
1526
1552
1557
1566
1571
1583
1594
1617
1624
1639
1640
1643
1656
1664
1684
1694
1707
