0 4
0 21
0 10
0 29
0 24
1 4
2 4
3 4
1 24
1 29
0 2
1 10
1 21
0 12
2 9
2 29
1 12
2 12
2 10
2 21
2 24
0 18
0 23
0 19
1 2
2 2
3 12
4 4
1 19
0 8
3 10
2 17
3 24
3 29
0 17
1 23
4 24
3 2
4 29
1 18
1 8
0 1
2 23
2 18
0 15
1 17
0 22
1 1
0 20
2 1
4 2
3 23
0 28
3 1
2 19
4 1
1 15
2 8
4 23
4 12
1 28
0 26
0 25
3 8
0 16
2 15
1 22
2 22
3 17
0 27
1 16
3 19
0 14
2 16
1 26
0 5
2 26
0 9
3 26
4 26
2 28
3 21
0 3
3 18
3 15
4 10
2 3
2 6
1 25
4 17
3 28
4 21
1 5
2 25
0 13
0 6
1 20
1 9
2 7
3 22
0 11
1 27
3 16
2 5
3 25
1 3
4 19
0 0
2 20
1 6
3 5
0 7
1 13
2 13
1 14
4 28
4 22
2 14
4 5
4 16
3 6
3 3
1 0
3 20
4 6
1 7
1 11
2 0
2 11
2 27
3 0
3 11
4 11
3 9
3 27
3 13
4 25
4 8
3 7
4 0
4 9
4 3
4 15
4 13
4 18
3 14
4 7
4 20
4 27
4 14

Score: 73.46000000000043