0
17622
17629
17645
17668
17718
17724
17734
17735
17821
17836
17935
17956
17959
17962
17965
17967
17968
17970
17972
17974
17976
17980
17982
17988
17991
17993
18011
18028
18041
18050
18065
18067
18082
18083
18086
18087
18089
18090
18091
18148
18149
18183
18200
18201
18210
18229
18231
18234
18236
18238
18247
18249
18252
18253
18256
18257
18259
18260
18316
18335
18352
18360
18369
18377
18383
18391
18405
18406
18417
18432
18454
18461
18486
18495
18503
18516
18518
18545
18558
18574
18588
18590
18592
18594
18595
18596
18601
18603
18605
18606
18607
18609
18611
18612
18660
18662
18675
18705
18748
18754
18819
18821
18823
18825
18828
18831
18833
18834
18839
18844
18847
18850
18855
18862
18864
18872
18876
18904
18905
18933
18937
18940
18950
18981
19000
19020
19039
19063
19089
19102
19127
19132
19143
19145
19174
19187
19188
19193
19207
19211
19225
19266
19269
19309
19317
19350
19375
19381
19384
19387
19400
19403
19411
19466
19511
19512
19539
19546
19558
19561
19588
19594
19637
19669
19674
19699
19709
19735
19737
19747
19748
19752
19754
19755
19760
19802
19826
19912
19948
19963
20004
20010
20014
20019
20080
20084
20132
20138
20154
20155
20162
20175
20198
20221
20237
20257
20352
20411
20415
20429
20446
20456
20467
20530
20538
20554
20560
20579
20581
20583
20584
20587
20594
20598
20607
20631
20646
20648
20650
20652
20658
20659
20661
20663
20664
20667
20676
20678
20691
20718
20722
20733
20737
20762
20765
20771
20775
20778
20783
20792
20799
20826
20827
20852
20948
20964
20975
21023
21043
21046
21049
21052
21086
21125
21131
21148
21160
21178
21200
21243
21266
21274
21281
21291
21292
21326
21363
21370
21385
21393
21438
21469
21473
21492
21511
21516
21519
21575
21603
21604
21609
21617
21651
21723
21731
21775
21791
21792
21793
21797
21799
21801
21807
21809
21811
21813
21815
21818
21820
21824
21831
21832
21834
21835
21866
21939
21959
21975
21976
21987
21991
21996
22017
22034
22037
22048
22072
22090
22105
22106
22122
22185
22198
22213
22302
22311
22328
22329
22335
22337
22339
22342
22343
22345
22352
22354
22362
22366
22368
22371
22374
22376
22377
22379
22381
22382
22383
22385
22387
22389
22393
22394
22397
22398
22403
22408
22410
22412
22414
22420
22422
22424
22428
22431
22432
22433
22434
22435
22443
22444
22445
22447
22448
22450
22451
22452
22453
22456
22458
22460
22462
22463
22465
22469
22470
22473
22474
22476
22477
22478
22483
22486
22487
22488
22489
22491
22493
22494
22502
22503
22505
22510
22513
22514
22517
22518
22520
22522
22526
22529
22534
22536
22538
22543
22544
22547
22548
22549
22552
22556
22559
22560
22562
22564
22567
22569
22571
22572
22574
22575
22577
22605
22662
22668
22672
22673
22675
22677
22682
22686
22692
22696
22701
22705
22707
22712
22713
22717
22725
22726
22729
22731
22734
22735
22737
22739
22741
22744
22745
22748
22749
22755
22793
22815
22821
22845
22869
22883
22911
22917
22940
22963
22982
23022
23054
23086
23098
23117
23137
23221
23234
23238
23239
23246
23247
23288
23304
23390
23402
23412
23429
23454
23506
23508
23511
23513
23514
23516
23517
23556
23569
23604
23621
23656
23660
23721
23744
23745
23758
23760
23769
23781
23796
23801
23816
23817
23865
23912
23914
23917
23918
23920
23921
23923
23927
23928
23930
23931
23932
23933
23939
23945
23947
23953
23958
23960
23962
23965
23968
23970
23973
23974
23976
23978
23979
23980
23985
23987
23988
23991
23997
23999
24003
24004
24008
24010
24011
24013
24023
24024
24026
24027
24028
24029
24034
24035
24036
24039
24048
24049
24124
24125
24153
24157
24226
24236
24243
24250
24270
24311
24325
24352
24355
24370
24372
24377
24379
24380
24395
24418
24445
24465
24495
24529
24539
24542
24543
24544
24545
24548
24655
24678
24692
24745
24866
24870
24878
24879
24880
24881
24928
24997
25069
25082
25087
25145
25194
25198
25258
25336
25338
25355
25359
25363
25417
25445
25468
25485
25547
25667
25690
25691
25706
25724
25736
25758
25767
25772
25783
25822
25885
25952
25958
25997
26110
26131
26163
26179
26196
26292
26309
26321
26359
26364
26377
26415
26422
26441
26449
26474
26481
26484
26491
26561
26583
26584
26586
26587
26589
26592
26594
26595
26596
26599
26601
26604
26607
26612
26613
26614
26615
26622
26623
26656
26688
26715
26732
26806
26813
26886
26909
26918
26920
26942
26975
27024
27043
27054
27075
27092
27123
27132
27193
27194
27197
27198
27199
27200
27201
27203
27204
27268
27290
27298
27301
27345
27376
27388
27406
27534
27536
27547
27574
27590
27613
27652
27653
27654
27697
27768
27782
27810
27812
27857
27859
27866
27977
27995
28074
28104
28116
28184
28216
28242
28258
28261
28319
28329
28352
28392
28443
28503
28552
28567
28573
28584
28587
28598
28602
28607
28611
28614
28617
28618
28619
28657
28661
28671
28676
28684
28687
28719
28744
28747
28762
28764
28768
28814
28827
28831
28867
28882
28885
28888
28902
28908
28915
28917
28921
28939
28985
28988
28990
28991
29039
29086
29090
29108
29123
29200
29205
29220
29223
29227
29235
29236
29237
29239
29244
29250
29266
29283
29349
29386
29440
29580
29581
29592
29615
29636
29679
29700
29704
29706
29708
29710
29711
29716
29718
29724
29729
29731
29735
29756
29829
29857
29868
29884
29948
29987
29994
30011
30038
30071
30124
30168
30223
30230
30232
30234
30248
30278
30295
30309
30358
30388
30438
30442
30445
30446
30449
30452
30454
30455
30460
30466
30467
30468
30472
30474
30476
30477
30479
30482
30485
30486
30488
30489
30492
30493
30495
30499
30500
30502
30503
30504
30505
30507
30510
30512
30513
30516
30519
30520
30524
30527
30530
30663
30684
30706
30719
30764
30819
30821
30823
30826
30831
30838
30839
30869
30933
30948
30997
31009
31018
31051
31054
31060
31061
31067
31082
31087
31092
31122
31243
31247
31250
31264
31270
31296
31353
31362
31364
31368
31370
31515
31558
31560
31713
31879
32011
32054
32091
32094
32213
32232
32256
32409
32497
32502
32506
32511
32519
32540
32550
32596
32634
32660
32746
32766
32786
32802
32859
32904
32908
32960
32998
33029
33032
33065
33081
33147
33156
33173
33187
33196
33419
33582
33586
33608
33613
33759
33771
33797
33815
33893
33900
33910
33917
33925
33985
34009
34069
34136
34139
34214
34253
34305
34332
34346
34363
34458
34561
34711
34713
34755
34774
34785
34831
34832
34837
34839
34840
34946
34978
35091
35098
35204
35348
35399
35415
35425
35536
35705
35720
35768
35802
36035
36036
36041
36042
36046
36047
36049
36050
36053
36054
36058
36117
36152
36160
36192
36288
36348
36554
36571
36638
36647
36652
36708
36790
36998
37152
37186
37195
37418
37636
37988
38029
38034
38061
38091
38122
38156
38220
38226
38233
38235
38236
38238
38241
38243
38277
38338
38427
38506
38624
38741
38824
38840
38913
39023
39039
39275
39432
39490
39536
39613
39637
39827
39959
40157
40204
40234
40270
40296
40392
40454
40704
40763
40894
41106
41186
41212
41315
41451
