0
8
9
10
12
14
15
17
20
21
23
24
25
28
29
31
33
38
40
42
49
50
51
54
55
58
59
60
63
64
66
68
69
73
89
100
119
124
125
126
128
130
152
163
202
204
238
239
244
245
247
248
252
255
259
280
304
317
323
327
334
337
340
342
345
346
347
351
353
354
355
364
374
377
379
389
396
399
401
404
405
408
409
412
421
422
425
432
434
435
436
439
440
446
466
481
483
484
491
495
497
502
503
507
510
511
512
518
523
531
541
542
543
555
557
560
562
563
565
567
572
573
575
577
591
593
596
608
619
629
649
654
655
657
659
681
682
684
689
693
694
697
714
726
727
731
735
742
770
787
791
823
826
828
839
842
844
859
860
899
900
911
914
926
927
929
930
932
933
934
938
939
943
944
946
951
952
955
956
987
991
994
995
996
998
999
1001
1002
1015
1021
1025
1026
1027
1035
1039
1045
1059
1069
1071
1080
1086
1101
1102
1112
1114
1116
1123
1133
1135
1138
1143
1146
1149
1151
1152
1156
1167
1171
1173
1174
1175
1188
1220
1222
1226
1228
1229
1234
1235
1244
1247
1257
1259
1261
1263
1267
1269
1274
1275
1276
1281
1283
1285
1290
1292
1293
1296
1301
1305
1306
1307
1317
1322
1326
1328
1331
1335
1355
1358
1362
1364
1368
1385
1395
1397
1402
1403
1424
1445
1452
1458
1460
1463
1464
1468
1470
1472
1474
1475
1488
1506
1508
1510
1519
1536
1537
1547
1551
1554
1555
1594
1598
1613
1622
1636
1646
1677
1691
1706
1712
1719
1721
1731
1733
1747
1754
1755
1758
1771
1773
1779
1782
1787
1793
1798
1802
1813
1823
1849
1876
1878
1881
1886
1894
1896
1899
1917
1926
1945
1969
1985
1988
1989
1998
1999
2001
2009
2012
2020
2023
2024
2025
2026
2027
2032
2042
2060
2062
2063
2065
2068
2071
2072
2075
2076
2078
2079
2082
2084
2085
2086
2095
2113
2122
2124
2138
2143
2161
2162
2164
2170
2171
2189
2202
2208
2209
2224
2226
2228
2230
2232
2235
2236
2240
2241
2249
2256
2258
2262
2263
2274
2275
2276
2278
2283
2284
2312
2322
2337
2353
2375
2379
2381
2388
2393
2431
2438
2439
2448
2454
2460
2468
2479
2480
2481
2488
2509
2513
2522
2533
2535
2537
2541
2549
2557
2562
2567
2581
2582
2590
2600
2611
2612
2613
2615
2617
2622
2629
2632
2635
2636
2654
2665
2669
2685
2686
2689
2690
2691
2692
2695
2702
2704
2706
2711
2712
2716
2719
2722
2724
2725
2727
2729
2732
2733
2734
2735
2737
2739
2740
2742
2768
2771
2781
2788
2791
2823
2826
2851
2861
2865
2866
2868
2875
2880
2888
2893
2894
2901
2905
2916
2918
2926
2927
2934
2942
2947
2949
2951
2952
2953
2956
2963
2973
2985
2990
2991
2992
2993
3006
3007
3009
3026
3028
3039
3043
3057
3058
3061
3064
3068
3069
3070
3071
3096
3099
3100
3120
3129
3132
3142
3149
3150
3152
3154
3155
3160
3164
3178
3179
3182
3187
3207
3221
3230
3233
3251
3273
3285
3288
3290
3292
3294
3295
3296
3299
3300
3308
3314
3316
3323
3337
3346
3348
3352
3369
3373
3379
3381
3384
3388
3390
3391
3434
3454
3455
3457
3459
3461
3462
3463
3465
3470
3488
3491
3496
3506
3509
3510
3515
3519
3543
3547
3548
3597
3614
3653
3662
3678
3679
3702
3707
3722
3724
3725
3734
3736
3744
3764
3773
3775
3783
3790
3797
3798
3799
3801
3810
3821
3822
3823
3835
3837
3842
3844
3845
3852
3858
3870
3871
3872
3874
3876
3887
3888
3897
3917
3919
3981
3982
3986
3991
3994
3998
4014
4015
4017
4035
4056
4070
4073
4074
4077
4081
4083
4102
4104
4105
4112
4116
4138
4144
4153
4192
4193
4208
4209
4252
4255
4260
4272
4278
4280
4283
4284
4286
4289
4290
4295
4297
4299
4301
4303
4304
4305
4316
4347
4361
4395
4403
4425
4448
4454
4455
4469
4473
4477
4480
4482
4488
4491
4496
4514
4522
4523
4526
4530
4536
4541
4546
4547
4548
4553
4567
4581
4583
4585
4606
4617
4620
4623
4625
4626
4629
4630
4632
4633
4634
4635
4638
4639
4641
4674
4676
4702
4743
4751
4753
4756
4763
4782
4785
4800
4806
4808
4809
4812
4816
4820
4832
4838
4843
4855
4857
4860
4862
4863
4866
4868
4869
4870
4871
4872
4874
4875
4879
4892
4920
4925
4930
4942
4970
4985
4993
4994
4997
5019
5020
5024
5025
5026
5034
5038
5044
5051
5052
5057
5058
5094
5104
5106
5122
5131
5132
5148
5170
5174
5180
5182
5188
5191
5206
5214
5216
5223
5225
5235
5242
5244
5247
5248
5249
5250
5252
5271
5304
5306
5310
5311
5312
5314
5321
5326
5335
5338
5341
5343
5347
5361
5370
5372
5397
5419
5432
5456
5461
5478
5502
5525
5530
5544
5546
5556
5566
5574
5578
5582
5584
5586
5588
5592
5593
5599
5602
5611
5612
5627
5628
5629
5647
5656
5664
5685
5745
5779
5792
5798
5802
5804
5815
5852
5858
5873
5885
5889
5890
5892
5914
5920
5921
5955
5982
5992
5995
5998
6014
6026
6027
6034
6037
6039
6050
6054
6057
6064
6073
6095
6098
6107
6109
6117
6122
6126
6129
6135
6147
6149
6153
6168
6169
6170
6174
6181
6190
6205
6214
6223
6229
6232
6242
6250
6260
6275
6276
6280
6282
6283
6284
6286
6287
6301
6324
6332
6336
6339
6341
6342
6343
6347
6368
6410
6420
6424
6429
6432
6443
6447
6452
6453
6456
6458
6459
6461
6462
6464
6472
6473
6475
6476
6477
6478
6482
6484
6486
6488
6489
6491
6494
6496
6497
6499
6500
6502
6504
6506
6508
6512
6516
6517
6519
6523
6570
6583
6585
6593
6596
6601
6611
6620
6623
6652
6656
6667
6671
6673
6677
6700
6795
6800
6818
6821
6833
6841
6852
6870
6889
6891
6898
6903
6911
6915
6961
6972
6977
6981
6997
7023
7025
7036
7049
7051
7054
7059
7060
7063
7066
7084
7086
7099
7102
7105
7124
7138
7142
7146
7155
7159
7161
7170
7173
7174
7179
7182
7183
7187
7193
7194
7196
7213
7218
7220
7222
7223
7233
7236
7240
7241
7244
7248
7250
7282
7284
7291
7294
7299
7326
7328
7332
7354
7376
7383
7389
7400
7411
7451
7461
7464
7469
7474
7485
7549
7587
7590
7612
7613
7615
7617
7618
7621
7622
7624
7626
7640
7642
7656
7662
7694
7699
7700
7704
7713
7717
7725
7731
7734
7737
7740
7744
7755
7763
7776
7787
7790
7794
7796
7801
7810
7826
7859
7878
7885
7888
7902
7926
7936
7940
7962
7969
7973
7978
7983
7985
7988
7995
7998
8000
8001
8006
8009
8010
8016
8047
8050
8053
8057
8058
8062
8068
8078
8079
8091
8101
8102
8116
8131
8132
8134
8143
8150
8157
8169
8178
8182
8191
8194
8197
8205
8209
8229
8250
8262
8295
8296
8336
8356
8364
8376
8381
8388
8418
8422
8424
8427
8441
8443
8491
8511
8516
8526
8533
8545
8548
8550
8558
8575
8609
8625
8646
8659
8661
8665
8674
8678
8688
8695
8710
8735
8739
8742
8744
8756
8759
8760
8761
8780
8785
8786
8808
8812
8824
8825
8827
8832
8833
8834
8835
8836
8839
8841
8843
8850
8852
8853
8854
8859
8861
8871
8872
8874
8881
8882
8885
8895
8901
8903
8910
8936
8938
8941
8968
8998
9000
9001
9010
9028
9035
9041
9043
9050
9051
9055
9057
9058
9059
9085
9110
9114
9138
9142
9144
9150
9153
9157
9158
9176
9212
9218
9219
9223
9240
9242
9251
9284
9288
9305
9316
9319
9323
9332
9355
9381
9416
9421
9424
9443
9447
9474
9476
9491
9496
9497
9506
9508
9516
9519
9528
9554
9559
9573
9576
9584
9595
9605
9609
9612
9613
9638
9644
9646
9664
9669
9670
9683
9689
9693
9696
9701
9716
9729
9737
9740
9742
9755
9773
9792
9801
9806
9815
9829
9843
9848
9854
9871
9891
9895
9941
9943
9946
9948
9949
9950
9957
9959
9963
9973
9979
9992
9999
10004
10014
10020
10031
10032
10034
10038
10039
10040
10041
10060
10073
10084
10100
10101
10123
10136
10151
10153
10156
10172
10180
10194
10213
10216
10220
10232
10236
10288
10293
10298
10304
10306
10321
10333
10362
10370
10377
10390
10392
10396
10397
10399
10401
10402
10413
10428
10438
10452
10461
10466
10469
10478
10480
10481
10485
10486
10493
10495
10500
10535
10548
10557
10572
10573
10577
10592
10601
10610
10641
10653
10663
10672
10674
10694
10699
10715
10743
10758
10760
10762
10763
10767
10770
10772
10776
10777
10779
10793
10796
10806
10807
10808
10830
10861
10864
10881
10891
10904
10913
10935
10968
10977
11025
11028
11039
11051
11056
11057
11060
11079
11092
11115
11117
11128
11130
11136
11150
11167
11168
11180
11187
11194
11208
11238
11239
11241
11260
11268
11276
11281
11315
11342
11382
11399
11419
11420
11443
11502
11508
11511
11526
11542
11543
11584
11602
11618
11619
11632
11646
11647
11652
11657
11684
11686
11687
11699
11702
11723
11726
11766
11767
11806
11833
11834
11852
11855
11877
11886
11897
11903
11911
11923
11930
11931
11942
11945
11951
11957
11970
11971
11979
11990
11994
11997
12000
12011
12069
12080
12095
12121
12124
12129
12130
12159
12160
12165
12183
12196
12242
12255
12257
12283
12284
12300
12336
12352
12383
12408
12414
12445
12452
12465
12466
12476
12488
12490
12493
12510
12549
12556
12565
12566
12568
12591
12623
12628
12632
12636
12644
12648
12666
12675
12687
12720
12736
12744
12748
12815
12816
12827
12859
12878
12886
12888
12891
12904
12911
12914
12934
12959
12970
12973
12986
13011
13014
13016
13019
13024
13025
13026
13030
13031
13036
13039
13042
13045
13060
13062
13063
13086
13091
13100
13141
13152
13173
13206
13224
13226
13229
13231
13236
13304
13309
13322
13372
13399
13423
13432
13451
13463
13504
13547
13554
13562
13577
13649
13669
13676
13677
13683
13703
13705
13713
13726
13762
13764
13784
13835
13842
13905
13914
13916
13917
13932
13971
14006
14024
14054
14067
14074
14084
14096
14109
14111
14117
14132
14192
14194
14209
14288
14294
14303
14312
14318
14369
14376
14389
14397
14421
14434
14435
14454
14506
14510
14512
14516
14518
14531
14537
14554
14592
14632
14635
14642
14653
14680
14694
14715
14763
14800
14827
14840
14846
14854
14899
14900
14927
14931
14970
15011
15018
15048
15102
15103
15138
15141
15158
15171
15187
15201
15258
15284
15285
15312
15360
15398
15430
15457
15484
15509
15530
15561
15572
15578
15582
15587
15615
15623
15694
15703
15707
15734
15736
15753
15754
15761
15767
15774
15802
15820
15823
15843
15879
15880
15885
15896
15915
15932
15934
15960
15974
16004
16015
16023
16028
16031
16035
16086
16094
16109
16116
16126
16132
16157
16192
16193
16194
16196
16198
16201
16203
16204
16205
16206
16207
16267
16308
16346
16369
16496
16527
16557
16581
16611
16618
16627
16694
16709
16721
16722
16757
16759
16760
16761
16762
16778
16780
16782
16809
16835
16852
16880
16893
16924
16964
16965
16966
16968
16971
17010
17029
17048
17072
17087
17095
17100
17139
17151
17166
17176
17194
17202
17208
17216
17218
17241
17257
17263
17283
17298
17307
17351
17359
17394
17421
17440
17447
17478
17481
17484
17492
17499
17503
17539
17579
17627
17701
17738
17748
17753
17787
17813
17873
17905
17938
17946
17961
18023
18038
18043
18160
18173
18198
18233
18285
18287
18301
18390
18395
18413
18417
18436
18438
18441
18491
18532
18642
18651
18666
18668
18673
18678
18682
18683
18686
18688
18690
18692
18694
18696
18706
18769
18780
18781
18795
18803
18805
18817
18829
18836
18913
18932
18954
18987
19044
19048
19073
19174
19178
19186
19193
19194
19233
19255
19257
19266
19346
19348
19349
19361
19363
19364
19368
19371
19374
19384
19388
19391
19395
19396
19398
19399
19401
19406
19408
19417
19420
19424
19425
19427
19436
19437
19441
19443
19446
19447
19470
19495
19546
19654
19661
19663
19667
19668
19669
19673
19681
19682
19688
19690
19692
19711
19717
19720
19725
19729
19732
19734
19741
19744
19748
19761
19827
19836
19912
19920
19957
19978
19979
19982
20036
20118
20124
20149
20150
20171
20174
20176
20179
20180
20183
20184
20185
20187
20189
20190
20192
20202
20251
20274
20337
20341
20351
20370
20414
20562
20599
20662
20705
20765
20800
20810
20867
20892
20903
20904
20939
20953
20980
21001
21076
21110
21171
21185
21207
21283
21323
21335
21362
21430
21462
21488
21499
21501
21586
21641
21698
21844
21874
21875
21878
21879
21883
21884
21890
21928
21930
21973
21976
21977
21979
21980
21983
22026
22054
22177
22200
22261
22413
22470
22486
22630
22737
22762
22794
22795
22818
22831
22901
22963
22971
23002
23004
23008
23011
23061
23085
23301
23305
23344
23431
23452
23583
23629
23634
23736
23771
23773
23834
23889
23899
23927
23935
23968
23997
24154
24218
24221
24224
24226
24227
24229
24230
24231
24450
24629
24735
24799
24840
24860
24907
24944
25021
25063
25140
25205
25350
25351
25476
25552
25556
25595
25852
25879
