0
77
80
141
192
196
198
199
201
205
211
235
258
325
326
329
356
358
372
379
436
441
460
463
466
469
471
476
478
498
569
575
581
592
622
646
647
650
651
712
729
804
834
836
911
922
936
939
941
942
954
985
992
1004
1015
1018
1019
1022
1038
1041
1043
1082
1116
1124
1229
1230
1238
1242
1257
1277
1278
1282
1284
1320
1325
1399
1413
1418
1453
1461
1465
1466
1468
1539
1564
1567
1644
1648
1662
1683
1685
1688
1691
1693
1695
1696
1698
1699
1712
1736
1741
1743
1745
1754
1801
1840
1864
1886
1918
1934
1945
1968
1970
1971
1973
1975
1981
1993
1996
2000
2001
2003
2006
2009
2010
2012
2017
2019
2028
2032
2040
2044
2047
2049
2068
2070
2074
2082
2094
2096
2097
2098
2148
2149
2172
2173
2174
2180
2183
2187
2188
2190
2193
2198
2202
2213
2215
2219
2220
2222
2279
2313
2341
2342
2404
2434
2435
2437
2439
2462
2475
2504
2512
2538
2567
2583
2680
2688
2698
2774
2839
2841
2844
2849
2948
2963
2979
3006
3007
3012
3019
3021
3022
3035
3041
3062
3086
3183
3262
3264
3266
3268
3269
3272
3273
3275
3276
3280
3282
3283
3284
3285
3289
3290
3291
3308
3342
3345
3346
3348
3352
3389
3392
3393
3398
3428
3449
3473
3474
3547
3557
3559
3563
3564
3565
3566
3569
3571
3573
3578
3580
3583
3584
3585
3605
3608
3610
3704
3711
3725
3809
3819
3828
3830
3831
3833
3836
3837
3897
3967
4010
4018
4104
4108
4120
4169
4191
4204
4209
4259
4285
4316
4334
4335
4340
4439
4481
4520
4529
4543
4559
4568
4570
4574
4576
4579
4582
4589
4592
4629
4660
4680
4682
4707
4720
4746
4788
4818
4857
4925
4943
4944
4946
4971
5010
5076
5162
5172
5370
5383
5390
5405
5407
5412
5414
5417
5460
5466
5470
5506
5513
5529
5535
5576
5577
5588
5589
5634
5734
5783
5795
5796
5799
5800
5829
5918
5921
5937
6038
6067
6104
6109
6110
6111
6113
6175
6220
6223
6248
6297
6351
6371
6376
6386
6396
6408
6545
6561
6580
6725
6815
6836
6846
6853
6911
6920
6943
6982
7200
7241
7243
7349
7352
7362
7368
7384
7394
7506
7525
7527
7528
7530
7532
7606
7692
7819
7859
7932
8002
8052
8119
8139
8264
8266
8267
8288
8365
8392
8401
8472
8473
8475
8524
8599
8682
8774
8810
8869
8957
9026
9028
9029
9032
9065
9081
9082
9093
9309
9361
9413
9452
9522
9559
9566
9587
9658
9662
9666
9714
9734
9967
9978
10129
10165
10184
10196
10237
10249
10274
10278
10285
10334
10368
10369
10373
10380
10474
10551
10561
10722
10738
10832
10914
11078
11084
11092
11097
11100
11106
11111
11113
11116
11118
11138
11156
11190
11260
11293
11349
11365
11431
11533
11600
