0
1
2
4
5
6
7
9
10
11
12
13
17
21
24
25
26
28
29
31
33
36
40
44
48
54
63
66
71
72
77
82
113
128
139
156
175
181
257
268
269
271
276
277
282
284
285
288
293
295
297
300
301
303
304
306
320
321
323
324
328
329
330
331
332
333
334
363
367
368
372
374
376
379
380
382
383
384
388
389
390
418
424
425
427
440
468
476
492
499
500
501
503
508
511
512
515
516
518
521
523
525
526
528
530
532
535
538
540
542
543
546
547
551
552
554
557
570
606
607
609
657
662
672
676
679
681
684
687
689
692
706
708
710
713
714
715
716
717
800
801
817
849
878
897
903
910
919
921
923
926
928
929
948
950
951
992
997
1001
1034
1040
1065
1075
1094
1102
1105
1129
1131
1135
1158
1165
1169
1202
1206
1208
1211
1220
1226
1288
1296
1304
1345
1374
1379
1383
1385
1386
1388
1389
1390
1391
1393
1394
1395
1397
1400
1405
1406
1408
1409
1410
1412
1416
1418
1423
1424
1429
1430
1432
1437
1439
1441
1488
1525
1528
1531
1533
1547
1554
1596
1602
1603
1607
1615
1620
1621
1647
1696
1725
1729
1731
1732
1734
1736
1739
1752
1773
1809
1814
1823
1825
1827
1831
1837
1843
1854
1863
1864
1890
1899
1900
1901
1902
1906
1911
1912
1915
1917
1918
1920
1922
1924
1928
1929
1933
1945
1949
1956
1960
1961
1971
1981
1992
1997
1998
2005
2011
2014
2016
2018
2020
2021
2026
2055
2119
2151
2154
2158
2159
2160
2162
2167
2172
2176
2180
2183
2186
2191
2192
2194
2202
2205
2206
2211
2213
2219
2220
2223
2230
2233
2234
2240
2242
2257
2273
2281
2321
2325
2340
2343
2347
2350
2351
2352
2361
2363
2365
2366
2372
2429
2441
2486
2495
2548
2566
2588
2606
2607
2618
2716
2723
2730
2756
2763
2765
2767
2772
2773
2776
2777
2785
2803
2824
2864
2874
2877
2878
2882
2883
2885
2887
2889
2890
2902
2903
2905
2907
2910
2912
2915
2918
2961
2967
2972
2982
2984
2986
2987
2994
2995
2996
2997
3001
3005
3007
3009
3012
3014
3027
3039
3050
3055
3061
3063
3068
3089
3093
3124
3128
3160
3179
3207
3215
3234
3260
3279
3288
3325
3328
3398
3423
3425
3434
3448
3471
3509
3549
3556
3568
3575
3605
3606
3609
3612
3644
3646
3648
3649
3651
3653
3654
3657
3658
3660
3663
3664
3666
3668
3676
3709
3725
3738
3824
3860
3878
3968
3984
4015
4178
4182
4188
4249
4263
4304
4307
4311
4356
4361
4370
4434
4459
4537
4649
4704
4708
4721
4781
4796
4802
4830
4840
4903
4923
4965
4969
4971
4973
4974
4976
4987
4988
4990
4992
4994
4995
5019
5023
5027
5029
5030
5033
5116
5117
5119
5140
5149
5154
5353
5382
5385
5396
5406
5433
5446
5473
5498
5507
5527
5618
5632
5640
5654
5662
5663
5668
5670
5673
5684
5687
5703
5708
5757
5758
5759
5786
5788
5796
5824
5827
5838
5844
5876
5878
5883
5886
5887
5928
5936
5976
6006
6044
6055
6083
6091
6169
6173
6200
6206
6234
6314
6317
6319
6322
6329
6332
6388
6411
6413
6439
6492
6549
6552
6553
6555
6557
6560
6569
6570
6572
6589
6592
6596
6600
6602
6603
6604
6616
6662
6677
6704
6732
6749
6753
6756
6759
6760
6790
6792
6795
6798
6801
6802
6805
6806
6809
6810
6834
6836
6838
6844
6846
6850
6851
6852
6855
6857
6858
6861
6867
6868
6870
6871
7025
7083
7086
7124
7126
7129
7130
7132
7135
7211
7261
7290
7301
7363
7393
7421
7422
7447
7449
7450
7452
7453
7456
7459
7461
7463
7464
7466
7468
7522
7525
7531
7533
7534
7539
7541
7545
7570
7623
7630
7721
7727
7736
7753
7765
7864
7921
7940
7947
7948
7951
7952
7956
7958
7962
7969
7979
7980
7989
8004
8009
8018
8051
8055
8061
8083
8085
8086
8088
8090
8093
8095
8166
8202
8204
8207
8218
8238
8259
8261
8262
8283
8297
8367
8401
8403
8405
8409
8413
8414
8416
8418
8420
8433
8437
8439
8443
8445
8450
8453
8454
8456
8457
8463
8464
8466
8485
8489
8491
8500
8501
8502
8504
8505
8506
8508
8510
8517
8527
8580
8606
8620
8661
8680
8755
8775
8853
8865
8908
8910
8914
8917
8925
8949
8979
9115
9151
9152
9153
9157
9231
9237
9238
9239
9266
9280
9293
9302
9329
9336
9341
9342
9346
9354
9427
9480
9484
9510
9593
9600
9632
9684
9697
9698
9700
9710
9732
9748
9773
9777
9778
9779
9781
9782
9784
9789
9837
9982
10013
10019
10022
10025
10027
10030
10077
10094
10120
10170
10247
10293
10352
10368
10442
10480
10482
10483
10486
10508
10524
10529
10531
10573
10577
10638
10672
10706
10848
10885
10904
10908
10914
10915
10918
10920
10922
10989
11029
11053
11063
11150
11175
11216
11228
11241
11273
11378
11409
11468
11490
11520
11542
11597
11625
11661
11682
11775
11781
11782
11814
11900
11939
11958
12062
12068
12073
12075
12077
12082
12200
12288
12328
12386
12415
12421
12422
12478
12500
12514
12542
12563
12654
12663
12686
12704
12714
12755
12812
12852
12977
12995
13022
13052
13066
13070
13080
13159
13172
13174
13238
13274
13340
13358
13498
13505
13543
13564
13610
13632
13635
13679
13681
13685
13686
13689
13694
13762
13802
13809
13813
13831
13873
13880
13900
13940
13958
13976
14027
14070
14201
14234
14235
14237
14242
14244
14246
14255
14256
14258
14259
14260
14262
14265
14268
14269
14271
14273
14275
14277
14278
14279
14281
14283
14384
14415
14453
14542
14551
14555
14558
14578
14638
14667
14716
14804
14860
14905
14909
14949
14985
15019
15034
15036
15040
15047
15049
15050
15074
15143
15173
15197
15199
15227
15371
15380
15388
15446
15456
15481
15579
15583
15675
15711
15781
15785
15810
15900
15924
15949
15982
16002
16052
16085
16128
16155
16202
16232
16302
16326
16346
16348
16349
16391
16401
16406
16485
16600
16619
16627
16641
16675
16692
16870
16957
17104
17171
17182
17183
17187
17189
17190
17193
17196
17197
17200
17202
17205
17207
17209
17211
17384
17564
17565
17599
17617
17709
17730
17910
17983
