0
11
34
35
66
79
81
84
85
87
89
90
96
114
116
136
164
168
169
170
172
175
178
180
183
189
191
194
196
199
202
206
209
211
213
215
218
222
224
227
228
231
232
233
234
238
241
242
243
245
247
249
252
255
256
258
259
260
266
267
269
270
272
275
278
294
316
317
318
321
322
324
327
328
329
334
336
337
338
343
348
349
353
357
358
363
366
370
371
374
379
380
383
389
390
391
393
398
400
401
402
403
406
407
411
414
418
421
425
427
444
556
557
576
579
600
601
603
604
605
610
632
652
658
699
713
748
756
762
763
764
767
769
771
772
774
775
786
799
824
834
864
892
902
908
921
927
928
934
972
978
995
1013
1023
1035
1037
1039
1058
1071
1088
1144
1147
1150
1152
1171
1182
1194
1206
1234
1271
1276
1279
1280
1281
1284
1285
1317
1342
1357
1358
1359
1361
1363
1366
1367
1368
1370
1373
1383
1389
1390
1397
1398
1410
1418
1424
1426
1434
1435
1446
1465
1498
1501
1520
1569
1574
1575
1576
1578
1579
1607
1610
1612
1613
1615
1616
1620
1622
1625
1626
1627
1630
1639
1648
1663
1672
1676
1681
1684
1686
1696
1698
1700
1707
1708
1709
1727
1728
1730
1731
1735
1758
1778
1794
1810
1818
1821
1835
1870
1874
1875
1905
1908
1912
1938
1940
1946
1947
1964
1966
1969
1972
1979
1990
1992
1993
2007
2008
2016
2018
2020
2029
2052
2062
2073
2080
2102
2103
2110
2113
2116
2118
2120
2129
2137
2150
2152
2153
2154
2159
2161
2164
2169
2175
2178
2189
2196
2198
2201
2202
2204
2205
2208
2209
2211
2214
2220
2221
2222
2226
2227
2235
2248
2272
2274
2279
2285
2299
2300
2301
2302
2320
2344
2375
2431
2439
2456
2458
2466
2472
2474
2476
2477
2481
2491
2496
2500
2501
2503
2505
2506
2509
2514
2519
2523
2524
2543
2570
2575
2587
2593
2594
2598
2607
2608
2610
2611
2612
2614
2616
2617
2639
2640
2644
2646
2660
2662
2693
2744
2787
2791
2793
2813
2815
2817
2822
2839
2840
2842
2843
2846
2847
2850
2852
2860
2863
2867
2868
2869
2870
2887
2889
2890
2892
2922
2951
2962
2969
2997
3001
3003
3005
3009
3010
3037
3053
3059
3070
3074
3090
3096
3103
3112
3120
3147
3178
3182
3183
3186
3210
3211
3214
3215
3218
3219
3236
3238
3240
3244
3246
3249
3256
3262
3264
3267
3270
3272
3279
3312
3347
3349
3387
3410
3411
3419
3420
3422
3423
3425
3430
3443
3504
3557
3564
3589
3592
3595
3597
3612
3621
3650
3657
3701
3705
3708
3712
3716
3763
3764
3768
3772
3773
3774
3775
3776
3779
3780
3782
3788
3789
3801
3814
3838
3840
3841
3854
3855
3857
3874
3875
3889
3898
3899
3907
3924
3930
3938
3944
3946
3986
3999
4035
4038
4058
4129
4139
4174
4191
4259
4299
4307
4319
4323
4324
4331
4337
4427
4428
4429
4431
4432
4435
4437
4448
4470
4478
4486
4489
4517
4518
4526
4527
4537
4542
4544
4575
4597
4598
4600
4607
4685
4688
4712
4737
4742
4792
4798
4818
4830
4850
4857
4860
4946
4963
4975
4987
4990
4992
4995
4999
5030
5035
5052
5065
5111
5127
5173
5175
5188
5206
5215
5241
5243
5245
5247
5268
5306
5307
5337
5338
5340
5343
5352
5355
5374
5377
5449
5472
5474
5475
5476
5477
5507
5508
5512
5583
5585
5589
5591
5592
5609
5617
5629
5650
5654
5656
5671
5672
5687
5689
5780
5796
5876
5891
5901
5907
6016
6039
6049
6052
6127
6131
6134
6146
6148
6157
6162
6173
6175
6185
6193
6195
6197
6198
6201
6202
6203
6214
6217
6218
6221
6296
6329
6337
6349
6379
6411
6446
6469
6471
6487
6495
6524
6541
6551
6587
6592
6635
6641
6655
6681
6701
6707
6738
6750
6752
6759
6786
6795
6800
6822
6824
6830
6832
6843
6846
6851
6855
6862
6922
6927
6947
6981
6989
7011
7065
7079
7138
7166
7168
7169
7229
7300
7304
7306
7308
7314
7316
7317
7340
7345
7417
7418
7421
7427
7438
7444
7445
7455
7472
7504
7523
7570
7590
7614
7641
7648
7657
7678
7680
7706
7708
7730
7731
7740
7800
7825
7862
7921
7948
8003
8004
