0
1
18
38
45
63
70
71
96
100
103
105
123
155
156
157
160
180
198
221
223
242
247
258
265
308
324
344
370
372
384
416
417
423
438
461
462
476
477
513
539
589
611
614
669
682
735
743
753
777
779
781
784
789
791
793
794
807
820
834
839
840
896
925
942
953
966
967
977
1000
1018
1022
1032
1044
1094
1102
1110
1124
1133
1135
1142
1146
1148
1170
1187
1194
1199
1204
1209
1225
1227
1228
1229
1243
1325
1379
1381
1397
1398
1414
1416
1430
1432
1436
1469
1475
1483
1491
1509
1515
1517
1526
1545
1558
1564
1577
1578
