0
12
22
38
41
44
58
60
93
124
128
142
164
184
187
190
193
199
204
248
260
276
291
313
314
317
318
322
329
334
371
372
373
376
380
408
412
420
427
452
457
459
471
472
487
489
491
494
505
507
525
553
555
558
575
577
584
586
588
589
610
627
649
654
662
669
670
677
680
684
685
687
689
690
708
710
717
744
745
746
759
793
798
802
814
826
830
857
863
886
902
904
915
916
925
934
949
963
964
965
966
978
979
980
993
996
1019
1030
1066
1074
1089
1103
1115
1116
1126
1127
1137
1152
1162
1164
1166
1170
1177
1178
1191
1193
1218
1223
1224
1248
1252
1279
1289
1307
1315
1316
1343
1390
1392
1405
1410
1419
1427
1435
1445
1469
1490
1501
1512
1514
1515
1516
1519
1568
1599
1614
1620
1631
1663
1664
1665
1669
1672
1688
1697
1724
1726
1743
1763
1766
1769
1799
1811
1812
1844
1846
1857
1864
1893
1909
1929
1933
1977
1979
1995
2036
2045
2057
2072
2076
2097
2098
2103
2113
2119
2131
2148
2153
2177
2189
2199
2235
2238
2241
2245
2303
2305
2306
2317
2319
2323
2364
2365
2369
2384
2389
2425
2434
2438
2439
2440
2445
2446
2447
2450
2451
2464
2488
2526
2527
2531
2549
2571
2628
2632
2645
2704
2757
2778
2783
2814
2821
2822
2823
2826
2829
2830
2841
2850
2858
2890
2943
2949
2966
2985
2998
3003
3024
3038
3069
3076
3169
3180
3183
3184
3221
3305
3309
3336
3340
3342
3390
3394
3419
3430
3512
3513
3522
3590
3620
3630
3660
3668
3679
3680
3699
3836
3853
3863
3880
3884
3902
3904
3926
3953
3980
4012
4019
4034
4119
4135
4181
4193
4231
4262
4294
4319
4326
4336
4361
4367
4388
4426
4431
4460
4546
4564
4589
4624
4654
4664
4683
4687
4695
4702
4720
4761
4789
4791
4794
4806
4816
4855
4859
4869
4902
4905
4906
4986
5007
5089
5108
5117
5130
5171
5200
5235
5243
5288
5361
5399
5407
5419
5431
5464
5487
5507
5511
5533
5554
5664
5697
5730
5735
5757
5758
5765
5902
5922
5969
6001
6019
6044
6178
6260
6336
6389
6427
