0 19
0 45
0 41
1 45
2 45
2 32
1 19
0 0
1 41
2 41
0 38
0 37
0 48
0 15
0 32
1 48
2 48
0 12
1 15
1 12
2 12
1 38
0 17
2 19
0 27
1 0
0 9
0 25
1 27
0 23
2 27
1 17
1 32
0 7
2 1
2 0
1 7
1 9
2 9
1 25
1 23
1 37
2 11
0 39
0 30
2 23
2 15
1 39
1 30
0 28
2 25
0 18
1 28
0 36
0 11
2 37
2 28
1 18
2 18
0 44
1 36
0 24
0 33
0 29
2 6
0 14
2 36
0 47
0 20
0 40
2 38
0 16
1 33
0 43
0 3
1 20
1 29
2 20
1 40
0 35
1 16
1 47
1 43
2 16
2 43
0 13
1 14
0 8
1 24
1 11
2 40
0 22
0 10
2 39
0 5
1 13
2 42
0 31
1 35
1 3
0 21
2 47
0 2
0 1
1 31
0 49
2 29
0 34
1 21
1 10
1 8
1 22
2 33
2 21
2 3
0 6
0 26
1 34
1 2
1 44
0 46
2 8
1 49
2 13
2 31
1 6
2 7
2 14
0 42
0 4
1 1
1 4
2 10
1 26
2 17
1 46
2 35
2 49
1 5
2 30
2 2
2 24
1 42
2 34
2 46
2 26
2 4
2 5
2 44
2 22

Score: 120.81999999999962