0
9
10
12
13
15
19
21
23
24
26
27
29
34
35
36
40
44
45
48
50
52
61
62
64
66
68
72
76
77
78
82
83
87
89
91
93
94
95
100
101
103
104
106
109
113
114
115
116
118
120
121
123
124
134
139
205
222
225
228
230
233
236
238
239
240
242
243
245
253
256
258
260
262
264
267
268
270
272
274
275
278
281
282
283
306
315
318
321
323
325
326
327
329
330
331
332
333
335
341
342
346
349
350
351
352
353
354
355
357
359
361
363
364
369
370
371
382
385
390
393
395
397
398
401
403
404
405
406
408
409
410
417
418
420
423
429
431
446
447
449
452
464
467
469
470
475
478
479
481
483
485
487
489
492
496
498
501
503
504
512
515
518
519
520
524
528
529
530
531
533
534
535
539
542
545
546
547
549
550
551
553
554
556
558
559
560
563
565
567
570
572
573
574
580
582
583
585
588
589
597
599
601
602
603
605
606
610
612
614
615
616
618
620
625
626
630
634
638
640
642
644
647
649
652
653
654
655
659
661
665
670
673
675
677
679
681
685
686
691
693
695
696
701
703
704
708
710
713
714
716
719
720
721
722
725
727
729
731
732
733
735
737
738
740
741
745
746
750
753
754
757
758
759
762
764
765
768
769
773
774
775
777
779
782
785
786
787
789
791
794
795
801
802
805
806
808
809
812
814
816
819
820
823
824
826
830
831
835
836
840
842
845
846
848
850
853
855
858
860
862
871
873
875
880
881
882
884
886
890
892
894
896
898
899
901
902
903
909
910
912
917
919
923
924
926
927
928
929
932
934
937
940
942
943
946
949
950
954
955
958
963
964
968
974
977
979
981
984
986
987
990
991
992
993
995
996
1006
1007
1008
1011
1012
1013
1016
1019
1021
1024
1027
1032
1033
1036
1039
1042
1046
1047
1048
1051
1054
1056
1057
1059
1062
1063
1065
1070
1075
1077
1078
1079
1081
1084
1087
1088
1090
1091
1094
1096
1098
1101
1104
1105
1111
1113
1116
1117
1120
1121
1124
1126
1129
1131
1133
1136
1137
1139
1141
1147
1148
1151
1153
1154
1155
1156
1158
1159
1161
1163
1164
1166
1174
1177
1179
1182
1184
1186
1187
1190
1192
1195
1200
1203
1205
1223
1226
1228
1229
1230
1232
1234
1235
1236
1238
1241
1243
1252
1255
1257
1261
1264
1265
1266
1269
1271
1272
1274
1277
1284
1290
1291
1294
1297
1303
1309
1333
1345
1350
1352
1353
1356
1357
1358
1361
1362
1363
1368
1369
1374
1375
1379
1380
1384
1385
1388
1393
1394
1399
1401
1404
1407
1412
1414
1417
1418
1423
1516
1546
1547
1550
1551
1552
1555
1561
1562
1567
1568
1571
1572
1575
1576
1577
1588
1590
1598
1603
1614
1616
1619
1657
1662
1664
1667
1670
1676
1677
1683
1686
1687
1688
1689
1690
1691
1693
1701
1702
1704
1706
1708
1711
1715
1721
1723
1726
1727
1731
1736
1739
1740
1741
1743
1746
1749
1751
1756
1759
1761
1766
1768
1770
1776
1777
1780
1787
1788
1789
1791
1793
1794
1798
1801
1802
1804
1809
1816
1819
1821
1822
1825
1829
1831
1834
1835
1837
1843
1844
1846
1847
1849
1852
1855
1856
1858
1861
1867
1869
1873
1875
1876
1877
1879
1880
1882
1883
1884
1889
1890
1892
1894
1897
1899
1906
1912
1913
1915
1916
1917
1918
1919
1920
1921
1923
1924
1925
1926
1927
1931
1936
1937
1938
1939
1941
1942
1943
1945
1947
1949
1951
1953
1954
1955
1956
1957
1958
1959
1963
1964
1968
1970
1971
1972
1975
1977
1979
1982
1987
1989
1991
1993
1995
1996
1999
2000
2002
2004
2006
2009
2011
2020
2021
2024
2025
2029
2030
2031
2036
2039
2040
2042
2044
2045
2049
2050
2051
2052
2053
2055
2056
2060
2063
2065
2068
2070
2072
2074
2076
2078
2081
2084
2087
2088
2089
2090
2093
2095
2098
2100
2104
2107
2109
2111
2113
2115
2117
2120
2122
2124
2126
2129
2132
2134
2136
2137
2138
2139
2143
2144
2146
2147
2152
2154
2155
2157
2162
2164
2167
2168
2171
2173
2174
2176
2178
2179
2182
2184
2188
2191
2195
2198
2201
2202
2207
2209
2210
2212
2213
2217
2218
2221
2222
2224
2226
2228
2232
2233
2234
2237
2241
2243
2244
2246
2250
2253
2255
2257
2261
2262
2265
2270
2271
2272
2274
2276
2281
2284
2285
2288
2293
2295
2296
2300
2302
2303
2305
2307
2310
2311
2312
2313
2315
2321
2322
2324
2327
2328
2332
2333
2334
2337
2339
2340
2342
2343
2344
2348
2350
2351
2353
2355
2356
2357
2365
2367
2369
2370
2377
2380
2383
2386
2387
2390
2393
2396
2397
2398
2399
2400
2401
2404
2405
2406
2411
2413
2415
2417
2418
2421
2423
2427
2429
2430
2432
2437
2438
2439
2443
2445
2447
2449
2450
2451
2453
2455
2456
2459
2460
2462
2465
2467
2470
2472
2477
2479
2481
2486
2488
2490
2492
2494
2496
2498
2502
2503
2505
2509
2510
2513
2515
2516
2519
2520
2521
2522
2525
2527
2528
2529
2531
2538
2539
2541
2542
2543
2546
2549
2554
2555
2556
2558
2561
2564
2565
2568
2569
2573
2574
2576
2578
2581
2583
2584
2585
2586
2589
2590
2592
2594
2598
2599
2601
2603
2605
2606
2608
2609
2610
2614
2615
2620
2621
2626
2628
2635
2637
2640
2644
2646
2647
2649
2651
2655
2656
2658
2659
2666
2667
2673
2678
2684
2686
2689
2690
2691
2694
2696
2699
2700
2701
2703
2707
2708
2711
2712
2714
2715
2720
2723
2725
2728
2731
2732
2735
2737
2741
2744
2745
2751
2752
2754
2760
2761
2762
2769
2774
2775
2777
2778
2780
2787
2791
2792
2793
2795
2796
2810
2815
2817
2820
2823
2825
2829
2832
2834
2835
2837
2838
2841
2842
2845
2848
2849
2850
2851
2853
2896
2898
2899
2904
2909
2913
2918
2919
2923
2927
2928
2930
2934
2936
2938
2940
2943
2945
2946
2948
2950
2952
2953
2955
2956
2958
2959
2962
2965
2966
2967
2969
2970
2975
2976
2977
2979
2982
2984
2989
3004
3007
3008
3009
3010
3013
3015
3016
3018
3019
3027
3033
3034
3036
3038
3039
3040
3045
3046
3047
3049
3052
3053
3060
3061
3065
3068
3070
3072
3074
3075
3077
3078
3080
3082
3083
3086
3088
3090
3093
3094
3098
3101
3102
3104
3108
3111
3113
3114
3115
3116
3118
3120
3121
3123
3125
3127
3130
3132
3133
3134
3138
3140
3145
3147
3149
3150
3153
3159
3163
3166
3169
3170
3175
3176
3178
3181
3184
3185
3186
3189
3194
3196
3202
3203
3205
3209
3212
3216
3219
3220
3223
3224
3226
3229
3230
3235
3272
3273
3287
3292
3294
3301
3304
3307
3308
3309
3312
3314
3316
3324
3329
3332
3350
3352
3354
3357
3359
3364
3365
3367
3394
3396
3399
3403
3405
3406
3408
3410
3414
3416
3422
3424
3427
3428
3431
3432
3433
3436
3437
3451
3512
3515
3517
3519
3520
3524
3528
3535
3536
3537
3542
3543
3545
3546
3551
3552
3553
3554
3560
3561
3562
3567
3569
3570
3571
3573
3574
3576
3577
3579
3582
3588
3590
3592
3593
3595
3598
3601
3604
3605
3607
3613
3615
3616
3618
3619
3622
3623
3624
3626
3628
3629
3633
3635
3637
3638
3641
3642
3645
3648
3650
3653
3655
3656
3659
3661
3665
3670
3671
3672
3678
3679
3683
3686
3688
3692
3694
3698
3699
3700
3701
3702
3704
3705
3706
3709
3715
3717
3719
3723
3727
3729
3730
3731
3734
3735
3737
3739
3740
3742
3743
3745
3747
3748
3751
3754
3755
3756
3758
3759
3760
3762
3763
3768
3772
3774
3781
3783
3785
3787
3796
3797
3798
3802
3805
3808
3809
3813
3817
3818
3820
3821
3822
3823
3826
3829
3830
3831
3832
3836
3840
3842
3845
3848
3850
3852
3854
3855
3856
3858
3859
3860
3862
3863
3866
3867
3873
3878
3882
3887
3890
3892
3895
3901
3902
3904
3906
3909
3910
3920
3922
3925
3928
3930
3934
3935
3938
3942
3946
3949
3951
3952
3953
3954
3958
3960
3961
3962
3964
3968
3969
3971
3973
3975
3976
3979
3980
3982
3983
3984
3988
3990
3991
3993
3994
3995
3996
4000
4001
4003
4005
4007
4008
4010
4015
4017
4018
4019
4023
4024
4025
4029
4040
4043
4045
4046
4047
4051
4055
4057
4059
4061
4064
4068
4070
4072
4074
4078
4079
4083
4085
4086
4087
4088
4089
4090
4091
4093
4096
4098
4100
4106
4108
4116
4120
4126
4128
4129
4146
4151
4158
4172
4175
4176
4215
4217
4221
4224
4226
4228
4230
4231
4235
4236
4238
4239
4241
4242
4243
4245
4253
4254
4255
4259
4262
4263
4264
4268
4269
4270
4274
4275
4276
4279
4283
4285
4288
4289
4291
4294
4295
4296
4297
4300
4305
4306
4309
4311
4312
4313
4316
4320
4322
4323
4328
4332
4333
4339
4342
4360
4377
4379
4386
4397
4398
4405
4408
4409
4412
4413
4415
4428
4435
4436
4441
4448
4455
4460
4462
4465
4466
4470
4472
4473
4474
4476
4477
4479
4481
4483
4484
4485
4486
4488
4490
4495
4496
4499
4501
4503
4505
4506
4507
4509
4510
4511
4513
4515
4517
4523
4526
4528
4532
4534
4536
4537
4538
4540
4542
4544
4547
4549
4553
4554
4556
4557
4558
4562
4564
4565
4568
4569
4571
4573
4578
4579
4582
4584
4586
4588
4590
4591
4593
4598
4600
4603
4605
4606
4608
4609
4611
4615
4620
4626
4629
4630
4633
4636
4637
4638
4643
4645
4647
4652
4653
4658
4660
4662
4664
4665
4667
4673
4675
4676
4677
4680
4681
4682
4683
4686
4687
4689
4692
4693
4694
4696
4701
4702
4705
4707
4713
4716
4720
4727
4730
4734
4736
4738
4741
4742
4745
4748
4749
4750
4751
4753
4755
4756
4757
4760
4761
4762
4765
4766
4767
4768
4771
4776
4777
4779
4781
4784
4787
4790
4793
4795
4799
4802
4804
4805
4807
4810
4812
4815
4819
4820
4821
4823
4828
4831
4832
4833
4837
4840
4843
4844
4848
4852
4854
4855
4857
4858
4861
4863
4867
4869
4875
4878
4880
4881
4883
4884
4892
4894
4898
4900
4902
4903
4905
4906
4912
4914
4915
4916
4920
4922
4923
4925
4928
4929
4930
4935
4939
4940
4942
4946
4947
4948
4953
4958
4961
4972
4973
4976
4979
4983
4985
4987
4989
4990
4991
4993
4994
5010
5012
5015
5022
5028
5031
5032
5034
5035
5037
5045
5054
5055
5058
5060
5061
5065
5069
5070
5074
5077
5079
5082
5083
5089
5090
5091
5092
5093
5095
5096
5097
5099
5101
5105
5109
5111
5113
5115
5116
5129
5139
5148
5150
5152
5154
5158
5160
5173
5175
5176
5183
5185
5189
5191
5201
5202
5203
5206
5207
5208
5209
5212
5213
5218
5222
5224
5229
5231
5235
5237
5238
5239
5241
5242
5245
5249
5252
5256
5259
5261
5264
5266
5271
5272
5273
5275
5276
5279
5280
5281
5283
5289
5290
5291
5292
5294
5296
5300
5302
5305
5306
5310
5311
5314
5315
5319
5320
5322
5323
5326
5328
5330
5332
5336
5337
5338
5341
5342
5345
5346
5349
5350
5351
5354
5358
5359
5360
5361
5362
5365
5369
5372
5373
5376
5377
5379
5380
5383
5385
5388
5389
5392
5393
5394
5395
5397
5398
5399
5401
5403
5405
5410
5412
5414
5417
5420
5421
5443
5459
5477
5481
5484
5486
5492
5493
5496
5499
5500
5502
5507
5508
5512
5514
5517
5518
5520
5535
5536
5539
5544
5547
5549
5552
5554
5555
5557
5566
5568
5572
5573
5576
5578
5582
5586
5587
5590
5593
5594
5595
5597
5600
5605
5607
5615
5620
5623
5624
5626
5630
5635
5639
5640
5642
5648
5652
5655
5656
5660
5661
5665
5668
5670
5671
5673
5678
5679
5680
5681
5682
5683
5688
5689
5690
5692
5693
5694
5698
5700
5705
5707
5710
5712
5713
5716
5717
5719
5721
5723
5725
5726
5731
5733
5735
5737
5738
5744
5746
5751
5756
5760
5766
5767
5776
5777
5781
5782
5785
5786
5790
5796
5800
5803
5804
5807
5811
5815
5818
5821
5824
5826
5829
5831
5837
5838
5847
5849
5850
5853
5856
5859
5861
5864
5865
5868
5870
5871
5874
5876
5880
5883
5889
5892
5895
5896
5898
5902
5911
5916
5920
5921
5925
5926
5928
5934
5936
5938
5939
5941
5943
5946
5951
5957
5959
5961
5962
5965
5968
5970
5971
5973
5974
5976
5977
5978
5980
5983
5987
5988
5989
5993
5994
5996
5998
6000
6001
6004
6006
6007
6011
6015
6017
6020
6021
6031
6035
6039
6042
6051
6062
6068
6089
6110
6117
6120
6125
6126
6127
6128
6130
6131
6134
6141
6144
6145
6176
6224
6228
6231
6233
6237
6239
6241
6242
6244
6247
6248
6251
6253
6255
6257
6260
6261
6262
6264
6265
6267
6270
6271
6274
6276
6277
6281
6283
6288
6291
6298
6302
6305
6317
6318
6321
6324
6326
6346
6431
6438
6447
6449
6453
6454
6458
6461
6467
6468
6484
6486
6491
6492
6495
6498
6500
6506
6511
6514
6516
6517
6519
6522
6526
6528
6529
6530
6532
6535
6537
6541
6543
6545
6549
6553
6555
6556
6559
6560
6566
6567
6568
6570
6571
6572
6574
6576
6578
6579
6583
6585
6587
6589
6591
6593
6594
6597
6598
6600
6601
6607
6608
6611
6612
6614
6620
6623
6625
6627
6631
6634
6637
6639
6642
6643
6648
6652
6653
6655
6658
6664
6665
6667
6678
6680
6681
6683
6686
6689
6692
6696
6697
6699
6700
6705
6707
6711
6712
6713
6714
6715
6717
6719
6722
6725
6726
6730
6731
6733
6734
6735
6738
6772
6812
6822
6826
6827
6832
6833
6834
6845
6850
6852
6854
6858
6860
6861
6868
6872
6880
6882
6888
6900
6903
6927
6948
6951
6953
6955
6958
6960
6961
6963
6964
6965
6968
6973
6976
6978
6979
6981
6984
6985
6986
6987
6989
6990
6991
7002
7004
7012
7017
7030
7034
7041
7045
7046
7048
7050
7058
7061
7073
7074
7075
7076
7082
7088
7092
7096
7097
7099
7101
7103
7106
7107
7108
7113
7119
7121
7123
7127
7128
7132
7137
7138
7139
7141
7143
7145
7146
7150
7159
7161
7164
7165
7168
7170
7174
7179
7181
7182
7188
7190
7192
7193
7196
7198
7200
7201
7202
7209
7212
7218
7220
7222
7225
7226
7231
7233
7236
7241
7245
7246
7249
7251
7255
7261
7265
7266
7267
7273
7275
7279
7282
7284
7285
7286
7288
7296
7310
7350
7373
7375
7379
7381
7382
7386
7388
7390
7392
7395
7402
7406
7408
7414
7417
7421
7426
7430
7440
7447
7451
7453
7454
7457
7458
7461
7464
7465
7468
7472
7478
7480
7481
7482
7485
7486
7492
7494
7496
7498
7499
7502
7504
7505
7507
7509
7511
7514
7516
7517
7521
7524
7525
7532
7537
7541
7544
7546
7547
7554
7555
7556
7561
7562
7566
7569
7570
7573
7574
7576
7578
7580
7581
7584
7592
7593
7594
7598
7600
7602
7605
7609
7610
7614
7617
7623
7624
7627
7630
7634
7641
7647
7648
7652
7660
7661
7669
7670
7676
7678
7680
7682
7693
7700
7706
7712
7715
7720
7727
7736
7737
7739
7742
7744
7747
7749
7753
7756
7757
7758
7766
7771
7773
7822
7857
7859
7862
7863
7864
7866
7873
7877
7879
7884
7888
7890
7893
7896
7903
7908
7911
7912
7914
7916
7920
7921
7922
7924
7925
7929
7931
7934
7935
7942
7944
7946
7950
7964
7969
8003
8006
8008
8012
8014
8015
8020
8022
8023
8025
8027
8030
8035
8036
8040
8042
8043
8045
8046
8049
8054
8055
8056
8060
8062
8064
8067
8068
8071
8077
8084
8086
8087
8090
8092
8094
8095
8096
8101
8103
8105
8107
8108
8112
8113
8114
8118
8119
8120
8124
8126
8127
8129
8130
8131
8132
8136
8137
8138
8143
8146
8147
8149
8150
8153
8155
8156
8161
8163
8164
8166
8169
8171
8174
8179
8181
8183
8187
8188
8189
8192
8194
8196
8197
8200
8201
8204
8205
8208
8212
8216
8217
8220
8221
8222
8223
8226
8228
8231
8232
8233
8237
8243
8244
8246
8249
8251
8252
8253
8255
8273
8293
8311
8328
8329
8343
8346
8359
8360
8361
8364
8368
8370
8381
8402
8406
8407
8410
8415
8416
8418
8419
8421
8423
8425
8429
8431
8433
8434
8436
8438
8439
8441
8443
8444
8449
8457
8459
8460
8466
8473
8479
8480
8484
8486
8489
8494
8497
8498
8501
8502
8504
8507
8509
8515
8516
8517
8518
8520
8523
8526
8527
8528
8530
8531
8534
8535
8537
8538
8540
8544
8547
8550
8551
8552
8553
8556
8558
8563
8567
8568
8569
8571
8575
8577
8579
8580
8582
8585
8587
8589
8592
8593
8594
8595
8599
8602
8603
8604
8605
8611
8612
8614
8616
8617
8619
8620
8621
8623
8626
8629
8632
8633
8637
8639
8641
8645
8646
8648
8650
8651
8654
8656
8657
8660
8661
8663
8665
8672
8675
8676
8679
8680
8681
8684
8685
8689
8691
8692
8694
8695
8700
8702
8703
8708
8714
8718
8719
8862
8863
8869
8874
8879
8893
8897
8899
8901
8905
8906
8912
8920
8927
8929
8932
8935
8942
8946
8948
8954
8956
8961
8969
8974
8976
8981
8984
8986
8989
9010
9035
9076
9079
9080
9091
9095
9149
9153
9155
9157
9159
9160
9163
9165
9168
9172
9176
9180
9181
9182
9186
9188
9189
9190
9196
9197
9200
9201
9206
9207
9209
9211
9214
9219
9220
9222
9225
9227
9232
9233
9235
9238
9241
9242
9244
9246
9249
9254
9257
9258
9259
9263
9265
9266
9267
9269
9272
9273
9275
9277
9279
9280
9281
9284
9286
9289
9290
9291
9292
9294
9295
9296
9299
9300
9306
9307
9313
9316
9319
9322
9324
9421
9425
9430
9431
9433
9436
9439
9440
9445
9447
9448
9451
9452
9454
9459
9461
9463
9464
9467
9469
9471
9472
9474
9477
9478
9480
9482
9485
9486
9493
9496
9499
9505
9506
9509
9511
9512
9515
9518
9520
9521
9522
9525
9528
9531
9532
9533
9537
9542
9545
9547
9548
9550
9551
9552
9553
9557
9560
9565
9566
9567
9568
9571
9575
9577
9578
9580
9581
9584
9586
9591
9595
9600
9602
9604
9605
9606
9608
9613
9617
9620
9622
9626
9633
9635
9636
9647
9648
9650
9654
9657
9660
9661
9663
9665
9667
9673
9679
9682
9683
9684
9690
9691
9695
9714
9742
9743
9745
9750
9752
9754
9755
9756
9757
9759
9763
9766
9768
9769
9772
9773
9775
9776
9785
9786
9789
9790
9792
9795
9799
9800
9803
9804
9806
9810
9811
9813
9814
9817
9819
9820
9822
9824
9826
9827
9828
9832
9833
9834
9836
9839
9843
9845
9846
9848
9852
9856
9857
9859
9862
9865
9866
9868
9869
9871
9872
9873
9874
9878
9883
9884
9885
9890
9892
9894
9896
9898
9901
9903
9906
9911
9913
9914
9919
9921
9925
9927
9931
9934
9935
9938
9940
9941
9945
9946
9950
9952
9953
9955
9959
9960
9962
9964
9974
9975
9980
9984
9986
9990
9993
9996
9998
10003
10004
10006
10007
10009
10010
10011
10015
10016
10017
10018
10022
10025
10026
10028
10030
10034
10037
10048
10049
10051
10053
10055
10060
10062
10064
10067
10069
10071
10072
10075
10083
10085
10086
10088
10089
10092
10102
10103
10104
10106
10107
10109
10110
10117
10118
10123
10126
10127
10129
10131
10137
10140
10144
10148
10153
10155
10160
10162
10165
10166
10167
10171
10173
10174
10176
10178
10181
10184
10185
10186
10190
10195
10198
10201
10203
10204
10207
10215
10216
10219
10220
10221
10223
10224
10228
10229
10231
10232
10233
10234
10235
10239
10241
10243
10244
10249
10250
10252
10253
10254
10256
10257
10258
10260
10261
10262
10263
10267
10272
10275
10278
10279
10281
10283
10285
10288
10294
10296
10298
10301
10304
10305
10306
10310
10312
10313
10316
10318
10319
10321
10323
10325
10326
10328
10329
10330
10331
10335
10340
10341
10343
10344
10345
10348
10350
10354
10374
10403
10417
10437
10444
10465
10519
10521
10524
10526
10529
10530
10534
10536
10537
10540
10543
10548
10550
10551
10556
10560
10563
10566
10568
10576
10581
10585
10587
10589
10593
10594
10596
10599
10600
10603
10606
10624
10632
10642
10647
10655
10656
10661
10662
10664
10665
10679
10777
10787
10791
10792
10793
10798
10800
10803
10806
10812
10813
10816
10822
10823
10824
10825
10842
10848
10849
10851
10853
10855
10856
10859
10861
10862
10864
10867
10868
10870
10872
10876
10878
10881
10883
10884
10886
10888
10889
10890
10893
10895
10896
10898
10900
10901
10902
10904
10908
10909
10938
10979
10996
10999
11003
11006
11011
11026
11039
11040
11049
11051
11056
11061
11063
11068
11070
11075
11078
11081
11082
11122
11125
11128
11129
11131
11134
11137
11139
11142
11143
11146
11147
11149
11150
11151
11154
11156
11158
11162
11165
11168
11169
11174
11176
11177
11179
11181
11191
11194
11200
11201
11202
11209
11217
11220
11222
11225
11227
11229
11234
11238
11239
11244
11250
11251
11255
11260
11263
11266
11268
11283
11284
11286
11288
11289
11293
11295
11298
11301
11312
11314
11318
11322
11323
11326
11330
11343
11344
11345
11352
11357
11360
11361
11364
11366
11368
11369
11373
11374
11379
11381
11382
11384
11386
11391
11392
11395
11399
11401
11403
11404
11407
11411
11416
11420
11423
11426
11428
11430
11434
11439
11442
11443
11445
11449
11457
11461
11463
11473
11478
11485
11489
11493
11502
11506
11509
11511
11515
11517
11519
11521
11525
11526
11527
11528
11529
11530
11536
11542
11557
11558
11560
11582
11584
11589
11593
11597
11601
11603
11613
11616
11619
11622
11623
11628
11629
11631
11635
11643
11649
11651
11654
11656
11659
11661
11663
11668
11669
11672
11675
11678
11682
11683
11686
11688
11689
11695
11700
11701
11702
11704
11709
11711
11713
11720
11722
11726
11729
11731
11733
11738
11748
11751
11753
11812
11830
11846
11849
11851
11854
11855
11857
11860
11863
11865
11867
11871
11873
11876
11878
11883
11884
11886
11887
11894
11895
11896
11899
11901
11904
11907
11910
11911
11913
11915
11916
11917
11919
11920
11923
11924
11926
11927
11930
11932
11933
11935
11936
11937
11938
11939
11977
11981
11984
11988
11991
11992
11993
11996
11997
12000
12013
12018
12021
12023
12024
12027
12030
12031
12032
12037
12041
12042
12043
12046
12049
12050
12051
12053
12055
12059
12064
12067
12068
12070
12072
12074
12075
12078
12082
12084
12085
12088
12092
12096
12097
12100
12102
12105
12106
12109
12114
12116
12118
12120
12131
12132
12199
12203
12208
12211
12212
12213
12214
12217
12222
12227
12232
12235
12248
12250
12264
12265
12274
12286
12290
12293
12296
12297
12300
12303
12307
12309
12315
12321
12322
12327
12330
12338
12339
12341
12344
12345
12347
12350
12353
12361
12363
12365
12366
12367
12371
12373
12374
12376
12377
12379
12381
12382
12384
12386
12390
12391
12393
12394
12395
12402
12407
12408
12410
12419
12420
12423
12430
12438
12441
12446
12448
12458
12462
12467
12468
12472
12474
12477
12481
12484
12488
12490
12491
12494
12503
12504
12507
12512
12513
12517
12524
12527
12531
12533
12538
12539
12544
12549
12553
12557
12565
12568
12571
12572
12574
12578
12579
12580
12583
12586
12588
12589
12590
12594
12596
12597
12598
12600
12601
12602
12610
12612
12614
12615
12616
12622
12623
12626
12629
12634
12638
12640
12642
12643
12645
12646
12651
12654
12657
12658
12662
12664
12666
12667
12668
12677
12686
12688
12689
12692
12698
12701
12704
12712
12713
12715
12728
12733
12734
12737
12739
12740
12741
12743
12745
12747
12750
12754
12757
12759
12762
12768
12771
12772
12775
12776
12781
12783
12810
12812
12815
12821
12822
12823
12826
12831
12835
12852
12856
12859
12867
12877
12880
12883
12885
12893
12896
12900
12902
12905
12914
12920
12922
12925
12933
12937
12939
12942
12950
12951
12952
12955
12958
12960
12961
12962
12965
12968
12975
12981
12986
12988
12989
12992
12997
13006
13007
13008
13011
13016
13020
13021
13024
13025
13026
13028
13032
13036
13038
13039
13041
13042
13046
13047
13049
13050
13052
13054
13055
13056
13058
13063
13065
13066
13069
13071
13073
13079
13082
13085
13092
13096
13097
13101
13104
13106
13111
13115
13119
13120
13121
13123
13124
13126
13127
13128
13130
13133
13134
13135
13136
13137
13138
13141
13145
13149
13151
13154
13157
13159
13162
13167
13170
13171
13177
13180
13181
13184
13186
13187
13189
13190
13191
13192
13194
13197
13198
13199
13201
13205
13210
13213
13220
13221
13225
13227
13231
13232
13233
13234
13248
13251
13288
13292
13295
13296
13306
13325
13330
13340
13359
13361
13410
13413
13416
13420
13422
13425
13426
13431
13499
13500
13505
13510
13511
13512
13514
13516
13521
13522
13524
13528
13531
13532
13534
13539
13541
13544
13547
13553
13556
13557
13559
13562
13565
13566
13567
13568
13569
13571
13573
13575
13577
13580
13582
13585
13586
13588
13590
13595
13597
13599
13601
13606
13607
13608
13609
13613
13614
13615
13616
13619
13621
13625
13630
13631
13633
13634
13636
13644
13645
13646
13649
13650
13652
13653
13654
13656
13658
13662
13664
13666
13672
13675
13679
13682
13683
13685
13686
13688
13689
13691
13692
13693
13695
13698
13701
13704
13706
13707
13708
13710
13714
13715
13722
13725
13727
13729
13731
13734
13735
13737
13738
13742
13743
13744
13747
13748
13752
13754
13756
13759
13760
13762
13767
13769
13774
13776
13777
13780
13781
13785
13788
13791
13794
13795
13797
13801
13803
13806
13807
13808
13814
13816
13822
13824
13828
13829
13834
13839
13841
13843
13846
13847
13850
13852
13854
13855
13856
13857
13862
13863
13868
13870
13871
13874
13876
13879
13882
13885
13886
13887
13888
13889
13892
13894
13895
13898
13900
13901
13902
13905
13906
13907
13908
13911
13913
13914
13917
13922
13925
13928
13930
13933
13934
13935
13937
13939
13941
13944
13946
13948
13951
13953
13955
13956
13959
13960
13961
13963
13964
13967
13969
13970
13972
13973
13976
13977
13980
13981
13983
13989
13992
13995
14000
14002
14006
14009
14010
14012
14016
14019
14020
14022
14023
14024
14026
14027
14034
14036
14037
14049
14050
14054
14058
14059
14062
14066
14069
14072
14074
14077
14078
14079
14081
14082
14085
14087
14089
14090
14092
14093
14097
14099
14101
14103
14106
14108
14109
14111
14113
14114
14115
14116
14118
14122
14123
14124
14128
14131
14136
14137
14138
14140
14142
14146
14148
14149
14150
14151
14159
14162
14164
14165
14166
14168
14170
14173
14174
14176
14177
14178
14179
14180
14182
14184
14188
14190
14194
14196
14197
14198
14201
14205
14206
14208
14209
14210
14214
14215
14216
14220
14224
14226
14228
14235
14236
14239
14241
14242
14246
14249
14252
14255
14261
14264
14269
14270
14276
14277
14279
14280
14281
14282
14283
14284
14286
14289
14291
14292
14296
14300
14302
14303
14304
14305
14306
14307
14309
14312
14314
14316
14318
14321
14323
14324
14326
14333
14336
14338
14339
14340
14344
14347
14349
14359
14360
14361
14367
14370
14372
14376
14379
14381
14385
14392
14394
14403
14407
14412
14413
14415
14417
14425
14427
14431
14434
14436
14440
14442
14444
14448
14451
14456
14457
14462
14468
14469
14471
14473
14475
14476
14480
14482
14483
14487
14488
14490
14491
14497
14498
14500
14502
14503
14505
14506
14508
14510
14512
14514
14517
14518
14522
14523
14525
14526
14530
14533
14534
14537
14538
14540
14543
14546
14549
14552
14553
14555
14556
14558
14561
14562
14564
14565
14567
14568
14573
14574
14576
14578
14582
14585
14587
14588
14589
14590
14592
14593
14603
14606
14607
14608
14609
14611
14612
14618
14620
14622
14623
14627
14628
14630
14631
14633
14637
14640
14644
14645
14650
14653
14656
14658
14661
14663
14666
14669
14671
14672
14673
14679
14681
14684
14687
14691
14692
14693
14694
14695
14699
14702
14703
14708
14712
14713
14725
14727
14735
14740
14743
14747
14748
14750
14751
14755
14756
14760
14764
14768
14770
14771
14773
14776
14779
14781
14782
14783
14785
14794
14798
14800
14801
14807
14808
14809
14812
14818
14819
14823
14826
14847
14865
14889
14944
14964
14968
14973
14994
15018
15044
15125
15126
15152
15154
15158
15167
15171
15173
15174
15177
15181
15182
15183
15185
15187
15192
15217
15219
15221
15226
15227
15230
15231
15235
15238
15239
15247
15248
15251
15253
15255
15256
15258
15260
15263
15266
15271
15274
15278
15282
15288
15290
15291
15293
15294
15296
15300
15301
15303
15304
15308
15309
15313
15318
15319
15323
15324
15327
15328
15329
15331
15332
15335
15341
15342
15343
15344
15346
15347
15349
15351
15361
15365
15369
15370
15371
15374
15376
15381
15383
15390
15393
15395
15398
15401
15402
15404
15405
15407
15412
15416
15419
15421
15423
15428
15429
15437
15439
15440
15441
15442
15444
15445
15447
15448
15450
15452
15454
15455
15456
15458
15469
15471
15486
15487
15502
15558
15559
15566
15567
15568
15578
15581
15583
15585
15586
15590
15591
15593
15595
15596
15598
15600
15603
15608
15609
15610
15612
15615
15617
15618
15622
15623
15628
15631
15634
15635
15637
15638
15640
15641
15644
15645
15654
15671
15689
15692
15694
15696
15698
15701
15704
15706
15711
15712
15713
15720
15728
15731
15733
15735
15736
15738
15739
15740
15743
15746
15750
15755
15767
15768
15769
15773
15775
15778
15779
15782
15784
15786
15787
15793
15796
15798
15801
15803
15804
15810
15816
15819
15822
15824
15826
15830
15838
15842
15843
15844
15845
15846
15848
15849
15850
15851
15883
15899
15906
15982
15989
15990
15994
16000
16004
16008
16012
16022
16026
16029
16031
16032
16040
16042
16044
16047
16051
16054
16057
16059
16064
16073
16075
16086
16090
16098
16107
16109
16112
16114
16115
16117
16119
16124
16125
16128
16129
16132
16134
16135
16136
16141
16144
16146
16147
16148
16151
16161
16179
16214
16221
16227
16235
16237
16239
16240
16244
16246
16247
16255
16258
16277
16279
16280
16286
16290
16291
16299
16315
16329
16333
16338
16340
16366
16367
16386
16397
16398
16399
16404
16409
16410
16413
16416
16417
16420
16421
16423
16425
16428
16430
16432
16434
16438
16441
16442
16448
16452
16453
16455
16459
16461
16462
16463
16466
16467
16468
16470
16473
16474
16475
16482
16495
16500
16502
16506
16511
16513
16517
16520
16522
16524
16526
16535
16540
16542
16543
16544
16546
16547
16550
16553
16554
16560
16563
16564
16565
16568
16570
16572
16574
16575
16576
16578
16579
16581
16582
16585
16586
16589
16591
16593
16602
16606
16608
16636
16683
16704
16706
16708
16709
16712
16718
16720
16723
16724
16726
16727
16729
16730
16734
16741
16742
16746
16749
16757
16791
16793
16797
16802
16803
16805
16806
16809
16837
16895
16900
16903
16905
16906
16912
16915
16917
16921
16923
16959
16963
16966
16968
16972
16998
16999
17002
17004
17011
17013
17015
17016
17019
17021
17023
17025
17026
17027
17029
17032
17037
17039
17042
17044
17048
17050
17063
17079
17081
17100
17148
17175
17204
17210
17212
17217
17218
17219
17222
17224
17225
17226
17233
17234
17236
17237
17240
17248
17250
17254
17257
17258
17259
17260
17262
17264
17269
17271
17273
17275
17278
17279
17292
17300
17302
17303
17305
17306
17309
17311
17312
17333
17359
17362
17368
17379
17400
17439
17442
17444
17445
17447
17448
17468
17487
17489
17492
17494
17495
17497
17499
17502
17505
17509
17510
17512
17513
17541
17545
17547
17548
17551
17557
17560
17568
17569
17573
17575
17576
17578
17582
17584
17586
17587
17589
17591
17594
17597
17600
17601
17604
17605
17606
17610
17612
17614
17620
17622
17625
17632
17642
17645
17651
17652
17658
17663
17667
17669
17670
17674
17676
17678
17681
17682
17683
17684
17686
17687
17692
17693
17696
17700
17703
17705
17706
17708
17712
17713
17714
17719
17723
17724
17729
17731
17735
17736
17739
17742
17743
17747
17750
17751
17753
17755
17757
17759
17763
17767
17778
17780
17781
17785
17787
17788
17790
17793
17795
17798
17800
17803
17810
17814
17815
17816
17818
17821
17823
17825
17830
17832
17834
17837
17838
17845
17846
17847
17852
17853
17854
17857
17858
17859
17861
17862
17863
17864
17868
17871
17877
17878
17886
17888
17890
17893
17894
17895
17897
17901
17902
17904
17905
17908
17910
17915
17917
17918
17920
17922
17930
17932
17936
17939
17942
17943
17945
17949
17950
17954
17957
17961
17967
17970
17972
17978
17981
17983
17984
17992
17996
17999
18006
18012
18014
18018
18021
18022
18023
18024
18025
18027
18036
18037
18039
18040
18041
18043
18044
18047
18051
18058
18059
18063
18064
18065
18070
18071
18073
18116
18152
18155
18158
18164
18176
18178
18184
18186
18190
18203
18212
18219
18222
18223
18225
18228
18232
18239
18242
18244
18248
18251
18253
18257
18259
18260
18264
18267
18269
18270
18274
18278
18283
18289
18292
18294
18296
18299
18300
18302
18303
18307
18308
18310
18312
18314
18317
18319
18321
18327
18329
18336
18342
18345
18348
18349
18353
18372
18375
18378
18379
18380
18382
18384
18385
18386
18389
18390
18393
18395
18397
18402
18404
18406
18408
18409
18410
18412
18414
18448
18456
18470
18471
18472
18477
18480
18481
18483
18488
18489
18490
18492
18494
18516
18521
18523
18526
18527
18530
18532
18535
18537
18542
18543
18547
18549
18550
18553
18554
18555
18558
18559
18560
18564
18566
18568
18571
18574
18575
18579
18589
18591
18593
18595
18596
18612
18640
18643
18644
18645
18646
18648
18650
18652
18653
18660
18664
18666
18667
18668
18671
18675
18676
18677
18679
18682
18684
18686
18687
18688
18690
18691
18692
18694
18695
18696
18697
18722
18788
18843
18868
18885
18889
18895
18896
18899
18904
18908
18910
18915
18922
18925
18929
18934
18935
18941
18942
18943
18946
18947
18951
18953
18956
18958
18959
18963
18965
18972
18974
18976
18977
18979
18982
18986
18989
18990
18993
18995
18999
19000
19002
19007
19008
19009
19014
19018
19020
19021
19025
19034
19040
19041
19048
19052
19054
19056
19059
19063
19066
19068
19071
19073
19075
19077
19080
19086
19087
19089
19090
19094
19098
19100
19101
19103
19104
19106
19108
19111
19113
19116
19117
19118
19122
19124
19126
19129
19130
19132
19136
19137
19139
19140
19142
19147
19151
19154
19155
19158
19162
19169
19182
19186
19187
19193
19209
19210
19214
19217
19218
19219
19224
19225
19227
19232
19234
19235
19236
19244
19263
19270
19273
19274
19276
19278
19329
19348
19374
19407
19414
19442
19443
19457
19463
19465
19467
19470
19471
19474
19475
19477
19515
19519
19521
19522
19553
19577
19578
19580
19581
19584
19586
19588
19589
19591
19594
19597
19598
19599
19601
19603
19607
19609
19613
19615
19618
19625
19626
19627
19629
19630
19631
19633
19634
19635
19636
19639
19643
19647
19655
19657
19659
19661
19664
19666
19668
19681
19686
19689
19691
19697
19700
19702
19710
19723
19725
19729
19732
19735
19737
19739
19743
19745
19747
19749
19751
19753
19756
19758
19763
19765
19766
19768
19769
19773
19775
19777
19780
19785
19790
19791
19794
19796
19801
19806
19809
19811
19812
19815
19818
19820
19821
19823
19826
19827
19832
19833
19836
19840
19844
19845
19847
19848
19850
19852
19854
19856
19857
19858
19862
19867
19873
19877
19879
19880
19882
19884
19887
19889
19894
19898
19902
19910
19918
19919
19920
19922
19923
19925
19927
19928
19931
19932
19935
19937
19940
19942
19944
19946
19948
19952
19957
19961
19966
19969
19970
19975
19976
19980
19982
19983
19987
19989
19994
19999
20003
20005
20010
20012
20014
20021
20023
20027
20035
20040
20041
20055
20070
20085
20095
20097
20099
20109
20117
20126
20129
20131
20132
20133
20135
20136
20137
20140
20141
20143
20144
20146
20149
20157
20159
20164
20174
20176
20182
20187
20194
20198
20203
20208
20210
20212
20213
20215
20218
20219
20225
20226
20231
20233
20236
20237
20238
20240
20246
20248
20256
20259
20263
20269
20270
20271
20319
20326
20330
20332
20336
20340
20341
20350
20361
20362
20367
20370
20372
20377
20379
20380
20383
20385
20387
20393
20395
20400
20401
20402
20407
20408
20410
20413
20416
20421
20425
20429
20430
20432
20434
20436
20437
20438
20440
20442
20444
20445
20447
20448
20451
20452
20454
20457
20458
20462
20463
20464
20468
20469
20473
20474
20479
20480
20483
20484
20486
20487
20489
20491
20493
20494
20495
20497
20498
20500
20503
20504
20505
20506
20508
20516
20518
20519
20522
20524
20526
20528
20529
20531
20534
20536
20540
20541
20544
20545
20549
20554
20556
20564
20566
20568
20570
20573
20575
20577
20583
20584
20586
20588
20589
20593
20594
20597
20600
20603
20605
20609
20611
20613
20616
20618
20619
20622
20624
20626
20627
20629
20634
20636
20637
20640
20642
20644
20645
20646
20651
20652
20653
20655
20656
20660
20661
20662
20665
20666
20671
20672
20674
20675
20677
20681
20690
20691
20692
20696
20699
20700
20703
20705
20707
20708
20712
20714
20715
20718
20720
20722
20723
20726
20727
20729
20730
20732
20733
20736
20738
20740
20742
20744
20746
20748
20750
20753
20756
20758
20766
20768
20771
20772
20774
20778
20779
20783
20785
20787
20791
20796
20797
20799
20801
20802
20805
20807
20808
20809
20812
20814
20816
20819
20820
20822
20825
20829
20831
20836
20837
20838
20841
20843
20846
20849
20852
20858
20859
20861
20862
20865
20867
20868
20869
20877
20881
20884
20887
20890
20893
20894
20897
20899
20900
20903
20905
20906
20908
20910
20912
20913
20915
20919
20921
20923
20924
20929
20932
20934
20935
20936
20938
20941
20946
20952
20954
20957
20958
20960
20961
20964
20966
20968
20970
20972
20973
20974
20980
20981
20986
20987
20989
20990
20996
20997
20998
20999
21000
21003
21006
21007
21008
21009
21010
21012
21014
21089
21094
21131
21136
21147
21174
21176
21178
21193
21208
21213
21227
21231
21245
21250
21257
21259
21277
21278
21280
21283
21293
21296
21299
21303
21304
21306
21308
21311
21312
21313
21314
21317
21319
21321
21324
21326
21327
21330
21332
21335
21336
21338
21339
21342
21344
21346
21348
21351
21354
21357
21358
21360
21363
21364
21366
21387
21391
21392
21393
21395
21397
21429
21437
21440
21441
21442
21445
21448
21449
21450
21451
21452
21465
21473
21475
21486
21489
21493
21497
21499
21504
21511
21512
21514
21527
21535
21537
21540
21541
21542
21543
21550
21555
21557
21559
21561
21564
21565
21566
21570
21571
21574
21576
21577
21578
21579
21580
21582
21583
21586
21589
21590
21592
21593
21596
21600
21601
21603
21622
21624
21626
21629
21632
21637
21640
21641
21644
21646
21647
21649
21651
21652
21654
21655
21657
21658
21660
21662
21665
21667
21668
21670
21672
21673
21675
21678
21679
21684
21686
21688
21689
21693
21694
21695
21698
21709
21712
21713
21718
21720
21724
21726
21728
21730
21732
21734
21739
21742
21744
21745
21746
21750
21753
21756
21758
21759
21760
21772
21777
21778
21780
21787
21788
21789
21792
21795
21796
21798
21800
21804
21805
21807
21808
21815
21816
21818
21821
21823
21828
21832
21835
21837
21838
21840
21845
21846
21847
21849
21850
21852
21854
21857
21858
21860
21861
21863
21865
21867
21869
21872
21876
21878
21883
21885
21886
21889
21891
21893
21895
21896
21899
21903
21904
21905
21907
21909
21911
21912
21914
21915
21920
21921
21924
21925
21929
21931
21934
21935
21939
21942
21944
21945
21947
21949
21953
21954
21962
21964
21965
21979
21986
22017
22018
22020
22023
22024
22030
22031
22044
22053
22062
22067
22079
22083
22084
22099
22110
22113
22115
22116
22119
22121
22124
22130
22133
22134
22142
22148
22163
22164
22168
22174
22180
22183
22185
22186
22188
22191
22192
22194
22195
22198
22200
22204
22207
22214
22216
22225
22227
22235
22243
22251
22255
22256
22263
22265
22272
22275
22282
22285
22289
22293
22298
22299
22303
22307
22308
22314
22318
22319
22323
22325
22326
22328
22329
22332
22334
22341
22342
22344
22348
22349
22351
22353
22359
22361
22362
22364
22366
22368
22369
22370
22374
22378
22382
22384
22385
22387
22389
22391
22393
22396
22400
22401
22406
22407
22408
22413
22417
22418
22421
22423
22425
22426
22428
22430
22434
22438
22439
22440
22445
22447
22448
22453
22458
22461
22470
22472
22475
22476
22477
22479
22481
22483
22484
22485
22491
22494
22496
22499
22500
22504
22505
22506
22509
22510
22512
22518
22519
22520
22522
22523
22525
22527
22530
22533
22534
22536
22537
22538
22541
22547
22550
22554
22557
22559
22561
22653
22655
22661
22690
22746
22749
22777
22844
22846
22848
22850
22851
22855
22856
22859
22861
22898
22936
22937
22940
22942
22943
22946
22948
22950
22953
22956
23078
23079
23115
23120
23125
23134
23137
23145
23146
23148
23155
23157
23158
23163
23165
23166
23168
23170
23172
23178
23180
23184
23185
23187
23188
23190
23193
23196
23197
23199
23200
23201
23203
23204
23206
23209
23210
23212
23215
23216
23218
23220
23221
23225
23226
23230
23232
23233
23235
23240
23245
23246
23248
23252
23254
23259
23261
23263
23266
23275
23282
23288
23292
23301
23303
23304
23307
23308
23310
23313
23314
23315
23317
23325
23326
23333
23340
23370
23376
23407
23408
23410
23412
23413
23416
23420
23423
23424
23425
23428
23429
23432
23434
23437
23440
23445
23447
23452
23453
23456
23463
23465
23466
23467
23469
23470
23472
23474
23475
23479
23481
23484
23486
23488
23491
23494
23497
23499
23501
23503
23504
23507
23508
23509
23510
23512
23514
23516
23517
23520
23522
23524
23527
23530
23534
23536
23538
23541
23555
23563
23585
23602
23605
23611
23613
23619
23623
23625
23626
23629
23637
23638
23642
23645
23648
23650
23652
23654
23656
23658
23659
23662
23664
23667
23670
23676
23678
23682
23683
23685
23688
23689
23690
23692
23695
23696
23698
23702
23704
23705
23708
23710
23711
23713
23727
23729
23764
23767
23768
23769
23774
23784
23785
23787
23788
23792
23793
23795
23797
23799
23807
23809
23810
23811
23812
23816
23819
23821
23823
23826
23827
23829
23830
23832
23833
23834
23835
23842
23844
23847
23851
23852
23854
23857
23859
23862
23865
23867
23872
23873
23874
23876
23877
23880
23888
23892
23893
23897
23898
23900
23901
23906
23907
23909
23911
23913
23915
23916
23918
23922
23926
23927
23929
23931
23932
23933
23937
23938
23941
23943
23945
23946
23949
23958
23961
23964
23965
23969
23972
23976
23979
23983
23986
23989
24051
24052
24066
24081
24125
24143
24147
24150
24151
24153
24155
24161
24163
24171
24172
24173
24178
24180
24183
24184
24187
24188
24189
24191
24195
24198
24200
24201
24203
24205
24207
24212
24213
24214
24216
24219
24220
24221
24225
24227
24228
24232
24234
24235
24236
24241
24243
24247
24249
24253
24255
24257
24260
24263
24264
24426
24443
24479
24503
24504
24508
24511
24514
24520
24524
24526
24528
24530
24531
24534
24535
24537
24539
24540
24542
24553
24566
24572
24574
24577
24587
24593
24596
24599
24601
24603
24604
24607
24610
24616
24617
24621
24625
24631
24632
24633
24635
24636
24638
24639
24641
24642
24644
24645
24646
24650
24651
24655
24657
24658
24659
24664
24667
24669
24671
24675
24676
24677
24679
24684
24686
24687
24690
24692
24693
24694
24698
24699
24702
24703
24705
24707
24708
24709
24712
24713
24717
24719
24721
24725
24727
24752
24755
24760
24761
24764
24765
24776
24779
24784
24785
24788
24790
24793
24794
24795
24799
24803
24808
24812
24815
24822
24823
24824
24832
24834
24837
24839
24843
24845
24846
24849
24853
24862
24868
24874
24878
24886
24888
24892
24896
24898
24900
24901
24904
24907
24908
24911
24914
24916
24917
24921
24923
24925
24928
24929
24932
24933
24935
24938
24939
24940
24944
24948
24951
24954
24956
24959
24963
24967
24969
24972
24974
25012
25014
25017
25046
25052
25090
25120
25127
25129
25148
25151
25154
25156
25157
25158
25160
25163
25164
25165
25167
25168
25170
25173
25174
25175
25177
25179
25182
25184
25187
25190
25192
25194
25196
25198
25201
25209
25229
25240
25278
25339
25349
25353
25374
25394
25395
25409
25426
25427
25429
25430
25431
25432
25481
25504
25510
25512
25514
25517
25518
25520
25522
25523
25530
25532
25534
25535
25545
25546
25554
25585
25586
25591
25595
25596
25601
25606
25609
25610
25671
25761
25793
25852
25879
25922
25937
26025
26047
26060
26068
26079
26080
26081
26109
26197
26221
26243
26262
26266
26274
26304
26309
26385
26388
26389
26390
26391
26392
26393
26448
26449
26450
26453
26459
26462
26463
26464
26466
26468
26471
26475
26476
26481
26488
26490
26491
26492
26495
26496
26499
26501
26504
26506
26508
26514
26516
26520
26524
26528
26532
26535
26538
26539
26543
26547
26551
26559
26561
26568
26573
26578
26580
26584
26586
26588
26590
26597
26600
26605
26606
26608
26609
26611
26613
26617
26618
26620
26623
26633
26636
26639
26641
26645
26648
26653
26654
26655
26657
26661
26663
26667
26668
26670
26673
26676
26679
26680
26685
26687
26688
26691
26692
26695
26698
26701
26704
26705
26707
26709
26710
26714
26717
26719
26722
26723
26727
26728
26730
26732
26738
26739
26741
26743
26744
26746
26747
26750
26752
26754
26764
26770
26773
26777
26779
26781
26782
26784
26789
26797
26802
26808
26810
26811
26812
26820
26824
26825
26828
26830
26832
26839
26847
26851
26852
26853
26856
26859
26860
26861
26866
26867
26868
26871
26874
26875
26877
26879
26883
26886
26888
26997
27004
27047
27048
27052
27055
27058
27063
27068
27071
27084
27085
27091
27095
27099
27101
27106
27107
27109
27111
27112
27115
27117
27118
27119
27125
27128
27131
27133
27144
27145
27148
27150
27151
27155
27164
27170
27181
27250
27270
27404
27405
27409
27411
27412
27461
27463
27477
27517
27522
27524
27557
27560
27562
27568
27571
27575
27579
27583
27593
27608
27613
27615
27621
27642
27781
27794
27808
27840
27845
27865
27971
28035
28050
28062
28068
28071
28073
28075
28090
28093
28097
28101
28102
28104
28108
28127
28149
28209
28235
28283
28284
28286
28303
28323
28330
28334
28335
28341
28346
28349
28350
28352
28354
28368
28370
28525
28528
28535
28536
28538
28556
28561
28603
28605
28611
28714
28735
28855
28946
28948
28954
28961
29001
29006
29153
29175
29235
29241
29245
29249
29250
29253
29263
29265
29270
29273
29281
29284
29292
29337
29342
29344
29349
29350
29353
29354
29356
29358
29360
29362
29364
29365
29369
29372
29374
29375
29377
29378
29380
29382
29383
29384
29386
29389
29390
29395
29397
29400
29401
29409
29416
29421
29426
29427
29434
29437
29456
29465
29469
29482
29485
29488
29489
29492
29496
29497
29503
29507
29512
29513
29516
29518
29519
29521
29524
29528
29530
29657
29682
29737
29738
29740
29741
29744
29749
29750
29754
29758
29762
29765
29769
29771
29773
29775
29776
29781
29783
29785
29787
29789
29790
29796
29798
29800
29804
29809
29813
29828
29837
29839
29842
29844
29848
29850
29906
29954
29959
29960
29961
29965
29966
29970
29972
29973
29980
29982
29983
29988
29990
29992
29994
29999
30003
30009
30011
30012
30013
30014
30017
30019
30021
30023
30027
30030
30032
30035
30037
30038
30043
30046
30047
30048
30052
30053
30058
30068
30070
30071
30072
30075
30077
30078
30081
30084
30091
30095
30100
30103
30105
30107
30114
30116
30119
30123
30128
30137
30140
30143
30148
30152
30159
30161
30164
30165
30167
30168
30170
30177
30179
30180
30185
30188
30190
30195
30205
30207
30213
30222
30228
30230
30236
30238
30242
30243
30261
30274
30278
30282
30284
30288
30297
30298
30300
30301
30303
30306
30308
30312
30313
30316
30318
30319
30371
30455
30470
30487
30512
30533
30544
30688
30724
30927
30933
30951
30993
31018
31156
31158
31183
31185
31188
31189
31192
31266
31379
31436
31439
31626
31683
31713
31738
31753
31797
31805
31836
31838
31843
31847
31849
31856
31860
31862
31866
31869
31871
31875
31876
31923
31951
31973
31974
31976
31977
31978
31981
31983
31985
31988
31990
31991
31993
31995
31997
31999
32001
32002
32006
32009
32012
32013
32014
32017
32018
32116
32185
32186
32192
32196
32204
32206
32207
32209
32380
32412
32671
32693
32709
32754
32756
32757
32761
32767
32768
32770
32775
32785
32797
32801
32804
32805
32806
32810
32812
32815
32828
32850
32889
32917
32938
32951
32952
32956
32960
32962
32963
32971
32982
32991
32992
32999
33003
33044
33055
33080
33081
33083
33182
33311
33315
33316
33318
33320
33323
33326
33351
33353
33355
33357
33359
33362
33388
33392
33399
33402
33408
33410
33414
33421
33423
33429
33430
33432
33437
33440
33452
33535
33536
33542
33588
33676
33717
33823
33827
33829
33832
33872
33877
33879
33880
33881
33883
33885
33997
34014
34026
34029
34031
34032
34035
34037
34043
34046
34048
34050
34056
34060
34064
34066
34067
34070
34074
34077
34079
34082
34106
34107
34111
34238
34277
34279
34292
34349
34366
34402
34471
34473
34476
34479
34483
34485
34489
34501
34502
34511
34520
34525
34531
34540
34541
34577
34578
34579
34580
34627
34630
34631
34634
34638
34640
34646
34648
34654
34658
34660
34665
34666
34722
34918
35007
35009
35011
35013
35015
35016
35019
35024
35025
35026
35029
35030
35031
35032
35034
35035
35037
35038
35042
35043
35045
35049
35053
35055
35057
35058
35060
35062
35090
35092
35093
35097
35098
35100
35101
35103
35104
35107
35108
35109
35111
35113
35116
35147
35148
35156
35174
35188
35189
35191
35194
35195
35231
35356
35358
35364
35393
35439
35506
35523
35528
35577
35614
35722
35725
35743
35747
35754
35758
35767
35773
35775
35777
35780
35781
35783
35786
35791
35793
35797
35799
35801
35808
35814
35815
35818
35822
35830
35834
35835
35838
35842
35848
35854
35855
35862
35863
35867
35870
35873
35877
35878
35885
35887
35891
35899
35904
35906
35909
35920
35921
35922
35924
35927
35937
35945
35947
35951
35953
35959
35960
35962
35966
35971
35974
35981
35983
35987
35994
35996
35998
35999
36001
36004
36007
36011
36015
36021
36024
36029
36030
36032
36035
36036
36037
36040
36041
36043
36044
36046
36047
36048
36051
36052
36053
36059
36063
36065
36067
36069
36102
36176
36322
36326
36332
36340
36342
36343
36345
36347
36350
36354
36355
36357
36362
36367
36371
36372
36374
36375
36381
36384
36386
36391
36392
36395
36396
36397
36400
36401
36493
36498
36510
36515
36519
36522
36528
36533
36543
36549
36554
36556
36558
36563
36568
36579
36581
36585
36588
36595
36600
36602
36607
36613
36638
36667
36718
36783
36789
36914
36965
36968
36974
36975
37000
37008
37009
37018
37021
37023
37027
37044
37045
37087
37096
37097
37110
37113
37114
37116
37118
37125
37129
37130
37132
37135
37136
37140
37143
37146
37148
37149
37151
37155
37157
37162
37166
37170
37171
37173
37174
37176
37178
37184
37186
37189
37192
37194
37200
37204
37209
37216
37220
37221
37224
37231
37236
37238
37240
37243
37250
37252
37259
37264
37267
37272
37273
37276
37279
37281
37283
37297
37299
37300
37356
37359
37363
37367
37371
37373
37476
37512
37519
37524
37532
37545
37551
37560
37568
37572
37586
37589
37591
37594
37599
37604
37606
37611
37612
37616
37618
37622
37630
37636
37644
37656
37660
37667
37676
37678
37680
37683
37685
37690
37693
37694
37696
37698
37702
37714
37717
37719
37723
37727
37729
37732
37735
37744
37749
37751
37758
37766
37768
37771
37772
37776
37777
37785
37800
37802
37807
37813
37814
37822
37827
37897
37921
37942
38037
38151
38163
38172
38177
38178
38184
38187
38197
38200
38201
38203
38208
38210
38215
38222
38224
38226
38230
38233
38234
38240
38241
38244
38245
38248
38254
38257
38262
38265
38269
38271
38273
38275
38279
38282
38289
38298
38304
38313
38314
38317
38320
38322
38324
38327
38328
38330
38336
38339
38365
38367
38392
38396
38399
38400
38407
38410
38414
38418
38436
38437
38438
38441
38444
38449
38458
38459
38465
38468
38471
38474
38480
38486
38491
38513
38516
38521
38570
38615
38811
38822
38824
38826
38828
38829
38835
38837
38842
38873
38893
38969
39017
39030
39089
39111
39157
39158
39213
39249
39270
39341
39371
39372
39385
39391
39396
39449
39451
39566
39580
39599
39603
39606
39607
39612
39616
39618
39625
39627
39631
39638
39669
39673
39676
39679
39680
39682
39683
39685
39688
39690
39693
39694
39695
39700
39704
39705
39707
39711
39712
39714
39716
39717
39718
39719
39726
39765
39830
39833
39836
39840
39842
39843
39845
39847
39848
39851
39852
39854
39858
39861
39867
39869
39884
39885
39890
39893
39895
39899
39900
39902
39903
39906
39907
39912
39916
39919
39922
39924
39935
39936
39939
39942
39943
39946
39957
39961
39965
39966
39972
39973
39975
39976
39980
39983
39986
39987
39989
39992
39993
40011
40014
40017
40018
40034
40046
40048
40056
40064
40068
40073
40086
40087
40101
40102
40137
40179
40246
40333
40413
40418
40424
40426
40428
40430
40465
40472
40476
40490
40494
40497
40539
40606
40704
40705
40710
40713
40715
40721
40722
40724
40729
40737
40749
40780
40840
41013
41027
41042
41147
41159
41160
41220
41316
41359
41360
41363
41369
41371
41373
41376
41390
41646
41647
41650
41651
41653
41655
41656
41661
41663
41666
41672
41680
41683
41684
41685
41686
41698
41701
41703
41706
41710
41711
41748
41756
41762
41763
41766
41774
41775
41785
41787
41791
41795
41796
41800
41803
41811
41816
41819
41821
41823
41825
41827
41835
41836
41839
41840
41841
41844
41847
41853
41856
41861
41862
41866
41868
41869
41872
41873
41876
41881
41884
41886
41887
41891
41892
41895
41898
41901
41906
41907
41909
41911
41914
41916
41919
41921
41923
41926
41933
41937
41938
41945
41947
41979
42000
42063
42064
42066
42067
42070
42071
42073
42075
42076
42081
42084
42090
42093
42096
42097
42098
42103
42106
42110
42112
42114
42115
42116
42119
42120
42121
42122
42123
42126
42132
42133
42140
42142
42144
42148
42149
42151
42154
42160
42162
42165
42166
42170
42172
42173
42181
42184
42188
42192
42195
42197
42208
42210
42211
42214
42217
42220
42221
42222
42223
42228
42233
42236
42239
42240
42250
42259
42260
42263
42268
42271
42272
42273
42275
42278
42284
42285
42286
42288
42290
42291
42293
42295
42299
42300
42301
42311
42312
42314
42316
42317
42320
42326
42328
42375
42433
42445
42447
42450
42451
42458
42462
42468
42474
42477
42481
42484
42521
42597
42605
42608
42613
42620
42623
42628
42633
42634
42640
42644
42745
42806
42816
42842
43002
43026
43038
43247
43291
43457
43462
43476
43483
43485
43498
43502
43506
43508
43513
43517
43563
43809
43885
43886
43887
43936
43968
43972
43975
43977
43982
43985
43987
43988
43989
43992
44038
44039
44048
44073
44092
44155
44156
44215
44274
44436
44501
44535
44641
44648
45019
45075
45192
45262
45264
45267
45280
45282
45284
45287
45291
45340
45375
45653
45674
45922
46311
46335
46347
46349
46352
46353
46356
46358
46359
46364
46368
46369
46370
46371
46379
46381
46382
46385
46386
46388
46393
46398
46400
46403
46412
46415
46417
46420
46423
46425
46426
46428
46431
46436
46439
46441
46442
46451
46452
46456
46458
46460
46462
46463
46465
46471
46473
46479
46490
46492
46497
46499
46504
46505
46507
46509
46511
46518
46520
46523
46527
46528
46529
46530
46531
46534
46542
46545
46548
46549
46550
46555
46557
46558
46559
46560
46564
46566
46572
46575
46600
46603
46606
46609
46614
46618
46626
46637
46652
46678
46679
46703
46731
46757
46778
46780
46781
46789
46864
46871
46901
46922
46985
47013
47190
47221
47241
47368
47370
47371
47373
47412
47427
47428
47429
47443
47445
47453
47465
47484
47492
47495
47516
47539
47556
47576
47580
47600
47605
47611
47775
47811
47813
47814
47815
47818
47820
47821
47825
47829
47834
47863
48033
48037
48038
48043
48047
48049
48050
48051
48052
48054
48055
48056
48132
48183
48197
48298
48300
48302
48305
48307
48308
48312
48313
48315
48316
48320
48386
48389
48390
48395
48396
48398
48406
48407
48412
48415
48418
48424
48449
48555
48560
48570
48637
48640
48647
48648
48649
48657
48667
48670
48674
48677
48681
48682
48684
48686
48689
48691
48692
48698
48699
48701
48704
48709
48713
48761
48774
48780
48888
48983
48991
49084
49244
49309
49430
49436
49443
49448
49452
49460
49494
49495
49497
49503
49505
49508
49509
49511
49512
49514
49515
49517
49519
49520
49522
49527
49528
49529
49530
49533
49542
49544
49549
49552
49646
49748
49758
49773
49904
49939
49940
49942
49963
49964
49967
50027
50035
50094
50119
50149
50151
50152
50154
50155
50157
50159
50161
50197
50207
50228
50432
50489
50490
50494
50614
50667
50679
50682
50684
50686
50687
50688
50696
50713
50716
50718
50732
50763
50767
50799
50803
50812
50813
50820
50825
50828
50832
50833
50834
50837
50841
50842
50845
50846
50849
50850
50852
50934
51062
51132
51150
51170
51175
51207
51236
51251
51253
51256
51261
51456
51817
51835
51854
52060
52225
52236
52418
52526
52564
52697
52880
52974
53052
53181
53222
53262
53349
53370
53371
53373
53379
53393
53398
53406
53458
53486
53488
53498
53515
53537
53540
53548
53559
53565
53569
53570
53573
53576
53580
53585
53588
53589
53594
53596
53602
53609
53611
53614
53616
53618
53624
53627
53633
53640
53650
53652
53657
53662
53667
53670
53677
53679
53683
53685
53687
53689
53693
53700
53701
53706
53709
53711
53714
53716
53720
53727
53730
53736
53742
53850
53870
53872
53874
53877
53879
53888
53889
53890
53894
53897
53904
53905
53909
53913
53916
53917
53919
53923
54099
54211
54339
54520
54565
54626
54704
54710
54807
54861
54919
54967
55038
55041
55046
55048
55051
55052
55080
55083
55089
55096
55097
55106
55107
55113
55114
55118
55120
55121
55122
55125
55129
55133
55136
55139
55140
55145
55157
55290
55295
55305
55324
55325
55331
55341
55351
55353
55361
55374
55391
55397
55398
55400
55426
55440
55444
55449
55450
55454
55458
55459
55461
55463
55466
55468
55471
55475
55478
55479
55483
55484
55488
55492
55493
55495
55498
55500
55503
55506
55509
55510
55513
55515
55518
55520
55521
55523
55525
55527
55529
55530
55536
55537
55543
55547
55549
55552
55556
55565
55568
55569
55572
55574
55579
55585
55591
55592
55597
55613
55625
55656
55660
55669
55671
55693
55743
55745
55753
55757
55772
55790
55798
55817
55910
55984
56071
56100
56174
56346
56386
56530
56612
56763
57025
57141
57292
57321
57493
57638
57697
57736
57744
57748
57752
57754
57757
57763
57764
57882
57883
57893
57914
57915
57916
57918
57963
58121
58779
58782
58785
58789
58796
58804
58807
58810
58813
58818
58830
58949
58952
58963
58970
58977
58981
59008
59013
59018
59020
59031
59036
59039
59040
59041
59042
59045
59047
59053
59075
59105
59119
59122
59124
59134
59152
59155
59156
59159
59160
59165
59191
59195
59197
59209
59219
59470
59472
59493
59498
59499
59502
59503
59525
59709
59763
59857
59935
59941
59973
59979
59982
59999
60006
60030
60056
60060
60062
60063
60067
60070
60076
60120
60191
60420
60484
60485
60488
60492
60496
60617
60624
60668
60778
60923
61031
61033
61034
61038
61040
61041
61042
61047
61181
61183
61185
61187
61189
61191
61192
61193
61200
61204
61207
61209
61210
61211
61212
61215
61217
61221
61223
61225
61229
61232
61235
61239
61242
61245
61248
61439
61473
61608
61609
61616
61620
61625
61628
61630
61815
61829
61934
61937
62535
62651
62696
62697
62702
62704
62705
62769
62801
62805
62830
62835
63144
63282
63308
63310
63390
63465
63467
63470
63501
64089
64218
64222
64223
64226
64229
64233
64235
64238
64240
64241
64243
64247
64249
64251
64254
64259
64260
64263
64400
64438
64962
64966
64977
64979
64980
65037
65124
65128
65129
65131
65134
65136
65162
65349
65353
65750
65844
65892
65945
66135
66271
66641
66654
66708
66713
66715
66716
66719
66723
66725
66918
66957
66961
66964
66968
66970
66975
66977
66981
66984
66994
66997
67012
67030
67054
67084
67086
67088
67094
67646
67754
67761
67765
67976
68154
68493
68549
69132
69139
69534
69724
70011
70077
70602
70611
70625
70637
70648
70649
70653
70661
70667
70682
70683
70691
70697
70710
70715
70722
70729
70732
70737
70751
70755
70766
70767
70781
70805
70807
70818
70837
70840
70861
71032
71056
71057
71059
71063
71065
71067
71070
71072
71077
71093
71103
71104
71106
71110
71116
71120
71123
71126
71134
71147
71152
71154
71162
71166
71192
71198
71208
71215
71220
71221
71226
71233
71234
71236
71246
71254
71265
71268
71273
71280
71290
71298
71302
71313
71314
71468
