0
2
4
6
8
9
10
11
12
13
16
17
20
22
24
28
30
34
37
39
41
43
44
45
46
48
50
51
53
57
59
61
64
67
70
71
72
73
75
76
77
79
80
81
82
84
86
87
89
93
94
96
98
104
106
108
109
112
114
115
118
125
126
127
128
130
131
132
148
149
166
168
170
172
177
179
180
181
182
184
187
189
197
198
236
246
248
258
280
313
315
319
326
358
368
412
441
455
497
504
509
542
564
583
591
599
601
613
619
647
652
653
654
674
675
678
679
690
691
704
706
707
708
712
714
716
717
719
721
723
724
726
729
730
751
755
756
814
825
827
828
848
849
851
863
867
881
888
897
911
946
967
998
1012
1068
1078
1080
1082
1084
1085
1088
1091
1092
1145
1152
1165
1184
1188
1201
1203
1238
1241
1273
1277
1281
1285
1286
1289
1292
1308
1310
1313
1315
1323
1339
1358
1401
1407
1409
1413
1433
1436
1512
1546
1563
1566
1571
1582
1589
1592
1593
1597
1599
1600
1649
1656
1714
1725
1767
1770
1774
1775
1777
1779
1780
1781
1783
1785
1788
1790
1791
1793
1838
1840
1841
1843
1845
1846
1851
1860
1861
1869
1877
1882
1899
1910
1912
1917
1924
1925
1926
1928
1930
1931
1932
1935
1937
1940
1967
1986
1990
2026
2027
2032
2034
2035
2037
2039
2040
2042
2043
2046
2049
2052
2053
2054
2057
2058
2099
2107
2124
2137
2138
2139
2197
2245
2257
2263
2268
2270
2275
2319
2321
2337
2338
2345
2357
2361
2383
2401
2404
2406
2408
2410
2412
2415
2416
2419
2438
2450
2453
2456
2458
2462
2465
2468
2471
2475
2477
2478
2479
2483
2489
2508
2516
2518
2519
2532
2533
2570
2571
2574
2576
2581
2603
2623
2630
2660
2666
2667
2669
2670
2688
2706
2710
2712
2718
2722
2730
2736
2738
2761
2762
2799
2800
2828
2830
2833
2834
2837
2846
2907
2910
2915
2916
2946
2964
2971
3002
3004
3017
3021
3027
3039
3043
3046
3048
3049
3054
3057
3060
3067
3068
3070
3071
3072
3076
3084
3089
3101
3116
3123
3127
3141
3145
3148
3152
3155
3157
3181
3194
3242
3254
3280
3287
3291
3292
3295
3300
3310
3312
3329
3338
3340
3343
3347
3348
3350
3353
3356
3360
3391
3426
3429
3430
3431
3434
3438
3449
3450
3510
3537
3543
3544
3559
3561
3599
3600
3604
3621
3633
3649
3657
3660
3701
3713
3727
3760
3773
3816
3817
3818
3819
3822
3823
3827
3836
3839
3840
3876
3882
3887
3889
3901
3908
3932
3933
3942
3943
3947
3954
3982
3991
3992
3994
4018
4021
4022
4029
4038
4044
4067
4077
4078
4095
4098
4108
4109
4112
4117
4122
4125
4127
4132
4135
4177
4186
4208
4210
4221
4224
4229
4230
4240
4253
4263
4278
4307
4335
4337
4339
4340
4355
4371
4391
4436
4498
4501
4502
4550
4555
4559
4566
4576
4584
4589
4593
4634
4647
4657
4660
4661
4695
4705
4715
4738
4774
4775
4785
4786
4790
4792
4793
4794
4796
4799
4802
4803
4804
4810
4812
4814
4815
4816
4817
4868
4901
4960
4961
5014
5020
5034
5035
5036
5038
5039
5045
5047
5048
5053
5054
5056
5058
5061
5062
5064
5067
5068
5080
5112
5140
5162
5204
5221
5223
5224
5244
5263
5264
5268
5280
5283
5284
5285
5286
5290
5293
5299
5337
5361
5363
5367
5372
5374
5375
5379
5380
5392
5394
5396
5408
5418
5433
5444
5465
5476
5480
5488
5491
5503
5516
5517
5519
5521
5524
5525
5526
5528
5529
5530
5532
5534
5536
5537
5538
5539
5541
5545
5546
5549
5551
5552
5554
5557
5559
5561
5562
5564
5566
5567
5568
5578
5579
5581
5582
5584
5585
5587
5588
5589
5595
5596
5597
5599
5601
5604
5610
5611
5615
5624
5626
5636
5638
5639
5648
5649
5681
5690
5695
5696
5697
5698
5699
5701
5704
5706
5707
5708
5710
5711
5714
5715
5717
5718
5720
5722
5723
5724
5729
5731
5733
5738
5741
5743
5744
5746
5759
5760
5763
5806
5830
5856
5876
5923
5925
5926
5939
5949
5967
5980
5991
6007
6027
6033
6041
6045
6077
6080
6086
6091
6092
6120
6125
6140
6162
6169
6171
6183
6185
6188
6198
6201
6202
6210
6214
6215
6216
6238
6245
6289
6308
6325
6333
6336
6355
6369
6371
6373
6429
6446
6465
6489
6515
6542
6544
6545
6547
6550
6624
6625
6633
6657
6658
6661
6663
6664
6665
6666
6696
6699
6702
6704
6705
6706
6726
6778
6825
6851
6860
6882
6891
6920
6928
6933
6953
7031
7050
7068
7070
7080
7081
7083
7084
7085
7087
7088
7091
7095
7096
7097
7100
7102
7125
7126
7145
7177
7192
7196
7202
7212
7215
7251
7285
7300
7335
7355
7390
7404
7420
7422
7438
7448
7458
7520
7521
7523
7525
7530
7534
7538
7547
7582
7590
7593
7600
7607
7638
7641
7643
7645
7647
7649
7651
7652
7654
7656
7657
7659
7660
7662
7663
7665
7667
7670
7675
7691
7698
7713
7732
7741
7797
7813
7829
7856
7875
7929
7973
7980
7987
8016
8028
8064
8077
8079
8122
8133
8174
8177
8241
8244
8248
8266
8271
8333
8336
8380
8381
8384
8386
8399
8422
8427
8432
8438
8459
8469
8472
8485
8501
8503
8505
8506
8517
8543
8612
8621
8634
8704
8740
8781
8800
8816
8841
8901
8902
8903
8996
9077
9097
9117
9135
9171
9172
9173
9179
9180
9181
9182
9184
9194
9241
9242
9262
9278
9325
9326
9344
9346
9360
9420
9428
9438
9454
9525
9579
9592
9636
9694
9702
9703
9704
9714
9739
9816
9832
9851
9856
9865
9908
9953
9971
9978
9984
9998
10026
10034
10089
10105
10109
10159
10162
10180
10222
10267
10308
10317
10333
10382
10394
10419
10447
10474
10513
10516
10518
10519
10520
10521
10523
10525
10527
10529
10533
10534
10536
10542
10544
10550
10576
10630
10648
10658
10676
10677
10679
10681
10685
10687
10688
10697
10723
10726
10730
10733
10761
10781
10801
10835
10849
10881
10906
10934
10943
10977
11005
11027
11110
11198
11205
11210
11214
11239
11273
11281
11284
11311
11337
11378
11445
11451
11454
11455
11456
11457
11460
11463
11464
11467
11469
11472
11476
11477
11479
11481
11483
11484
11485
11486
11488
11507
11516
11519
11524
11525
11527
11530
11531
11532
11533
11552
11578
11591
11629
11658
11663
11664
11665
11666
11667
11680
11712
11714
11716
11718
11721
11723
11762
11859
11875
11964
12027
12044
12060
12112
12132
12161
12168
12242
12268
12274
12282
12293
12332
12343
12362
12379
12381
12419
12442
12443
12444
12451
12549
12565
12626
12699
12724
12749
12835
12887
12895
12969
13042
13092
13093
13095
13112
13140
13145
13193
13212
13224
13225
13249
13275
13343
13380
13415
13425
13458
13479
13486
13510
13512
13513
13545
13639
13755
13760
13770
13772
13782
13854
13879
13910
13912
13918
13981
14061
14071
14165
14211
14212
14311
14395
14418
14502
14510
14524
14588
14590
14605
14634
14650
14656
14692
14707
14715
14743
14794
14804
14842
14855
14884
14900
14915
14952
14963
14973
15107
15111
15115
15146
15217
15286
15405
15426
15485
15554
15562
15593
15616
15618
15619
15621
15623
15624
15625
15638
15639
15641
15644
15657
15661
15679
15717
15759
15760
15795
15865
15969
15994
16032
16087
16174
16203
16248
16256
16259
16261
16262
16304
16325
16342
16388
16401
16503
16599
16614
16655
16734
16748
16749
16750
16807
16833
16842
16904
16931
16960
16968
17177
17181
17218
17223
17248
17303
17327
17434
17458
17573
17577
17580
17592
17603
17610
17612
17722
17808
17862
17872
17989
18029
18033
18035
18036
18038
18039
18064
18096
18271
18331
18335
18399
18450
18454
18535
18592
18600
18640
18762
18767
18803
18832
18857
18893
18957
18964
18966
19078
19084
19114
19129
19158
19162
19260
19365
19377
19403
19408
19450
19465
19514
19562
19565
19630
19655
19741
19859
19988
20113
20115
20132
20295
20296
20320
20450
20503
20596
20662
20694
20790
20850
20993
21032
21069
21101
21142
21194
21268
21307
21423
21455
21458
21637
21684
21791
21839
22008
22009
22047
22165
22266
22285
