0
0
36
58
82
84
141
146
168
222
278
293
436
485
487
491
519
523
525
527
530
531
532
557
558
580
602
661
663
666
667
670
672
679
744
746
754
765
769
807
836
839
863
865
869
887
901
917
921
932
974
1011
1023
1035
1041
1050
1086
1090
1106
1109
1116
1121
1126
1131
1140
1193
1211
1243
1249
1338
1357
1377
1379
1403
1404
1426
1474
1475
1510
1538
1581
1602
1622
1625
1626
1629
1631
1632
1634
1635
1637
1643
1647
1667
1705
1709
1738
1764
1765
1770
1786
1794
1796
1870
1871
1945
1978
1997
1999
2002
2003
2007
2009
2010
2011
2026
2033
2044
2074
2092
2104
2118
2137
2233
2234
2243
2277
2325
2367
2396
2413
2443
2489
2561
2575
2607
2608
2609
2611
2613
2631
2635
2641
2642
2643
2646
2647
2701
2705
2730
2735
2748
2796
2811
2814
2816
2855
2856
2862
2864
2866
2867
2868
2881
2906
2908
2910
2920
2921
2931
2935
