0
1
8
12
13
16
17
22
28
29
30
31
35
36
38
39
40
41
43
44
63
64
68
71
75
81
92
98
121
137
141
142
147
149
150
151
158
160
161
202
212
215
217
219
221
224
228
232
234
236
237
241
242
244
246
252
254
255
257
258
261
265
304
324
326
327
330
334
342
348
357
369
432
435
463
464
468
469
470
472
474
476
479
480
481
489
497
498
500
502
504
505
506
510
514
516
517
519
521
535
604
610
611
612
613
617
622
631
654
655
660
668
672
676
708
729
738
767
774
775
779
815
855
859
865
868
870
909
917
920
922
930
933
936
937
938
944
945
946
948
952
953
959
962
966
1003
1005
1007
1009
1011
1012
1014
1015
1021
1022
1023
1025
1026
1028
1032
1033
1036
1038
1047
1049
1050
1052
1054
1056
1059
1062
1063
1064
1066
1068
1070
1089
1103
1132
1142
1145
1159
1166
1169
1173
1176
1177
1178
1180
1220
1252
1283
1339
1343
1345
1348
1351
1353
1355
1358
1359
1361
1368
1369
1377
1380
1381
1382
1393
1396
1398
1400
1401
1414
1416
1418
1429
1454
1481
1485
1486
1487
1498
1503
1504
1507
1510
1511
1512
1517
1519
1559
1567
1570
1582
1595
1598
1603
1604
1605
1607
1611
1612
1644
1709
1711
1721
1726
1764
1836
1843
1862
1875
1884
1889
1918
1933
1936
1944
1947
1948
1963
1966
1969
1970
1971
1976
1978
1979
1986
1987
1988
1989
1991
1993
1997
1998
2001
2002
2004
2005
2008
2010
2031
2035
2051
2057
2088
2090
2091
2093
2096
2097
2098
2102
2108
2116
2162
2202
2207
2216
2219
2220
2223
2226
2228
2229
2232
2233
2234
2236
2238
2242
2245
2246
2253
2255
2257
2259
2262
2265
2270
2276
2278
2282
2332
2333
2354
2377
2405
2419
2502
2503
2508
2542
2561
2594
2619
2658
2666
2667
2668
2670
2673
2675
2676
2677
2679
2681
2696
2706
2718
2752
2761
2769
2795
2798
2812
2814
2817
2819
2823
2825
2827
2828
2841
2863
2866
2867
2868
2871
2876
2877
2879
2881
2884
2895
2898
2923
2937
2941
2975
2977
2978
2980
3033
3075
3111
3120
3169
3174
3176
3177
3178
3179
3182
3186
3187
3188
3196
3198
3237
3253
3265
3271
3272
3273
3277
3279
3281
3282
3285
3289
3290
3292
3293
3294
3296
3298
3304
3362
3364
3365
3379
3418
3431
3436
3451
3494
3511
3571
3587
3628
3649
3676
3678
3688
3700
3703
3718
3719
3747
3765
3773
3775
3779
3780
3788
3794
3798
3800
3804
3807
3810
3812
3813
3814
3816
3817
3818
3820
3823
3830
3831
3837
3841
3872
3876
3879
3935
3976
4024
4062
4072
4101
4104
4109
4113
4119
4123
4126
4127
4128
4131
4133
4136
4139
4141
4159
4162
4228
4241
4242
4245
4248
4250
4261
4296
4309
4443
4458
4482
4534
4551
4569
4571
4573
4574
4581
4628
4629
4632
4634
4636
4638
4646
4699
4706
4727
4736
4741
4745
4814
4876
4889
4893
4906
4924
4925
4927
4930
4931
4932
4951
4966
4997
4999
5010
5036
5069
5070
5071
5075
5079
5080
5088
5089
5103
5106
5135
5139
5153
5155
5161
5175
5183
5186
5190
5227
5229
5234
5268
5269
5271
5272
5275
5276
5293
5294
5298
5301
5302
5314
5364
5378
5380
5391
5409
5416
5449
5450
5451
5487
5505
5511
5528
5568
5571
5588
5664
5717
5730
5735
5737
5741
5744
5748
5751
5752
5756
5762
5763
5764
5765
5769
5773
5775
5777
5801
5830
5863
5872
5966
5978
6034
6049
6069
6108
6118
6122
6193
6200
6209
6215
6217
6218
6220
6223
6224
6241
6251
6260
6382
6383
6384
6385
6386
6388
6391
6393
6398
6401
6404
6405
6408
6410
6414
6417
6419
6420
6422
6425
6430
6431
6461
6506
6553
6569
6579
6580
6581
6594
6654
6656
6658
6659
6660
6664
6667
6669
6675
6682
6683
6685
6687
6688
6691
6692
6697
6698
6700
6701
6702
6703
6714
6765
6822
6837
6871
6874
6895
6896
6923
6926
6929
6937
7025
7034
7039
7043
7044
7085
7109
7114
7151
7210
7275
7278
7288
7305
7402
7441
7488
7526
7545
7597
7608
7674
7705
7707
7712
7716
7721
7723
7726
7729
7741
7748
7755
7757
7761
7781
7799
7814
7838
7932
7947
7949
8012
8030
8039
8047
8097
8114
8117
8183
8202
8211
8218
8222
8235
8239
8240
8242
8249
8250
8252
8258
8260
8266
8268
8270
8271
8274
8275
8277
8278
8283
8296
8305
8310
8314
8317
8322
8325
8327
8328
8332
8336
8338
8345
8381
8399
8404
8411
8414
8436
8438
8473
8557
8585
8591
8613
8623
8626
8627
8671
8720
8732
8734
8828
8836
8873
8880
8896
8948
8968
8969
8974
8975
8977
8981
8984
8996
9033
9034
9063
9113
9145
9189
9193
9206
9209
9274
9286
9289
9292
9294
9295
9298
9304
9330
9345
9346
9347
9349
9365
9455
9489
9544
9570
9586
9656
9657
9659
9667
9672
9673
9696
9730
9757
9790
9791
9796
9800
9803
9804
9816
9966
9970
10017
10031
10046
10047
10071
10092
10093
10108
10166
10181
10248
10289
10297
10338
10443
10475
10476
10493
10579
10597
10628
10629
10630
10672
10719
10823
10848
10900
10923
10928
10931
10934
10937
10944
10948
10983
10989
11050
11088
11090
11091
11123
11129
11156
11157
11160
11161
11164
11167
11168
11170
11178
11181
11182
11183
11219
11263
11285
11288
11431
11435
11548
11615
11638
11641
11654
11746
11747
11748
11753
11755
11756
11757
11759
11762
11763
11767
11769
11772
11780
11782
11783
11793
11795
11830
11848
11861
11880
11923
11997
12054
12078
12086
12116
12150
12167
12179
12322
12325
12358
12397
12398
12407
12464
12494
12540
12541
12549
12592
12595
12677
12729
12748
12869
12898
12926
12969
13114
13147
13238
13240
13242
13249
13253
13263
13335
13357
13363
13416
13510
13599
13603
13750
13869
13877
13878
13883
13889
13891
13895
13897
13940
13972
14041
14058
14256
14282
14286
14303
14332
14373
14391
14414
14433
14500
14517
14640
14669
14673
14700
14720
14754
14841
14935
14956
15184
15233
15269
15274
15284
15321
15362
15368
15445
15450
15451
15453
15456
15459
15463
15465
15474
15476
15503
15540
15577
15581
15584
15586
15587
15595
15658
15774
15879
15885
15930
15940
15941
15951
15969
15983
16094
16145
16149
16186
16187
16189
16195
16199
16252
16275
16460
16462
16463
16466
16496
16535
16601
16636
16808
16846
16849
16850
16923
16952
17000
17176
17184
17209
17280
17283
17334
17402
17419
17460
17529
17563
