0 14
0 8
0 13
1 13
2 13
0 4
3 13
0 25
1 14
0 20
2 14
4 13
3 14
4 14
1 25
1 4
0 1
2 25
1 20
3 25
2 4
2 20
3 4
2 1
4 25
0 17
1 1
1 8
4 4
0 22
0 12
0 15
2 22
1 22
3 22
4 22
3 1
0 5
1 17
0 9
1 15
2 15
2 12
1 12
2 17
0 18
2 9
3 12
3 17
0 27
3 20
0 26
3 15
2 8
0 21
4 1
1 5
2 5
4 15
1 9
0 7
0 28
1 27
2 27
1 7
3 27
4 27
1 18
1 21
2 7
0 16
1 26
2 26
4 20
0 10
3 7
2 21
0 11
2 3
1 10
1 28
2 11
1 16
3 26
2 28
0 6
4 12
0 19
0 0
2 18
3 21
2 10
1 11
1 6
3 11
2 6
3 10
0 23
3 28
2 16
3 16
1 19
0 29
4 21
4 11
2 19
4 26
3 9
3 5
1 0
4 5
3 19
4 19
4 9
4 10
0 2
1 23
4 16
3 8
1 29
2 29
1 2
2 23
0 24
4 17
4 8
2 0
3 29
3 0
3 23
4 28
0 3
4 29
1 24
3 18
1 3
3 3
4 7
4 23
2 24
3 6
4 0
4 3
4 6
2 2
4 18
3 2
3 24
4 2
4 24

Score: 75.63999999999992