0
7127
7146
7150
7152
7177
7202
7222
7234
7242
7260
7265
7296
7329
7334
7348
7349
7357
7365
7366
7373
7389
7421
7428
7436
7438
7441
7467
7475
7477
7494
7497
7510
7527
7581
7604
7609
7615
7620
7622
7628
7635
7646
7650
7653
7659
7661
7670
7673
7675
7677
7678
7682
7684
7686
7687
7688
7689
7692
7694
7697
7699
7701
7702
7703
7705
7707
7708
7711
7718
7721
7724
7726
7728
7731
7733
7736
7738
7739
7769
7777
7786
7810
7811
7813
7815
7818
7821
7830
7834
7839
7850
7856
7857
7858
7859
7861
7866
7870
7872
7873
7877
7879
7880
7881
7882
7883
7888
7889
7891
7892
7893
7894
7895
7898
7905
7926
7938
7941
7953
7961
7977
7984
7997
7998
8005
8010
8020
8039
8041
8044
8049
8054
8076
8086
8095
8102
8119
8120
8121
8123
8144
8161
8193
8201
8202
8204
8208
8212
8216
8223
8229
8236
8238
8241
8243
8244
8246
8249
8251
8253
8254
8258
8261
8262
8264
8267
8269
8278
8280
8297
8307
8329
8331
8332
8335
8339
8347
8349
8351
8356
8359
8361
8365
8369
8370
8380
8395
8397
8405
8420
8428
8442
8448
8454
8460
8481
8489
8490
8491
8502
8503
8514
8515
8546
8553
8578
8581
8588
8589
8604
8606
8607
8611
8612
8613
8615
8616
8617
8619
8624
8626
8628
8629
8631
8633
8635
8657
8662
8675
8676
8698
8699
8705
8733
8772
8789
8791
8794
8798
8799
8802
8803
8806
8809
8816
8821
8822
8825
8826
8829
8832
8833
8834
8838
8840
8845
8846
8847
8849
8851
8856
8863
8888
8892
8894
8902
8903
8912
8916
8927
8977
8981
8991
8998
9000
9012
9020
9038
9056
9068
9082
9085
9103
9106
9108
9109
9116
9120
9136
9138
9164
9169
9170
9171
9172
9173
9177
9179
9181
9182
9184
9185
9190
9191
9193
9195
9198
9199
9200
9204
9206
9210
9212
9214
9217
9219
9220
9223
9225
9226
9228
9229
9230
9232
9234
9235
9237
9239
9242
9243
9246
9250
9253
9255
9260
9261
9266
9267
9269
9270
9271
9273
9278
9281
9282
9284
9286
9287
9290
9292
9295
9296
9298
9301
9306
9307
9312
9313
9316
9320
9321
9322
9323
9327
9330
9331
9333
9335
9337
9343
9344
9349
9388
9391
9421
9429
9440
9446
9464
9467
9488
9489
9494
9496
9500
9511
9516
9520
9525
9555
9583
9601
9617
9621
9627
9657
9669
9672
9687
9732
9739
9750
9752
9755
9762
9767
9768
9770
9772
9779
9789
9803
9805
9834
9838
9839
9840
9842
9843
9844
9846
9847
9849
9850
9851
9852
9854
9857
9859
9862
9865
9866
9867
9868
9878
9881
9882
9885
9890
9893
9898
9899
9903
9905
9906
9908
9909
9911
9913
9917
9918
9922
9924
9927
9928
9932
9962
9963
9968
9979
9983
9985
9986
9997
10002
10004
10008
10010
10012
10016
10047
10049
10051
10056
10062
10065
10082
10087
10119
10125
10126
10150
10179
10183
10185
10188
10189
10191
10197
10201
10202
10205
10206
10211
10218
10220
10228
10232
10235
10237
10238
10279
10291
10294
10303
10317
10325
10328
10329
10331
10336
10345
10356
10367
10371
10388
10389
10394
10395
10396
10400
10402
10407
10409
10428
10443
10445
10446
10457
10500
10512
10517
10531
10533
10535
10538
10542
10545
10547
10552
10555
10556
10557
10560
10564
10581
10584
10590
10591
10597
10598
10599
10602
10603
10605
10610
10613
10614
10615
10616
10621
10622
10663
10670
10673
10689
10695
10698
10699
10700
10703
10706
10708
10710
10712
10713
10715
10716
10719
10720
10723
10724
10727
10728
10729
10731
10733
10734
10735
10736
10738
10739
10742
10746
10749
10751
10753
10754
10759
10760
10764
10765
10766
10769
10786
10824
10828
10832
10833
10835
10836
10838
10841
10846
10849
10853
10856
10858
10866
10871
10873
10882
10887
10901
10910
10911
10913
10914
10919
10925
10927
10930
10931
10936
10939
10940
10946
10951
10956
10957
10960
10961
10962
10967
10969
10972
10975
10976
10979
10980
10981
10982
10984
10986
10987
10990
10992
10993
10997
11001
11003
11004
11007
11008
11026
11031
11036
11043
11050
11054
11058
11059
11069
11075
11098
11111
11117
11138
11141
11161
11190
11200
11207
11210
11231
11235
11243
11249
11257
11258
11259
11279
11284
11288
11291
11293
11297
11298
11301
11306
11311
11319
11320
11326
11329
11332
11337
11350
11356
11364
11368
11373
11374
11445
11460
11495
11497
11524
11526
11539
11547
11548
11558
11562
11566
11569
11570
11572
11576
11577
11584
11587
11596
11601
11609
11612
11614
11616
11619
11622
11623
11624
11626
11628
11634
11637
11642
11644
11649
11655
11656
11658
11663
11664
11667
11671
11680
11682
11693
11697
11699
11703
11710
11712
11722
11728
11738
11744
11746
11752
11756
11781
11794
11797
11798
11801
11806
11807
11810
11811
11812
11813
11817
11819
11825
11836
11841
11842
11856
11889
11902
11910
11937
11969
11975
11979
11980
11993
11998
12000
12002
12006
12007
12008
12010
12015
12018
12019
12020
12023
12024
12026
12027
12028
12030
12031
12040
12041
12051
12060
12063
12066
12067
12068
12070
12074
12075
12076
12084
12085
12088
12090
12091
12092
12099
12100
12105
12107
12108
12109
12111
12114
12126
12127
12137
12139
12145
12146
12147
12151
12159
12166
12171
12174
12177
12181
12215
12220
12234
12235
12236
12237
12238
12289
12306
12307
12311
12314
12315
12317
12319
12323
12325
12329
12331
12334
12336
12337
12340
12342
12344
12360
12367
12375
12386
12390
12410
12432
12434
12450
12452
12459
12478
12485
12487
12507
12510
12522
12525
12542
12556
12558
12585
12587
12593
12595
12598
12600
12601
12605
12609
12610
12630
12638
12658
12662
12673
12684
12693
12694
12699
12724
12761
12764
12769
12793
12795
12796
12797
12827
12830
12841
12842
12863
12884
12887
12907
12921
12923
12924
12944
12945
12947
12949
12952
12955
12956
12960
12963
12964
12968
12972
12974
12977
12980
12982
12985
12987
12990
12991
12992
12993
12996
12998
12999
13002
13003
13005
13012
13013
13015
13016
13018
13022
13023
13029
13034
13035
13036
13038
13039
13042
13044
13049
13050
13052
13057
13061
13063
13066
13067
13069
13071
13073
13079
13080
13081
13082
13083
13085
13093
13096
13098
13100
13104
13107
13108
13113
13114
13117
13118
13120
13121
13125
13133
13136
13143
13144
13159
13166
13167
13177
13201
13209
13211
13213
13215
13217
13229
13235
13237
13239
13243
13245
13247
13248
13305
13317
13323
13324
13327
13330
13331
13333
13344
13349
13366
13380
13385
13422
13450
13514
13516
13526
13543
13547
13550
13554
13558
13560
13574
13596
13597
13599
13620
13631
13634
13635
13637
13642
13646
13677
13681
13702
13721
13753
13767
13781
13793
13807
13808
13860
13878
13901
13934
13941
13961
13962
13966
13969
13977
13993
13999
14013
14024
14046
14058
14063
14066
14089
14110
14128
14131
14145
14148
14180
14181
14184
14189
14191
14192
14194
14195
14197
14198
14200
14204
14208
14243
14245
14257
14278
14298
14302
14305
14313
14315
14323
14340
14368
14371
14381
14383
14388
14390
14395
14396
14398
14399
14400
14401
14403
14405
14408
14409
14413
14416
14442
14459
14483
14513
14517
14523
14524
14525
14527
14545
14548
14566
14569
14573
14578
14584
14616
14619
14627
14638
14646
14658
14660
14669
14673
14680
14684
14687
14705
14750
14757
14758
14762
14768
14770
14772
14775
14776
14778
14779
14780
14781
14784
14788
14790
14791
14793
14794
14798
14799
14804
14830
14833
14835
14837
14846
14849
14856
14899
14948
14953
14955
14957
14959
14960
14961
14962
14963
14964
14965
14969
14983
14990
14992
14994
14997
15002
15003
15004
15006
15028
15054
15062
15077
15079
15088
15090
15091
15093
15095
15097
15104
15109
15111
15113
15114
15117
15123
15125
15127
15128
15133
15140
15171
15179
15188
15211
15219
15234
15237
15238
15325
15330
15332
15333
15336
15337
15339
15346
15347
15362
15402
15422
15423
15435
15453
15454
15483
15497
15514
15515
15518
15520
15523
15524
15525
15532
15537
15541
15562
15575
15582
15587
15591
15593
15600
15610
15611
15618
15634
15673
15684
15686
15705
15709
15716
15723
15739
15740
15751
15753
15774
15782
15800
15814
15857
15862
15865
15867
15916
15928
15929
15932
15937
15972
15989
16000
16006
16014
16023
16034
16035
16037
16041
16042
16077
16079
16104
16112
16140
16170
16180
16187
16190
16195
16202
16225
16240
16246
16260
16272
16279
16286
16289
16295
16324
16325
16337
16345
16352
16360
16407
16439
16452
16454
16458
16461
16462
16467
16492
16505
16513
16520
16522
16535
16537
16561
16564
16569
16578
16582
16613
16618
16643
16650
16670
16676
16693
16700
16714
16718
16735
16745
16754
16756
16784
16793
16806
16879
16884
16945
16969
16982
17010
17014
17031
17035
17047
17056
17057
17065
17068
17069
17072
17076
17078
17083
17086
17091
17097
17099
17100
17101
17115
17137
17139
17142
17144
17145
17146
17154
17155
17160
17166
17167
17168
17170
17176
17182
17183
17187
17193
17195
17198
17201
17203
17205
17208
17209
17213
17215
17216
17218
17221
17222
17226
17227
17230
17232
17289
17290
17291
17292
17293
17294
17307
17311
17330
17346
17348
17352
17357
17358
17368
17378
17380
17384
17386
17387
17390
17392
17393
17396
17399
17400
17402
17406
17409
17410
17411
17412
17415
17434
17455
17461
17480
17482
17485
17487
17489
17501
17507
17530
17559
17580
17594
17595
17601
17603
17605
17608
17609
17611
17618
17619
17620
17622
17623
17624
17625
17627
17653
17654
17655
17659
17660
17664
17665
17666
17670
17672
17673
17675
17678
17680
17682
17685
17687
17688
17689
17690
17693
17694
17695
17697
17699
17701
17704
17707
17708
17709
17711
17713
17715
17717
17721
17725
17726
17737
17757
17761
17762
17763
17768
17770
17771
17773
17776
17784
17790
17791
17794
17795
17797
17799
17800
17803
17804
17805
17808
17809
17810
17811
17814
17818
17819
17822
17824
17825
17827
17831
17832
17833
17835
17838
17842
17846
17852
17856
17860
17863
17865
17885
17897
17901
17907
17913
17918
17928
17959
17975
17986
18000
18036
18040
18053
18056
18058
18076
18089
18091
18129
18132
18165
18174
18176
18177
18182
18189
18190
18192
18195
18199
18200
18202
18206
18210
18212
18213
18214
18243
18250
18253
18254
18255
18256
18273
18302
18326
18348
18349
18354
18367
18369
18371
18382
18393
18400
18414
18419
18420
18424
18426
18427
18430
18433
18435
18436
18437
18440
18442
18445
18456
18467
18488
18500
18505
18506
18514
18538
18542
18546
18564
18580
18591
18612
18622
18656
18667
18673
18676
18711
18741
18743
18745
18746
18747
18750
18752
18753
18754
18757
18760
18762
18804
18813
18829
18830
18836
18842
18909
18941
18987
19010
19014
19015
19016
19019
19021
19022
19026
19070
19075
19093
19098
19110
19120
19195
19202
19212
19214
19280
19335
19354
19381
19396
19399
19445
19451
19493
19508
19522
19535
19542
19546
19552
19593
19596
19611
19617
19641
19668
19670
19703
19706
19741
19750
19769
19772
19789
19807
19837
19842
19843
19859
19879
19888
19893
19898
19901
19904
19906
19908
19912
19919
19923
19926
19935
19936
19937
19942
19944
19946
19948
19956
19957
19964
19968
19977
19979
19981
19986
19988
19989
19991
19993
20024
20027
20055
20083
20088
20095
20117
20137
20140
20142
20154
20171
20181
20206
20213
20220
20222
20237
20255
20276
20313
20336
20350
20370
20473
20479
20481
20483
20486
20497
20500
20501
20509
20515
20535
20539
20555
20569
20577
20581
20592
20599
20621
20635
20642
20644
20664
20677
20688
20693
20707
20718
20729
20735
20768
20784
20820
20830
20861
20886
20891
20892
20894
20895
20897
20899
20900
20901
20906
20911
20917
20920
20923
20924
20931
20937
20939
20953
20954
20958
20960
21006
21024
21034
21037
21054
21069
21073
21093
21103
21108
21111
21116
21131
21133
21151
21164
21166
21172
21195
21196
21214
21222
21295
21321
21325
21328
21348
21351
21366
21374
21385
21411
21443
21463
21475
21508
21514
21527
21546
21566
21571
21574
21593
21603
21610
21644
21682
21684
21696
21708
21718
21725
21726
21750
21762
21799
21809
21823
21829
21830
21836
21837
21838
21867
21882
21895
21901
21904
21937
21994
22014
22027
22047
22115
22117
22118
22121
22127
22129
22145
22183
22216
22242
22258
22269
22276
22283
22286
22289
22320
22356
22388
22402
22498
22536
22587
22592
22622
22633
22673
22675
22724
22744
22777
22814
22828
22845
22849
22865
22928
22945
22950
22951
22959
22960
22993
23001
23041
23052
23082
23117
23125
23131
23137
23169
23171
23183
23185
23213
23221
23227
23230
23233
23246
23287
23315
23330
23357
23373
23429
23435
23445
23446
23451
23453
23454
23486
23497
23498
23500
23519
23529
23551
23579
23598
23608
23676
23678
23685
23730
23732
23763
23769
23770
23774
23798
23834
23842
23849
23890
23903
23937
23992
24046
24050
24094
24105
24137
24160
24298
24320
24322
24342
24344
24345
24352
24380
24406
24410
24438
24459
24471
24474
24500
24623
24625
24708
24837
24868
24902
24910
24933
24942
24947
24955
24997
25036
25039
25041
25053
25071
25088
25108
25117
25120
25130
25142
25150
25152
25155
25158
25160
25161
25165
25208
25223
25258
25264
25295
25299
25306
25316
25342
25343
25344
25349
25361
25362
25364
25365
25367
25374
25375
25376
25377
25378
25405
25407
25442
25477
25508
25512
25514
25542
25554
25589
25605
25613
25635
25637
25638
25639
25643
25644
25646
25647
25649
25656
25668
25677
25739
25748
25751
25764
25778
25807
25831
25846
25912
25913
25922
25950
25972
25983
26073
26132
26158
26159
26177
26190
26210
26228
26229
26257
26259
26261
26265
26267
26269
26272
26275
26277
26282
26287
26303
26346
26352
26427
26450
26456
26458
26460
26465
26474
26482
26509
26554
26556
26585
26596
26610
26616
26636
26658
26685
26700
26848
26853
26861
26885
26893
26894
26915
26927
26938
26950
26976
26978
26981
27014
27058
27066
27082
27094
27120
27121
27124
27137
27138
27143
27150
27155
27159
27227
27287
27341
27347
27348
27359
27376
27448
27450
27467
27540
27577
27597
27607
27635
27667
27675
27725
27729
27730
27735
27752
27754
27831
27851
27852
27859
27860
27872
27877
27880
27883
27888
27889
27896
27897
27904
27907
27910
27911
27914
27915
27917
27918
27920
27921
27922
27925
27930
27932
27937
27942
27947
27948
27994
27997
28014
28033
28080
28145
28175
28181
28221
28227
28236
28278
28310
28335
28376
28385
28396
28397
28399
28400
28429
28432
28433
28436
28440
28442
28473
28482
28495
28506
28547
28556
28569
28585
28645
28647
28649
28654
28658
28659
28666
28670
28701
28727
28731
28732
28736
28739
28742
28747
28748
28749
28751
28753
28756
28759
28765
28769
28772
28776
28785
28786
28789
28791
28795
28802
28807
28844
28874
28875
28877
28878
28881
28885
28888
28890
28891
28893
28895
28904
28910
28912
28913
28914
28915
28919
28924
28925
28927
28932
28939
28942
28945
28947
28948
28986
29042
29057
29059
29065
29092
29105
29217
29226
29252
29296
29298
29315
29355
29455
29481
29518
29524
29558
29638
29641
29654
29699
29721
29745
29780
29825
29849
29871
29912
29947
29962
29977
29991
29994
30051
30061
30063
30105
30137
30246
30289
30299
30309
30366
30495
30517
30518
30523
30541
30615
30617
30620
30622
30626
30635
30659
30674
30763
30770
30824
30849
30859
30882
30922
30991
31018
31103
31111
31126
31153
31160
31170
31187
31215
31265
31274
31290
31334
31335
31490
31524
31670
31697
31728
31754
31756
31758
31760
31762
31770
31772
31777
31779
31782
31784
31795
31805
31810
31812
31813
31817
31819
31824
31827
31829
31834
31841
31845
31850
31858
31862
31874
31885
31886
31960
31967
31977
31998
32024
32058
32065
32104
32136
32163
32232
32237
32238
32241
32243
32246
32249
32250
32254
32261
32263
32264
32266
32269
32273
32275
32278
32280
32281
32283
32287
32289
32291
32299
32300
32303
32304
32305
32307
32314
32316
32319
32320
32323
32328
32329
32332
32335
32338
32343
32345
32346
32349
32350
32355
32357
32360
32361
32362
32376
32380
32471
32490
32497
32546
32586
32590
32658
32686
32700
32779
32823
32830
32838
32859
32883
32900
32962
32976
32997
32999
33063
33079
33131
33146
33149
33182
33186
33193
33215
33234
33365
33382
33391
33413
33460
33475
33487
33512
33517
33548
33653
33656
33684
33698
33726
33732
33773
33814
33828
33866
33867
33920
33922
33925
33931
33932
33940
33945
33953
33956
33957
33958
33960
33961
33963
33966
33968
33971
33974
33977
33982
33988
33994
33998
34002
34006
34007
34009
34011
34012
34018
34093
34127
34170
34249
34304
34307
34309
34312
34316
34321
34326
34330
34332
34442
34471
34482
34611
34678
34685
34689
34711
34731
34766
34819
34829
35030
35050
35053
35065
35094
35163
35184
35199
35389
35411
35439
35446
35539
35569
35637
35639
35743
35796
35944
35995
36003
36016
36073
36139
36141
36186
36286
36332
36373
36399
36437
36442
36505
36513
36534
36542
36626
36628
36692
36732
36758
36848
36906
36933
36974
37052
37085
37148
37194
37282
37372
37429
37445
37620
37624
37670
37671
37766
38003
38032
38054
38067
38078
38165
38238
38278
38317
38330
38369
38472
38522
38567
38615
38687
38863
38925
38930
38979
39002
39047
39052
39056
39102
39116
39120
39143
39159
39283
39287
39300
39314
39315
39318
39321
39325
39328
39330
39399
39482
39511
39515
39652
39697
39779
39826
39914
40015
40046
40049
40077
40276
40282
40288
40421
40517
40576
40785
40791
40795
40812
40821
40873
41232
41268
41374
41476
41673
41786
41799
41803
41876
42055
42386
42455
42456
42479
42490
42497
42525
42848
42911
42986
42999
43097
43164
43195
43199
43282
43337
43354
43383
43529
43567
43597
43663
43686
43728
43837
43875
43890
43911
43953
43982
44037
44205
44217
44225
44228
44291
44323
44351
44367
44368
44370
44372
44374
44376
44378
44411
44422
44427
44611
44628
44654
44676
44831
45110
45239
45354
45364
45476
45501
45507
45527
45639
45691
45761
45931
45956
45970
46120
46122
46124
46127
46130
46133
46135
46138
46148
46300
46353
46410
46527
46768
46834
46989
47104
47115
47152
47153
47201
47260
47343
47665
47676
47904
