0 16
2 1
0 9
2 22
0 20
2 15
1 20
0 8
1 9
2 14
2 9
2 20
3 14
0 15
1 16
0 22
2 16
3 16
0 28
3 9
0 18
1 28
2 28
3 20
1 8
2 8
3 28
0 7
3 8
0 27
0 12
1 18
2 18
3 18
0 29
1 29
3 15
2 29
0 26
1 12
3 22
1 26
1 15
2 26
0 14
0 11
0 1
0 13
1 11
1 22
0 6
2 11
1 6
1 7
3 26
0 3
2 23
0 24
0 23
3 29
2 7
0 10
1 3
1 27
1 13
2 3
1 24
1 23
3 3
0 2
0 21
2 12
0 19
1 10
2 24
2 13
2 5
3 13
2 27
1 14
1 19
2 10
3 23
1 2
2 2
3 12
0 4
3 2
1 1
0 0
2 6
0 17
3 6
1 17
2 17
1 0
3 7
3 17
3 11
0 5
2 4
1 5
0 25
1 4
3 4
3 24
3 10
1 21
2 0
2 19
3 0
1 25
3 27
3 1
2 21
2 25
3 19
3 25
3 21
3 5

Score: 85.19999999999985