0
165
166
169
180
184
187
189
190
191
193
198
199
201
204
206
208
209
211
216
217
225
232
234
235
244
247
253
257
263
268
271
274
275
282
286
289
290
295
297
307
344
351
353
356
359
360
363
366
367
373
377
380
384
385
386
388
391
392
393
395
399
401
404
409
410
413
416
417
422
424
431
433
438
440
441
443
444
446
448
449
450
454
455
464
467
504
511
513
518
520
521
527
528
533
538
542
543
547
548
552
554
558
560
562
563
566
567
568
571
576
580
582
588
591
592
596
597
600
602
604
605
613
617
619
620
621
623
629
630
640
641
649
651
654
658
661
664
665
666
667
671
676
679
684
693
694
700
711
714
715
721
727
729
731
733
736
738
740
742
749
758
760
766
770
787
788
791
792
797
799
896
930
936
938
941
946
947
951
955
956
957
958
960
962
965
968
973
975
990
994
995
997
1004
1006
1020
1021
1047
1058
1067
1068
1071
1085
1099
1133
1137
1164
1179
1192
1220
1229
1249
1276
1278
1282
1284
1290
1310
1315
1391
1402
1410
1419
1428
1430
1436
1438
1440
1442
1450
1451
1454
1455
1458
1462
1465
1466
1467
1468
1471
1472
1473
1474
1475
1476
1477
1484
1501
1512
1517
1529
1532
1535
1537
1541
1544
1547
1548
1549
1550
1561
1564
1581
1582
1583
1586
1589
1592
1594
1598
1599
1600
1601
1602
1603
1606
1610
1613
1614
1618
1619
1623
1629
1630
1631
1634
1636
1637
1638
1641
1645
1648
1649
1651
1653
1655
1659
1664
1667
1669
1670
1672
1674
1676
1677
1680
1684
1689
1691
1699
1702
1703
1707
1714
1718
1720
1721
1729
1731
1732
1733
1734
1735
1737
1740
1743
1748
1751
1752
1754
1757
1762
1766
1767
1770
1772
1773
1776
1777
1780
1782
1789
1811
1841
1853
1865
1866
1870
1906
1913
1916
1920
1922
1923
1925
1932
1934
1939
1944
1947
1949
1952
1955
1958
1963
1964
1966
1971
1974
1975
1977
1980
1982
1983
1984
1985
1986
1988
1989
1990
1993
1994
1995
1998
1999
2003
2005
2008
2020
2021
2022
2023
2029
2030
2031
2034
2038
2040
2044
2047
2050
2052
2058
2059
2060
2065
2068
2071
2074
2075
2077
2078
2080
2085
2086
2089
2091
2092
2098
2099
2100
2104
2105
2107
2109
2112
2113
2117
2120
2121
2122
2123
2126
2132
2133
2138
2142
2143
2145
2148
2149
2153
2155
2159
2160
2163
2165
2169
2170
2171
2172
2174
2175
2177
2178
2180
2186
2188
2198
2201
2204
2212
2220
2242
2243
2253
2267
2272
2289
2292
2293
2320
2321
2322
2325
2328
2330
2332
2333
2335
2339
2343
2347
2348
2351
2353
2355
2356
2357
2358
2360
2361
2362
2365
2367
2368
2386
2394
2396
2397
2399
2400
2405
2406
2408
2411
2412
2414
2425
2428
2431
2433
2434
2436
2437
2439
2442
2449
2453
2455
2461
2463
2467
2481
2491
2503
2507
2509
2524
2526
2538
2541
2546
2550
2551
2571
2576
2578
2580
2583
2589
2593
2595
2596
2599
2602
2604
2608
2609
2612
2614
2618
2620
2623
2624
2626
2628
2631
2632
2633
2635
2638
2640
2644
2647
2648
2654
2656
2657
2661
2662
2663
2667
2668
2674
2681
2687
2688
2689
2691
2694
2695
2697
2699
2700
2702
2705
2706
2707
2710
2712
2718
2721
2724
2728
2730
2731
2734
2735
2742
2747
2749
2751
2752
2755
2756
2758
2759
2762
2767
2768
2770
2775
2777
2778
2782
2783
2786
2790
2791
2794
2795
2797
2800
2801
2805
2811
2813
2815
2817
2820
2821
2822
2823
2826
2829
2831
2838
2841
2844
2853
2855
2856
2858
2859
2861
2864
2866
2868
2871
2874
2875
2877
2878
2879
2883
2884
2886
2893
2895
2899
2902
2903
2908
2911
2914
2923
2928
2929
2933
2934
2936
2943
2944
2960
2978
2979
2982
2984
2988
2990
2991
2993
3005
3008
3012
3015
3020
3023
3024
3025
3028
3032
3033
3035
3037
3039
3044
3065
3093
3104
3114
3120
3145
3146
3151
3156
3160
3165
3172
3185
3187
3198
3199
3203
3206
3208
3213
3217
3218
3221
3225
3234
3245
3264
3277
3281
3285
3286
3288
3290
3292
3293
3297
3306
3307
3312
3320
3325
3328
3330
3332
3333
3336
3338
3342
3344
3347
3350
3357
3362
3367
3369
3371
3375
3377
3379
3381
3382
3384
3389
3391
3397
3399
3402
3406
3408
3412
3420
3421
3425
3428
3429
3431
3432
3438
3443
3444
3445
3452
3458
3461
3464
3468
3469
3470
3475
3476
3478
3481
3484
3486
3489
3493
3494
3496
3502
3518
3521
3523
3528
3529
3532
3534
3537
3538
3540
3545
3573
3605
3636
3652
3713
3721
3739
3740
3741
3761
3763
3769
3805
3810
3813
3814
3820
3821
3823
3824
3827
3829
3836
3840
3843
3865
3908
3914
3916
3919
3922
3929
3931
3933
3936
3939
3941
3944
3945
3946
3947
3949
3951
3958
3959
3962
3965
3968
3969
3974
3975
3976
3977
3980
3984
3985
3989
3997
3999
4001
4002
4003
4008
4009
4016
4027
4028
4034
4036
4041
4044
4075
4077
4078
4079
4091
4108
4111
4122
4126
4137
4144
4149
4151
4157
4162
4163
4165
4166
4168
4169
4173
4175
4178
4181
4183
4190
4195
4198
4201
4207
4212
4217
4219
4228
4231
4233
4234
4235
4240
4243
4246
4247
4256
4259
4260
4265
4266
4268
4272
4273
4278
4280
4285
4286
4287
4290
4305
4307
4308
4318
4323
4327
4330
4332
4334
4351
4355
4360
4365
4369
4371
4375
4381
4384
4387
4391
4393
4396
4399
4409
4418
4420
4431
4435
4444
4449
4458
4463
4465
4469
4516
4530
4533
4535
4537
4539
4540
4541
4543
4548
4549
4552
4554
4559
4560
4565
4566
4568
4571
4574
4575
4580
4582
4586
4587
4588
4589
4592
4605
4606
4634
4635
4649
4650
4653
4656
4657
4661
4662
4663
4667
4671
4672
4679
4683
4686
4689
4691
4694
4699
4702
4707
4708
4709
4710
4711
4716
4717
4722
4724
4727
4738
4742
4746
4747
4748
4761
4762
4765
4768
4772
4779
4797
4800
4830
4836
4839
4841
4846
4873
4885
4888
4940
4949
4959
4966
4969
4971
4972
4973
4975
4979
4981
4987
4991
4993
4995
4996
4999
5001
5003
5004
5005
5006
5009
5012
5013
5017
5020
5021
5025
5027
5028
5031
5033
5035
5038
5041
5043
5045
5048
5049
5050
5053
5054
5055
5058
5059
5060
5061
5065
5069
5075
5076
5078
5079
5083
5096
5112
5117
5189
5288
5294
5298
5303
5335
5337
5386
5444
5476
5509
5511
5535
5541
5553
5554
5619
5628
5630
5632
5647
5649
5650
5652
5655
5656
5659
5661
5663
5678
5685
5689
5693
5694
5698
5729
5730
5741
5758
5795
5798
5800
5802
5805
5808
5810
5812
5823
5842
5853
5857
5866
5867
5875
5880
5884
5885
5901
5949
5951
5955
5958
5991
6000
6065
6088
6103
6107
6110
6111
6114
6117
6120
6121
6123
6126
6128
6129
6142
6152
6176
6178
6179
6181
6182
6191
6259
6293
6295
6300
6302
6307
6309
6310
6314
6319
6320
6321
6330
6332
6333
6335
6337
6341
6342
6344
6345
6347
6355
6356
6361
6368
6371
6373
6376
6379
6387
6395
6401
6404
6406
6411
6432
6434
6440
6441
6442
6444
6446
6448
6449
6465
6466
6483
6485
6487
6490
6494
6497
6501
6502
6504
6505
6536
6556
6578
6593
6598
6601
6628
6650
6665
6692
6693
6724
6747
6750
6757
6773
6837
6849
6851
6852
6853
6854
6856
6860
6862
6863
6864
6865
6866
6870
6871
6873
6874
6875
6877
6880
6884
6887
6893
6897
6901
6903
6904
6905
6907
6909
6912
6915
6917
6918
6919
6921
6926
6930
6933
6944
6946
6950
6958
6960
6962
6964
6968
6970
6973
6977
6979
6980
6982
6988
6992
6995
6996
6999
7001
7003
7004
7006
7010
7014
7017
7035
7044
7052
7056
7058
7067
7068
7071
7073
7075
7076
7077
7078
7079
7082
7083
7084
7090
7095
7097
7103
7112
7113
7115
7119
7122
7125
7132
7133
7142
7146
7148
7155
7156
7164
7168
7171
7172
7177
7183
7189
7192
7193
7198
7200
7214
7217
7221
7232
7233
7235
7237
7238
7239
7244
7249
7251
7252
7259
7264
7268
7273
7276
7277
7281
7283
7287
7288
7289
7291
7296
7304
7309
7311
7313
7315
7323
7329
7332
7333
7337
7338
7339
7348
7350
7351
7369
7376
7382
7433
7443
7445
7446
7448
7449
7450
7451
7456
7459
7461
7463
7468
7469
7475
7477
7478
7521
7555
7565
7580
7591
7593
7602
7607
7678
7679
7683
7687
7689
7690
7692
7694
7695
7696
7697
7700
7702
7703
7706
7707
7710
7711
7713
7717
7718
7719
7720
7726
7727
7728
7729
7734
7736
7739
7740
7749
7752
7754
7755
7760
7761
7763
7768
7770
7771
7772
7776
7777
7778
7779
7781
7783
7785
7788
7790
7798
7800
7801
7807
7809
7811
7812
7815
7823
7826
7827
7829
7832
7833
7836
7837
7838
7839
7841
7842
7845
7847
7853
7857
7859
7860
7863
7874
7876
7880
7886
7887
7889
7890
7892
7894
7896
7897
7900
7902
7904
7908
7909
7911
7912
7919
7923
7925
7929
7932
7933
7936
7953
7970
7974
7997
7998
8002
8013
8042
8076
8118
8124
8129
8168
8206
8217
8218
8219
8243
8285
8317
8349
8350
8357
8370
8395
8398
8436
8437
8444
8445
8448
8457
8461
8462
8553
8632
8639
8651
8670
8686
8706
8765
8788
8802
8825
8826
8828
8831
8832
8842
8846
8855
8889
8891
8892
8894
8895
8896
8897
8898
8899
8906
8909
8946
8999
9022
9023
9026
9027
9028
9032
9033
9035
9061
9099
9101
9118
9148
9158
9160
9162
9173
9174
9176
9179
9180
9181
9183
9185
9186
9187
9188
9192
9195
9196
9197
9202
9204
9206
9207
9210
9212
9214
9216
9224
9227
9244
9249
9259
9261
9264
9269
9284
9298
9299
9318
9319
9338
9346
9348
9349
9363
9364
9371
9423
9431
9434
9436
9444
9449
9450
9464
9474
9475
9495
9502
9507
9510
9513
9514
9530
9544
9547
9549
9550
9553
9555
9565
9582
9587
9655
9663
9673
9681
9696
9699
9711
9712
9729
9753
9756
9764
9780
9784
9788
9811
9813
9819
9820
9823
9829
9830
9831
9836
9839
9852
9869
9893
9938
9943
9945
9946
9980
10037
10042
10086
10105
10106
10107
10108
10110
10111
10119
10140
10142
10148
10217
10225
10260
10321
10343
10380
10436
10444
10464
10477
10503
10515
10516
10518
10521
10522
10523
10528
10530
10533
10534
10536
10544
10550
10560
10564
10571
10579
10586
10599
10600
10616
10670
10674
10678
10681
10682
10683
10684
10693
10695
10697
10699
10701
10702
10707
10708
10709
10711
10713
10716
10719
10720
10722
10725
10728
10730
10732
10734
10738
10767
10781
10802
10818
10821
10826
10832
10833
10835
10837
10839
10840
10844
10848
10852
10855
10859
10860
10871
10874
10876
10878
10881
10882
10884
10885
10891
10892
10895
10896
10898
10901
10903
10907
10909
10910
10911
10913
10914
10916
10918
10921
10924
10927
10929
10934
10936
10948
10978
10986
10990
10992
10994
10996
10997
11018
11034
11037
11042
11046
11053
11079
11106
11108
11110
11111
11116
11118
11123
11127
11129
11132
11134
11139
11140
11141
11144
11146
11149
11151
11155
11158
11164
11165
11167
11171
11174
11178
11180
11183
11184
11187
11188
11240
11253
11287
11291
11318
11323
11369
11389
11392
11393
11401
11406
11411
11413
11414
11416
11422
11498
11502
11521
11549
11551
11567
11574
11585
11591
11636
11642
11645
11646
11648
11649
11652
11653
11654
11655
11665
11675
11677
11689
11700
11701
11704
11705
11706
11794
11813
11823
11840
11842
11843
11871
11876
11884
11947
11952
11962
12052
12053
12068
12108
12109
12111
12112
12119
12172
12184
12190
12195
12199
12203
12205
12208
12210
12213
12215
12223
12224
12227
12237
12238
12239
12244
12252
12299
12326
12328
12346
12350
12396
12413
12436
12441
12443
12454
12526
12538
12566
12611
12621
12650
12658
12668
12693
12772
12791
12847
12850
12855
12878
12894
12921
12953
12954
12994
12995
12997
13003
13013
13014
13017
13028
13032
13048
13055
13072
13073
13085
13100
13130
13131
13133
13134
13135
13139
13141
13145
13147
13148
13150
13152
13155
13157
13161
13162
13163
13165
13166
13167
13169
13170
13173
13174
13181
13186
13188
13189
13191
13192
13199
13200
13208
13210
13217
13218
13222
13224
13228
13230
13231
13232
13233
13235
13237
13240
13258
13264
13275
13276
13279
13280
13284
13291
13319
13327
13330
13355
13364
13365
13374
13448
13465
13469
13470
13499
13519
13535
13545
13554
13573
13595
13601
13604
13605
13606
13687
13691
13735
13769
13805
13827
13879
13880
13882
13886
13887
13890
13894
13895
13943
13959
14071
14084
14089
14181
14223
14242
14290
14294
14431
14451
14471
14497
14505
14553
14559
14562
14588
14589
14621
14623
14660
14686
14687
14688
14706
14720
14729
14758
14763
14765
14766
14773
14785
14786
14818
14883
14926
14934
14939
14980
15009
15021
15023
15099
15112
15133
15146
15149
15155
15156
15162
15174
15225
15242
15246
15270
15284
15287
15294
15298
15300
15307
15309
15346
15353
15357
15359
15360
15363
15366
15368
15369
15372
15376
15381
15386
15393
15394
15401
15409
15410
15414
15425
15427
15459
15484
15529
15545
15564
15565
15585
15597
15669
15704
15721
15723
15796
15797
15836
15857
15863
15887
15888
15898
15921
15996
16015
16022
16099
16118
16134
16152
16153
16219
16225
16232
16234
16237
16238
16245
16248
16249
16293
16309
16310
16340
16347
16376
16396
16448
16461
16463
16469
16472
16473
16474
16475
16476
16480
16481
16483
16485
16487
16488
16490
16491
16493
16495
16498
16500
16501
16504
16505
16506
16512
16513
16514
16520
16522
16523
16530
16531
16532
16533
16537
16545
16546
16549
16552
16555
16556
16558
16559
16560
16561
16563
16565
16568
16571
16573
16574
16580
16581
16583
16584
16586
16588
16589
16591
16593
16596
16600
16606
16610
16613
16615
16616
16619
16620
16624
16626
16628
16630
16631
16632
16636
16640
16643
16644
16647
16648
16649
16651
16655
16657
16659
16663
16665
16666
16668
16670
16672
16675
16678
16679
16686
16702
16704
16705
16709
16710
16711
16712
16713
16742
16743
16753
16760
16793
16802
16803
16815
16818
16827
16828
16830
16832
16833
16834
16839
16840
16874
16893
16895
16898
16929
16960
16984
17000
17015
17123
17133
17158
17159
17162
17163
17171
17232
17271
17278
17279
17292
17339
17357
17391
17413
17417
17418
17421
17434
17443
17485
17486
17490
17568
17580
17588
17597
17599
17605
17635
17665
17671
17673
17676
17679
17682
17687
17690
17767
17818
17854
17856
17908
17939
17975
17979
17989
18051
18066
18070
18117
18195
18198
18205
18216
18255
18260
18263
18264
18268
18269
18270
18289
18299
18311
18321
18396
18403
18415
18422
18441
18461
18500
18524
18537
18545
18550
18602
18619
18620
18633
18640
18655
18673
18695
18725
18766
18858
18901
18917
18922
18955
18966
18979
19113
19117
19151
19157
19203
19223
19238
19245
19250
19252
19259
19270
19272
19275
19287
19289
19291
19297
19366
19382
19383
19447
19466
19474
19475
19478
19487
19493
19494
19498
19501
19505
19512
19516
19520
19521
19523
19527
19528
19531
19535
19539
19546
19547
19549
19550
19555
19556
19558
19561
19562
19565
19573
19578
19581
19584
19586
19650
19657
19716
19721
19729
19734
19751
19753
19814
19816
19819
19821
19824
19828
19833
19835
19839
19843
19846
19847
19850
19854
19855
19857
19859
19865
19867
19868
19870
19873
19874
19877
19880
19881
19882
19883
19942
19948
19970
19979
19997
20023
20031
20032
20038
20046
20058
20060
20065
20069
20072
20074
20076
20080
20085
20094
20113
20124
20136
20242
20262
20322
20338
20357
20384
20392
20395
20399
20400
20403
20407
20410
20413
20416
20418
20419
20421
20424
20426
20428
20437
20442
20444
20448
20450
20451
20485
20486
20488
20498
20502
20546
20552
20553
20567
20612
20615
20619
20620
20624
20626
20632
20637
20639
20641
20642
20645
20648
20649
20651
20653
20679
20693
20694
20704
20732
20744
20749
20771
20794
20800
20801
20808
20809
20811
20813
20815
20816
20846
20895
20912
20945
20983
21005
21032
21072
21073
21091
21095
21113
21115
21163
21183
21241
21272
21340
21358
21371
21377
21425
21515
21610
21622
21639
21648
21650
21819
21871
21872
21897
22015
22022
22066
22085
22099
22100
22148
22204
22241
22246
22253
22276
22357
22388
22397
22421
22505
22508
22589
22641
22687
22704
22757
22788
22860
22864
22867
22869
22871
22873
22876
22878
22881
22885
22886
22887
22889
22890
22893
22901
22912
22914
22919
22922
22923
22925
22927
22932
22933
22935
22938
22941
22942
22945
22954
22959
22961
22965
22967
22971
22977
22979
22985
22989
22994
23003
23007
23009
23012
23016
23019
23021
23022
23024
23028
23030
23032
23036
23037
23041
23046
23048
23052
23056
23060
23064
23067
23068
23070
23071
23072
23079
23082
23083
23085
23088
23091
23099
23102
23105
23112
23113
23115
23116
23121
23124
23127
23132
23133
23135
23136
23139
23143
23145
23147
23150
23153
23157
23159
23163
23192
23195
23348
23351
23361
23366
23373
23375
23377
23380
23383
23386
23389
23397
23400
23412
23420
23422
23428
23430
23436
23439
23445
23448
23454
23456
23459
23466
23490
23531
23569
23589
23675
23707
23732
23769
23771
23775
23780
23786
23789
23790
23792
23798
23802
23803
23808
23829
23835
23836
23840
23844
23846
23854
23860
23874
23879
23883
23886
23888
23895
23900
23907
23910
23913
23914
23916
23918
23919
23922
23928
23931
23934
23936
23941
23942
23943
23946
23951
23956
23960
23962
23963
23967
23971
23975
23980
23984
23985
23995
23997
24005
24014
24016
24028
24033
24040
24041
24050
24094
24095
24096
24123
24128
24152
24165
24218
24265
24276
24285
24375
24380
24426
24445
24553
24605
24636
24642
24644
24708
24788
24849
24851
24899
24910
24914
24946
24954
24968
25053
25206
25207
25208
25228
25308
25314
25319
25321
25325
25326
25393
25467
25473
25508
25524
25556
25598
25727
25779
25801
25813
25879
25943
25960
25976
25977
26065
26191
26212
26253
26258
26290
26458
26478
26482
26531
26532
26559
26560
26564
26573
26579
26594
26614
26638
26712
26713
26714
26716
26717
26719
26720
26723
26728
26729
26730
26731
26734
26737
26739
26741
26742
26743
26746
26748
26749
26751
26752
26753
26755
26759
26760
26761
26764
26848
26853
26918
26941
26975
27021
27079
27124
27170
27239
27260
27291
27356
27503
27555
27573
27596
27603
27887
27926
27927
27928
27936
28037
28046
28116
28142
28219
28294
28332
28364
28528
28531
28536
28607
28609
28610
28613
28614
28688
28716
28839
28883
28962
28976
29008
29028
29036
29038
29042
29046
29062
29090
29142
29209
29292
29306
29311
29315
29316
29318
29321
29324
29330
29332
29334
29338
29340
29342
29345
29347
29348
29350
29355
29356
29357
29362
29363
29364
29367
29368
29369
29373
29375
29379
29382
29384
29385
29392
29394
29396
29399
29400
29405
29446
29534
29764
29787
29805
29833
29861
29924
29940
29946
29999
30051
30060
30197
30201
30204
30207
30276
30280
30301
30308
30310
30422
30424
30625
30701
30741
30760
30777
30831
30940
30964
31185
31209
31218
31290
31420
31450
31563
31617
31674
31874
31978
32113
32175
32179
32183
32325
32336
32340
32342
32343
32447
32477
32615
32629
32632
32650
32668
32702
32793
32858
32879
33026
33027
33028
33162
33200
33245
33326
33452
33483
33487
33627
33679
33908
33966
34115
34117
34118
34120
34123
34125
34127
34128
34137
34139
34140
34144
34147
34148
34149
34171
34206
34207
34212
34243
34500
34509
34593
34711
34744
34784
34898
35150
35218
35345
35435
35753
35757
35956
35963
36076
36414
36521
36523
36580
36746
36931
37055
37061
37080
37188
37248
37254
37288
37291
37293
37299
37451
37739
37865
38032
38346
38404
38538
