0
35
38
77
81
82
84
89
92
95
96
99
105
109
112
117
120
122
124
127
128
133
144
148
154
156
157
174
181
218
284
309
378
388
495
512
519
520
582
620
632
689
693
697
698
744
759
761
768
770
778
780
781
782
784
785
788
791
792
798
800
801
805
810
813
864
874
880
885
889
890
899
960
963
985
1007
1053
1065
1066
1114
1121
1128
1134
1166
1184
1202
1249
1320
1334
1396
1439
1451
1466
1467
1469
1505
1603
1634
1639
1720
1757
1781
1793
1796
1799
1806
1836
1855
1875
1880
1926
1929
1947
1953
1954
1958
1959
1960
1970
1973
1976
1978
1980
1983
1986
1991
1993
1996
1997
2002
2004
2021
2025
2059
2103
2105
2107
2154
2213
2231
2232
2340
2352
2354
2367
2402
2435
2436
2446
2449
2453
2457
2460
2464
2466
2470
2471
2473
2474
2476
2477
2588
2602
2642
2643
2645
2652
2655
2657
2668
2671
2679
2683
2684
2690
2731
2783
2837
2872
2882
2884
2885
2886
2888
2890
2893
2894
2896
2951
2953
2954
2978
2980
3054
3059
3090
3093
3121
3146
3149
3151
3190
3244
3251
3252
3253
3255
3256
3260
3261
3262
3290
3294
3295
3296
3376
3381
3454
3467
3524
3551
3579
3594
3612
3645
3654
3772
3774
3775
3776
3900
3918
3950
3965
4016
4046
4082
4110
4114
4116
4123
4129
4132
4133
4167
4169
4170
4172
4174
4186
4187
4220
4238
4246
4255
4327
4352
4356
4390
4441
4448
4451
4507
4527
4552
4575
4688
4698
4699
4722
4725
4736
4740
4741
4745
4747
4748
4749
4763
4769
4771
4812
4862
4920
4922
4956
5010
5044
5051
5101
5143
5151
5166
5169
5170
5174
5176
5177
5182
5185
5187
5188
5198
5218
5253
5255
5265
5266
5268
5368
5406
5411
5414
5419
5421
5422
5502
5511
5512
5516
5541
5552
5561
5571
5601
5698
5699
5700
5735
5740
5768
5798
5823
5866
5869
5912
6005
6012
6022
6091
6173
6176
6196
6221
6311
6351
6387
