0 16
0 24
1 24
2 24
0 13
2 26
0 20
0 2
0 23
3 24
1 13
2 13
3 13
1 23
2 18
0 14
0 3
0 25
2 1
2 23
1 16
1 2
3 1
0 9
0 10
2 14
3 23
2 4
1 20
2 10
2 11
1 25
1 10
2 17
3 14
0 17
0 11
1 9
2 9
1 14
0 29
1 3
0 15
2 2
2 27
0 4
3 10
2 7
1 29
2 29
1 11
0 26
3 29
2 20
1 4
3 11
0 1
3 2
2 25
1 15
3 4
2 15
1 26
0 6
3 9
3 26
1 6
0 22
1 17
0 28
0 12
0 18
0 21
2 6
0 27
3 27
3 15
1 21
2 16
0 5
1 18
2 21
3 25
1 28
2 12
1 1
3 21
2 28
2 22
3 18
1 27
0 19
1 22
3 16
1 12
3 28
1 5
3 22
3 17
2 3
2 5
3 20
0 7
3 3
2 8
1 7
3 12
0 0
0 8
1 19
3 7
3 6
1 0
2 19
1 8
3 19
3 5
2 0
3 0
3 8

Score: 85.25000000000041