0
55
63
64
67
68
72
79
81
83
84
88
90
94
97
102
103
111
112
114
118
120
122
143
159
162
173
176
177
178
182
185
187
188
192
195
196
199
201
203
206
208
210
211
213
214
216
217
218
221
222
224
227
228
229
235
254
255
263
265
267
270
272
274
275
279
281
284
285
287
304
310
331
333
335
336
338
340
346
347
348
380
381
382
385
389
393
400
433
451
456
460
461
462
465
517
529
542
545
550
553
554
559
561
563
565
566
569
571
573
574
581
582
587
601
626
652
655
685
687
688
689
692
694
695
699
708
714
754
757
758
760
761
763
765
771
775
778
789
791
796
799
800
807
808
809
810
811
813
828
836
849
856
858
879
902
926
927
933
936
941
950
969
971
972
974
975
977
979
983
985
986
988
990
992
994
995
996
1000
1004
1006
1010
1011
1012
1014
1015
1017
1018
1024
1025
1028
1031
1046
1049
1085
1086
1089
1091
1093
1099
1101
1102
1103
1105
1108
1110
1116
1118
1120
1124
1128
1130
1134
1153
1165
1172
1175
1177
1181
1182
1186
1188
1189
1192
1193
1199
1201
1202
1204
1207
1209
1212
1214
1217
1218
1220
1222
1223
1226
1228
1229
1231
1237
1238
1241
1243
1244
1249
1262
1267
1272
1281
1289
1302
1307
1319
1322
1331
1335
1338
1339
1341
1344
1346
1348
1349
1351
1353
1355
1356
1359
1361
1363
1367
1368
1371
1374
1376
1380
1382
1383
1384
1386
1387
1388
1389
1391
1395
1396
1399
1401
1405
1406
1408
1409
1411
1413
1414
1417
1418
1421
1422
1423
1427
1433
1437
1442
1445
1446
1451
1455
1456
1459
1460
1462
1465
1474
1477
1479
1480
1481
1482
1483
1491
1494
1495
1499
1518
1548
1556
1581
1582
1584
1586
1588
1590
1596
1607
1613
1614
1617
1620
1621
1622
1643
1671
1672
1675
1676
1681
1683
1684
1687
1691
1692
1693
1696
1697
1700
1709
1711
1713
1715
1717
1719
1725
1728
1729
1732
1733
1735
1738
1748
1750
1753
1755
1760
1762
1763
1764
1765
1767
1771
1774
1775
1779
1782
1784
1789
1790
1794
1796
1802
1804
1805
1807
1809
1812
1813
1814
1817
1820
1823
1826
1832
1834
1835
1836
1839
1841
1842
1845
1847
1848
1849
1852
1853
1854
1857
1859
1861
1862
1864
1869
1871
1872
1876
1877
1880
1881
1882
1883
1884
1886
1893
1895
1898
1900
1902
1903
1904
1905
1907
1908
1910
1911
1912
1914
1915
1919
1921
1923
1924
1925
1926
1927
1936
1938
1941
1942
1943
1945
1946
1949
1951
1953
1955
1956
1960
1962
1963
1964
1966
1967
1970
1972
1978
1980
1984
1985
1986
1988
1989
1990
1992
1996
1998
2000
2002
2003
2007
2008
2011
2012
2013
2014
2015
2018
2021
2022
2024
2028
2033
2036
2038
2040
2043
2045
2047
2049
2050
2052
2056
2057
2059
2061
2065
2066
2070
2071
2072
2073
2078
2079
2086
2089
2092
2094
2098
2099
2103
2105
2107
2109
2111
2112
2114
2117
2119
2120
2136
2138
2141
2143
2144
2146
2147
2150
2153
2154
2156
2158
2160
2162
2165
2167
2168
2170
2172
2174
2176
2177
2182
2185
2188
2194
2196
2199
2204
2205
2208
2213
2215
2216
2217
2223
2225
2231
2233
2236
2244
2249
2250
2254
2259
2261
2263
2265
2270
2273
2274
2279
2280
2281
2282
2286
2290
2292
2293
2294
2295
2296
2299
2300
2303
2304
2306
2307
2313
2318
2321
2325
2326
2330
2332
2334
2335
2340
2342
2343
2344
2347
2353
2354
2356
2360
2364
2365
2370
2374
2379
2380
2400
2408
2441
2462
2478
2479
2492
2511
2512
2513
2515
2518
2530
2533
2535
2542
2544
2546
2547
2549
2560
2563
2572
2573
2576
2578
2590
2595
2624
2642
2643
2645
2646
2650
2654
2655
2673
2677
2688
2693
2723
2728
2729
2730
2737
2765
2777
2780
2783
2784
2786
2787
2788
2790
2791
2794
2795
2801
2804
2814
2815
2820
2821
2823
2828
2832
2836
2837
2866
2871
2874
2898
2906
2907
2908
2912
2920
2921
2922
2926
2928
2935
2936
2941
2943
2947
2950
2957
2958
2978
2979
2984
2993
3010
3019
3025
3028
3032
3035
3041
3051
3054
3074
3077
3081
3084
3086
3087
3091
3092
3095
3099
3100
3103
3104
3107
3108
3109
3110
3112
3115
3117
3118
3131
3153
3174
3191
3202
3216
3220
3223
3238
3247
3270
3272
3273
3278
3282
3284
3298
3318
3327
3346
3347
3355
3357
3358
3387
3390
3391
3395
3397
3398
3403
3407
3410
3412
3413
3416
3419
3423
3438
3440
3467
3472
3476
3478
3479
3480
3484
3487
3491
3492
3494
3496
3497
3507
3519
3520
3568
3580
3583
3587
3595
3609
3616
3623
3659
3668
3671
3675
3677
3680
3683
3686
3687
3689
3692
3694
3695
3699
3704
3706
3708
3709
3710
3713
3718
3719
3741
3742
3747
3759
3790
3797
3798
3804
3805
3814
3817
3821
3825
3826
3828
3833
3835
3838
3841
3843
3845
3846
3849
3851
3854
3858
3863
3865
3868
3870
3872
3874
3877
3882
3883
3885
3886
3887
3888
3891
3894
3895
3898
3900
3902
3905
3908
3911
3913
3914
3917
3920
3922
3923
3924
3929
3931
3937
3939
3940
3942
3946
3947
3948
3952
3955
3956
3957
3959
3960
3961
3964
3971
3973
3974
3978
3979
3981
3982
3984
3988
3989
3991
3993
3994
4002
4008
4012
4015
4020
4022
4027
4038
4046
4050
4051
4060
4065
4074
4083
4118
4135
4147
4151
4152
4154
4173
4175
4192
4215
4242
4267
4270
4271
4273
4274
4275
4276
4278
4282
4284
4288
4294
4297
4299
4301
4304
4308
4310
4314
4321
4324
4325
4328
4330
4332
4333
4337
4338
4339
4340
4344
4345
4347
4348
4351
4352
4353
4356
4360
4361
4364
4365
4374
4375
4377
4379
4381
4382
4386
4391
4395
4397
4398
4400
4401
4403
4404
4407
4408
4410
4412
4416
4418
4420
4422
4423
4428
4429
4433
4434
4435
4436
4437
4438
4439
4446
4450
4454
4455
4456
4460
4461
4462
4467
4468
4472
4474
4475
4476
4478
4480
4485
4486
4488
4491
4492
4495
4499
4502
4503
4505
4509
4510
4512
4514
4516
4517
4518
4521
4524
4525
4526
4528
4529
4531
4537
4539
4540
4544
4546
4550
4553
4554
4557
4560
4561
4563
4564
4566
4567
4581
4605
4634
4658
4671
4698
4700
4702
4706
4708
4709
4710
4712
4713
4716
4717
4720
4721
4723
4725
4729
4730
4732
4738
4741
4744
4746
4748
4753
4754
4757
4758
4761
4769
4771
4774
4775
4778
4782
4783
4793
4794
4797
4810
4848
4855
4868
4893
4909
4916
4921
4930
4948
4954
4957
4962
4968
4970
4973
4974
4976
4979
4982
4984
4988
4990
4995
4999
5007
5010
5014
5025
5048
5059
5075
5086
5089
5090
5091
5104
5105
5108
5111
5113
5116
5131
5132
5133
5138
5140
5142
5144
5145
5146
5150
5152
5175
5181
5184
5203
5214
5216
5223
5224
5225
5227
5229
5231
5235
5236
5241
5243
5245
5246
5247
5248
5252
5254
5258
5265
5303
5329
5342
5362
5365
5366
5397
5432
5448
5466
5477
5483
5505
5506
5518
5526
5543
5545
5547
5551
5553
5558
5560
5562
5567
5572
5577
5581
5583
5587
5590
5592
5594
5595
5597
5601
5604
5605
5608
5610
5611
5613
5615
5616
5619
5620
5622
5623
5625
5627
5629
5631
5633
5635
5636
5638
5639
5640
5644
5646
5648
5651
5657
5663
5664
5665
5666
5668
5669
5670
5671
5676
5681
5686
5687
5689
5694
5697
5700
5708
5726
5727
5728
5734
5737
5738
5741
5742
5747
5756
5761
5764
5768
5769
5771
5773
5775
5777
5784
5785
5788
5789
5791
5792
5796
5800
5801
5804
5805
5810
5819
5821
5823
5824
5825
5827
5845
5853
5861
5886
5891
5899
5902
5909
5911
5914
5915
5917
5922
5923
5925
5927
5930
5931
5934
5937
5940
5941
5943
5951
5954
5956
5959
5967
5970
5971
5976
5978
5979
5981
5982
5991
6012
6032
6036
6042
6044
6053
6058
6061
6085
6086
6092
6098
6099
6100
6102
6104
6107
6110
6111
6112
6115
6120
6121
6132
6135
6150
6156
6157
6158
6161
6162
6165
6168
6170
6171
6177
6178
6181
6183
6186
6189
6191
6196
6198
6201
6203
6204
6205
6207
6209
6211
6212
6216
6218
6219
6225
6232
6264
6292
6295
6309
6313
6318
6319
6321
6323
6324
6327
6329
6330
6344
6356
6357
6422
6424
6452
6457
6465
6470
6489
6492
6499
6506
6538
6545
6547
6550
6555
6571
6572
6584
6585
6600
6601
6630
6631
6634
6635
6639
6640
6642
6645
6648
6649
6651
6661
6662
6663
6668
6671
6675
6676
6680
6682
6685
6687
6688
6690
6693
6694
6695
6697
6700
6701
6702
6705
6709
6711
6717
6726
6734
6742
6760
6766
6775
6791
6793
6796
6797
6802
6804
6806
6807
6808
6809
6811
6813
6815
6816
6817
6821
6831
6832
6841
6844
6846
6853
6854
6856
6861
6862
6863
6869
6870
6873
6875
6876
6877
6879
6884
6893
6895
6896
6901
6903
6908
6912
6924
6926
6934
6935
6936
6944
6946
6948
6949
6951
6952
6953
6955
6959
6968
6969
6975
6985
6990
6996
6997
6999
7003
7008
7012
7013
7015
7016
7018
7023
7024
7026
7029
7032
7034
7035
7039
7041
7042
7045
7050
7052
7053
7056
7058
7061
7062
7063
7065
7066
7069
7070
7072
7074
7077
7080
7086
7087
7090
7092
7094
7095
7097
7100
7101
7103
7109
7110
7114
7116
7118
7119
7120
7121
7122
7123
7130
7132
7134
7135
7140
7141
7143
7146
7148
7150
7157
7164
7167
7169
7172
7173
7178
7180
7181
7182
7187
7189
7191
7193
7202
7206
7207
7208
7210
7212
7213
7215
7218
7221
7222
7224
7226
7232
7234
7236
7237
7238
7239
7240
7242
7244
7245
7246
7250
7251
7253
7256
7260
7264
7267
7269
7271
7273
7277
7301
7308
7318
7325
7335
7377
7380
7382
7385
7386
7387
7390
7391
7405
7406
7433
7452
7472
7488
7499
7524
7526
7528
7530
7532
7533
7536
7538
7583
7584
7590
7591
7592
7593
7594
7595
7634
7643
7662
7677
7681
7708
7795
7830
7849
7868
7871
7876
7879
7880
7883
7884
7885
7888
7894
7896
7899
7901
7902
7903
7904
7906
7909
7917
7921
7926
7927
7930
7931
7932
7933
7935
7937
7939
7942
7943
7945
7946
7950
7953
7954
7955
7958
7962
7963
7964
7968
7970
7974
7976
7977
7979
7981
7982
7985
7986
7987
7988
7990
7992
7996
7999
8000
8001
8003
8004
8007
8008
8009
8011
8013
8017
8020
8021
8022
8026
8027
8030
8033
8037
8039
8041
8059
8060
8092
8095
8109
8117
8157
8158
8165
8170
8171
8174
8175
8176
8178
8180
8182
8184
8185
8188
8190
8192
8193
8195
8197
8198
8202
8207
8210
8212
8214
8219
8221
8223
8225
8230
8235
8240
8242
8245
8250
8252
8253
8257
8258
8262
8264
8267
8268
8271
8273
8274
8276
8277
8282
8286
8289
8291
8292
8293
8297
8298
8316
8338
8342
8344
8354
8356
8358
8410
8423
8434
8446
8470
8486
8492
8499
8512
8517
8523
8526
8530
8533
8537
8540
8541
8546
8548
8552
8557
8560
8562
8564
8565
8569
8572
8573
8577
8582
8583
8604
8609
8619
8628
8629
8632
8650
8655
8664
8677
8685
8690
8698
8699
8701
8706
8710
8712
8718
8719
8722
8723
8724
8726
8727
8730
8731
8734
8736
8738
8739
8740
8744
8749
8750
8756
8757
8759
8762
8764
8765
8766
8769
8773
8789
8796
8798
8799
8804
8805
8807
8810
8811
8812
8817
8847
8862
8876
8913
8917
8918
8919
8928
8937
8946
8959
8963
8965
8967
8973
8975
8977
8984
8985
8988
8989
8991
8992
8997
8999
9001
9004
9005
9007
9009
9011
9012
9013
9014
9016
9028
9033
9034
9036
9046
9096
9102
9109
9113
9116
9134
9152
9170
9172
9238
9249
9257
9272
9284
9290
9295
9300
9302
9305
9306
9309
9312
9313
9315
9318
9321
9324
9326
9334
9335
9337
9342
9343
9350
9355
9356
9357
9359
9364
9367
9368
9373
9374
9376
9379
9381
9383
9394
9396
9397
9402
9403
9404
9408
9412
9413
9422
9426
9432
9439
9451
9453
9461
9473
9476
9479
9482
9483
9488
9490
9493
9499
9503
9505
9506
9507
9512
9513
9516
9518
9519
9523
9525
9529
9530
9534
9536
9538
9539
9545
9559
9561
9565
9566
9568
9571
9576
9597
9600
9615
9635
9678
9683
9692
9694
9695
9734
9735
9738
9741
9743
9744
9750
9775
9794
9799
9804
9807
9822
9848
9870
9871
9890
9893
9900
9914
9917
9918
9921
9924
9927
9929
9931
9936
9939
9942
9943
9944
9948
9951
9955
9957
9966
9971
9973
9975
9981
9982
9983
9993
10000
10027
10029
10033
10036
10040
10042
10045
10049
10051
10056
10059
10061
10064
10065
10074
10075
10079
10081
10086
10090
10098
10099
10101
10107
10108
10109
10116
10122
10124
10126
10129
10131
10133
10139
10141
10143
10174
10197
10247
10248
10252
10266
10276
10280
10281
10302
10328
10331
10342
10349
10351
10358
10365
10395
10404
10427
10447
10468
10505
10513
10518
10538
10550
10552
10571
10572
10586
10591
10607
10623
10673
10682
10686
10688
10696
10704
10706
10723
10724
10732
10752
10792
10822
10830
10836
10861
10869
10871
10872
10873
10881
10886
10900
10944
10961
10966
10969
11001
11002
11014
11024
11044
11060
11068
11114
11160
11163
11167
11178
11179
11189
11228
11240
11260
11280
11284
11317
11330
11356
11359
11360
11365
11366
11368
11370
11373
11374
11376
11378
11407
11424
11439
11463
11485
11516
11528
11531
11539
11541
11557
11565
11587
11589
11593
11608
11621
11627
11653
11660
11667
11668
11669
11691
11699
11713
11716
11739
11742
11743
11760
11763
11765
11767
11768
11769
11770
11772
11773
11775
11776
11778
11781
11784
11786
11788
11796
11797
11798
11800
11803
11805
11807
11808
11810
11813
11816
11817
11818
11820
11824
11828
11830
11831
11833
11847
11848
11850
11852
11858
11871
11880
11885
11893
11895
11898
11906
11910
11912
11913
11915
11918
11922
11923
11927
11930
11952
11953
11957
11964
11965
11967
11969
11975
11986
11992
11998
12020
12030
12047
12060
12066
12069
12085
12088
12093
12094
12097
12098
12100
12115
12125
12126
12179
12181
12205
12208
12220
12225
12250
12253
12255
12257
12262
12266
12268
12269
12270
12273
12274
12277
12281
12282
12283
12284
12299
12306
12324
12342
12346
12389
12420
12427
12428
12446
12485
12503
12509
12513
12564
12573
12574
12579
12596
12629
12634
12638
12640
12645
12673
12679
12693
12706
12725
12735
12736
12737
12745
12746
12747
12751
12757
12758
12759
12763
12784
12789
12808
12816
12820
12846
12852
12853
12868
12902
12908
12910
12915
12970
12982
12986
13006
13035
13044
13065
13070
13075
13076
13077
13078
13079
13085
13089
13091
13094
13095
13098
13100
13101
13102
13104
13105
13106
13108
13109
13112
13114
13128
13138
13152
13172
13186
13188
13265
13274
13275
13278
13283
13310
13312
13319
13321
13349
13368
13377
13381
13388
13389
13393
13415
13417
13419
13420
13424
13426
13431
13432
13437
13439
13445
13449
13450
13453
13454
13458
13461
13462
13463
13464
13466
13470
13472
13474
13478
13481
13482
13483
13487
13490
13505
13511
13513
13516
13519
13520
13524
13525
13527
13528
13532
13533
13534
13538
13543
13545
13547
13550
13561
13565
13567
13568
13570
13602
13622
13639
13642
13644
13656
13692
13759
13763
13769
13773
13788
13893
13894
13907
13933
13950
13958
13961
13965
13978
13996
14001
14010
14018
14027
14031
14035
14044
14052
14055
14059
14061
14069
14075
14093
14101
14103
14122
14143
14182
14186
14191
14194
14196
14198
14202
14208
14218
14221
14222
14225
14229
14231
14248
14260
14263
14264
14307
14319
14322
14325
14347
14367
14425
14469
14477
14482
14498
14507
14532
14548
14555
14570
14573
14576
14577
14578
14580
14584
14588
14590
14591
14595
14596
14599
14603
14604
14608
14609
14611
14612
14623
14624
14631
14641
14650
14658
14686
14712
14716
14726
14749
14774
14794
14798
14808
14827
14828
14832
14853
14854
14855
14868
14871
14877
14891
14906
14910
14922
14926
14938
14939
14948
14960
14966
14972
14974
14976
14977
14980
14981
14982
14985
14986
14990
14996
14999
15000
15022
15085
15110
15125
15151
15183
15188
15193
15204
15209
15276
15277
15278
15281
15282
15283
15284
15290
15294
15296
15341
15344
15359
15362
15368
15369
15371
15403
15438
15443
15463
15478
15495
15507
15513
15515
15543
15553
15572
15574
15576
15578
15580
15582
15583
15593
15597
15599
15603
15614
15616
15617
15620
15621
15624
15643
15654
15658
15690
15732
15733
15789
15791
15832
15834
15845
15856
15858
15860
15862
15864
15866
15869
15870
15871
15872
15875
15877
15879
15881
15882
15895
15896
15900
15915
15943
15962
15979
15983
16018
16039
16042
16050
16060
16098
16104
16138
16145
16159
16210
16226
16229
16245
16259
16276
16334
16369
16372
16386
16404
16414
16422
16424
16426
16430
16433
16436
16440
16441
16446
16448
16449
16454
16456
16461
16463
16473
16476
16478
16482
16484
16485
16492
16496
16497
16498
16499
16517
16524
16554
16555
16639
16640
16646
16657
16698
16702
16768
16788
16810
16811
16814
16816
16817
16820
16822
16823
16825
16826
16836
16843
16887
16905
16906
16914
16916
16925
16944
16957
16961
16971
16985
16988
17024
17031
17037
17078
17089
17091
17107
17124
17132
17148
17192
17210
17248
17304
17349
17362
17390
17410
17425
17440
17441
17443
17449
17454
17455
17494
17501
17542
17562
17563
17579
17662
17682
17683
17684
17699
17700
17708
17710
17714
17737
17809
17811
17836
17840
17857
17872
17912
17919
17967
17972
17996
18007
18017
18019
18035
18050
18073
18090
18100
18155
18162
18164
18166
18169
18171
18174
18175
18176
18179
18181
18183
18186
18199
18200
18206
18211
18229
18247
18253
18273
18308
18314
18334
18338
18339
18352
18353
18356
18358
18360
18361
18363
18403
18435
18470
18479
18496
18510
18596
18615
18621
18624
18677
18679
18686
18687
18702
18715
18725
18729
18731
18733
18735
18738
18745
18749
18751
18761
18762
18764
18766
18769
18771
18796
18818
18865
18886
18893
18902
18909
18943
18948
19001
19036
19046
19049
19090
19117
19127
19136
19152
19186
19194
19218
19239
19253
19254
19257
19273
19276
19279
19296
19331
19349
19352
19361
19364
19368
19369
19371
19372
19375
19381
19382
19411
19425
19428
19430
19431
19432
19437
19441
19449
19471
19478
19479
19532
19555
19563
19570
19578
19583
19597
19612
19648
19718
19748
19762
19766
19783
19784
19785
19786
19792
19795
19798
19801
19804
19805
19807
19808
19810
19811
19814
19817
19820
19821
19822
19826
19827
19829
19834
19837
19841
19844
19845
19848
19849
19851
19852
19855
19862
19863
19865
19873
19880
19882
19883
19884
19885
19886
19892
19894
19896
19897
19899
19900
19902
19904
19906
19909
19910
19912
19914
19919
19923
19925
19928
19933
19938
19939
19940
19942
19952
19965
19994
19997
20013
20029
20033
20034
20036
20040
20041
20043
20049
20051
20056
20058
20095
20112
20118
20122
20141
20154
20160
20167
20174
20176
20182
20187
20191
20229
20241
20253
20255
20273
20275
20332
20361
20392
20394
20395
20397
20398
20399
20429
20507
20518
20545
20557
20603
20605
20607
20608
20611
20613
20618
20633
20682
20683
20722
20732
20757
20759
20789
20903
20905
20906
20983
20993
21028
21031
21037
21049
21054
21068
21073
21091
21104
21122
21141
21183
21199
21250
21280
21292
21328
21341
21355
21363
21377
21442
21458
21461
21500
21535
21579
21644
21697
21717
21826
21830
21842
21875
21930
21991
22066
22083
22095
22125
22133
22135
22140
22162
22218
22235
22246
22249
22269
22278
22285
22296
22321
22339
22350
22360
22394
22397
22421
22473
22487
22525
22567
22601
22661
22674
22694
22782
22844
22875
22898
22904
22924
22947
23062
23068
23072
23085
23118
23121
23158
23160
23163
23165
23167
23169
23175
23177
23181
23186
23192
23202
23230
23234
23235
23240
23241
23246
23254
23255
23256
23258
23260
23261
23266
23272
23274
23292
23381
23456
23468
23520
23537
23569
23570
23579
23614
23616
23631
23638
23644
23678
23702
23723
23742
23746
23833
23851
23889
23902
23906
23926
23939
23942
23943
23955
23969
24040
24054
24065
24137
24143
24151
24221
24225
24244
24252
24278
24302
24324
24362
24378
24379
24380
24383
24390
24391
24394
24398
24403
24405
24407
24408
24409
24411
24420
24421
24422
24433
24467
24481
24532
24535
24589
24615
24627
24671
24708
24725
24799
24804
24806
24829
24840
24853
24873
24876
24901
24908
24933
24941
24970
24973
24982
24984
24985
24987
24989
24991
24995
24996
25003
25005
25009
25011
25013
25014
25017
25019
25020
25023
25065
25122
25161
25191
25195
25201
25262
25286
25288
25315
25363
25378
25384
25426
25429
25431
25434
25438
25440
25442
25443
25444
25637
25644
25645
25649
25652
25655
25656
25658
25659
25662
25663
25665
25667
25670
25672
25673
25678
25679
25683
25684
25686
25687
25690
25691
25696
25700
25702
25704
25707
25711
25713
25714
25720
25721
25723
25727
25729
25730
25732
25734
25737
25740
25757
25814
25888
25908
25944
25984
26073
26076
26112
26142
26158
26182
26261
26265
26266
26267
26270
26272
26274
26276
26281
26286
26333
26334
26401
26424
26483
26558
26612
26687
26704
26716
26779
26826
26829
26846
26907
26956
26984
27018
27087
27110
27117
27138
27149
27212
27214
27263
27304
27308
27338
27341
27385
27406
27466
27484
27604
27610
27657
27738
27745
27816
27838
27855
27872
28047
28067
28100
28185
28198
28255
28258
28279
28292
28301
28304
28322
28333
28334
28339
28343
28344
28347
28350
28352
28358
28359
28363
28403
28475
28486
28498
28628
28691
28693
28733
28775
28780
28860
28873
28901
28944
28960
28987
29003
29065
29102
29184
29217
29226
29318
29359
29387
29400
29450
29485
29499
29535
29593
29622
29694
29755
29773
29798
29803
29814
29816
29925
29970
30096
30101
30109
30160
30244
30254
30388
30389
30397
30404
30449
30482
30520
30537
30547
30634
30700
30725
30729
30762
30773
30777
30779
30780
30784
30788
30815
30819
30839
30848
30859
30909
30988
31043
31046
31099
31124
31164
31213
31217
31220
31221
31222
31283
31658
31730
31788
31876
31883
32061
32113
32149
32166
32179
32187
32202
32207
32209
32274
32295
32308
32344
32401
32466
32578
32656
32712
32734
32763
32796
32829
32852
32868
32870
32872
32873
32874
32876
32878
32880
32987
33009
33012
33079
33090
33207
33245
33280
