0
74
77
88
96
130
152
154
158
180
181
222
225
239
241
249
253
258
263
269
283
285
291
299
303
306
324
330
342
344
345
353
371
375
377
379
427
431
448
464
465
468
488
500
537
542
549
559
567
591
603
606
608
628
629
646
649
662
663
677
680
684
687
693
702
711
721
724
750
761
777
783
796
801
805
808
815
818
826
834
851
857
868
874
883
894
911
920
925
953
972
978
995
997
1005
1010
1023
1035
1053
1071
1074
1077
1079
1084
1085
1091
1095
1097
1101
1112
1126
1133
1137
1144
1172
1178
1189
1190
1228
1258
1267
1271
1276
1291
1305
1317
1324
1343
1347
1355
1375
1384
1398
1403
1417
1433
1439
1447
1454
1478
1480
1498
1502
1511
1527
1542
1546
1548
1567
1574
1596
1601
1659
1691
1721
1730
1732
1735
1737
1757
1777
1784
1800
1804
1807
1810
1822
1825
1837
1862
1873
1887
1901
1904
1908
1909
1915
1938
1944
1950
1960
1973
2008
2011
2013
2045
2046
2050
2064
2075
2077
2081
2091
2099
2111
2118
2121
2131
2134
2147
2160
2164
2190
2192
2212
2221
2238
2260
2272
2296
2303
2328
2340
2344
2348
2362
2365
2368
2428
2435
2436
2437
2438
2448
2454
2494
2526
2530
2549
2558
2569
2572
2583
2595
2654
2656
2675
2680
2695
2698
2712
2721
2727
2731
2739
2742
2755
2757
2769
2778
2786
2797
2802
2819
2824
2825
2868
2894
2911
2915
2921
2933
2958
2966
2977
2987
2996
3003
3017
3036
3063
3082
3140
3157
3177
3182
3183
3190
3196
3202
3213
3223
3270
3284
3305
3309
3336
3372
3376
3396
3422
3442
3461
3526
3580
3636
3639
3711
3725
3774
3789
3838
3844
3856
3862
3877
3885
3890
3900
3929
3950
3983
3991
4007
4020
4025
4057
4064
