0 16
0 0
0 1
2 0
0 3
1 0
1 16
2 3
2 16
1 1
1 3
0 29
0 22
2 22
3 16
2 1
0 21
0 19
1 22
0 25
1 19
0 26
2 29
1 29
3 3
3 29
3 1
2 17
1 26
0 24
0 10
1 21
0 17
2 10
2 26
0 4
2 19
2 4
3 19
2 12
1 4
1 10
1 24
2 20
3 4
3 22
3 12
0 12
0 7
0 14
0 28
2 14
1 12
3 14
2 6
2 5
1 14
0 5
2 21
2 28
2 24
3 28
0 18
3 21
2 2
2 18
3 26
1 7
1 28
1 5
3 24
3 5
0 9
2 11
3 0
2 7
3 10
2 25
1 17
1 18
2 9
2 8
0 11
2 27
1 9
0 2
0 27
0 15
3 9
3 7
1 25
1 2
2 23
3 18
0 20
0 6
0 23
2 15
1 11
0 13
3 23
1 27
3 27
1 20
1 6
0 8
1 15
3 17
1 8
1 13
3 8
1 23
3 15
3 2
3 25
3 11
3 20
3 6
2 13
3 13

Score: 130.42449999999968