0 48
0 17
0 41
2 3
0 12
1 41
1 17
2 41
1 48
0 36
2 48
2 17
0 3
2 10
0 27
0 37
1 12
1 37
1 36
0 21
0 10
1 27
0 6
2 36
0 13
0 30
0 20
1 21
1 3
0 25
1 6
2 37
0 5
1 13
1 25
0 14
1 20
0 8
2 21
0 39
2 20
0 18
1 18
1 30
1 10
2 13
2 25
1 8
2 12
1 39
2 39
0 28
0 2
2 32
1 28
1 14
2 28
0 32
2 27
2 14
2 43
0 44
1 5
2 40
2 5
0 43
1 32
0 22
0 0
0 11
1 44
2 44
2 22
0 40
0 16
1 2
2 6
2 2
1 11
0 24
0 49
1 16
0 47
1 0
0 46
2 26
2 8
0 34
2 30
0 35
0 29
1 24
2 11
1 34
1 35
0 23
1 47
1 43
2 0
0 33
1 46
1 22
0 31
1 31
0 9
0 4
1 29
2 29
1 49
0 42
0 1
0 26
1 23
2 49
0 7
2 46
2 16
0 19
1 4
0 38
2 31
1 1
2 34
1 33
0 45
2 35
1 9
2 9
2 47
1 26
1 40
0 15
1 45
1 38
1 42
2 1
1 19
2 18
1 7
2 33
1 15
2 24
2 15
2 19
2 42
2 4
2 23
2 38
2 7
2 45

Score: 128.01999999999305