0
3
8
9
11
27
28
29
31
34
35
50
55
57
58
60
61
65
67
68
69
70
74
79
80
82
83
86
87
89
91
93
95
98
104
107
110
112
117
118
122
123
127
136
138
143
144
146
147
153
155
158
160
161
162
181
182
184
185
187
190
191
192
194
196
198
200
205
208
210
212
213
216
222
225
226
227
228
230
231
236
240
241
245
248
250
253
254
257
258
262
266
270
275
276
278
286
288
292
295
296
298
300
303
308
310
313
314
316
317
319
320
321
323
325
326
329
331
332
333
337
338
341
344
348
349
351
352
357
360
361
365
367
368
370
374
377
381
385
387
389
394
400
401
403
404
407
408
412
415
417
419
420
425
427
430
433
435
438
439
446
448
449
451
453
455
457
458
461
465
468
469
471
474
476
479
481
484
486
487
488
490
497
499
500
502
503
504
507
508
509
511
513
515
516
520
521
522
525
526
527
529
530
532
534
535
538
540
542
546
549
550
553
556
558
559
560
563
564
566
568
572
573
574
576
577
578
581
583
584
585
587
590
592
595
597
601
603
606
608
611
616
617
618
623
628
631
647
648
649
652
656
668
669
672
674
676
677
679
682
687
689
690
694
696
700
701
704
706
708
709
710
712
713
715
716
721
722
723
724
725
728
731
738
741
746
750
752
753
754
755
757
758
759
763
765
768
770
773
778
780
781
783
788
789
790
797
798
818
839
841
852
866
869
872
877
879
880
883
888
891
895
897
898
900
906
908
933
958
960
964
969
970
972
1000
1001
1007
1008
1013
1021
1026
1027
1030
1033
1034
1038
1058
1065
1066
1072
1078
1085
1086
1094
1101
1116
1174
1184
1217
1223
1225
1226
1228
1230
1232
1233
1235
1237
1251
1270
1273
1275
1278
1282
1283
1284
1287
1289
1292
1294
1308
1312
1313
1314
1315
1316
1319
1322
1323
1326
1328
1331
1332
1335
1338
1339
1343
1344
1345
1351
1354
1356
1357
1359
1360
1364
1365
1368
1370
1373
1376
1378
1380
1383
1384
1385
1387
1395
1397
1398
1400
1403
1404
1407
1410
1413
1415
1416
1418
1420
1423
1429
1430
1431
1433
1436
1437
1440
1441
1442
1447
1448
1450
1453
1455
1456
1459
1461
1463
1466
1468
1471
1472
1474
1475
1477
1482
1483
1486
1487
1488
1489
1492
1494
1496
1499
1503
1505
1507
1510
1515
1517
1524
1527
1531
1545
1546
1548
1549
1550
1551
1552
1554
1555
1559
1561
1564
1568
1571
1574
1579
1580
1581
1583
1585
1588
1589
1590
1592
1594
1595
1596
1598
1602
1605
1608
1611
1612
1614
1618
1620
1622
1623
1625
1627
1629
1630
1631
1634
1635
1637
1639
1644
1645
1646
1651
1652
1654
1655
1656
1660
1662
1663
1664
1668
1671
1672
1674
1677
1678
1680
1681
1683
1685
1686
1687
1691
1693
1694
1697
1699
1700
1703
1705
1708
1711
1712
1716
1717
1723
1724
1725
1727
1729
1730
1732
1734
1736
1737
1740
1742
1745
1748
1749
1755
1758
1760
1761
1763
1767
1772
1774
1775
1776
1778
1779
1780
1783
1785
1788
1789
1790
1791
1792
1794
1795
1797
1799
1800
1803
1804
1805
1806
1808
1810
1812
1814
1815
1816
1817
1819
1821
1824
1829
1830
1832
1833
1836
1838
1841
1842
1845
1847
1852
1855
1857
1858
1860
1862
1863
1865
1867
1869
1871
1873
1876
1879
1880
1883
1884
1886
1887
1888
1890
1891
1894
1896
1898
1899
1900
1902
1907
1909
1910
1912
1913
1916
1923
1924
1928
1930
1934
1938
1942
1946
1948
1951
1952
1954
1956
1959
1960
1962
1963
1964
1965
1967
1968
1971
1972
1973
1975
1976
1980
1984
1986
1987
1990
1991
1992
1993
2004
2022
2026
2027
2028
2029
2030
2032
2035
2036
2038
2040
2046
2050
2052
2053
2061
2062
2063
2066
2068
2069
2070
2074
2077
2079
2081
2083
2086
2087
2091
2093
2095
2098
2099
2101
2103
2104
2107
2110
2111
2112
2113
2115
2118
2121
2122
2123
2125
2130
2137
2138
2140
2143
2144
2147
2148
2149
2151
2152
2157
2158
2159
2161
2163
2167
2169
2170
2171
2173
2175
2177
2180
2181
2182
2183
2185
2186
2188
2192
2194
2195
2199
2202
2204
2206
2208
2209
2210
2212
2213
2214
2215
2216
2217
2218
2221
2224
2227
2232
2233
2235
2236
2237
2239
2241
2242
2243
2247
2249
2252
2255
2257
2258
2260
2262
2268
2269
2270
2272
2274
2276
2279
2284
2285
2287
2290
2291
2293
2295
2296
2297
2301
2302
2304
2306
2309
2310
2312
2314
2318
2320
2324
2325
2328
2330
2332
2334
2335
2337
2338
2339
2340
2341
2343
2345
2346
2349
2350
2351
2352
2356
2358
2359
2365
2366
2367
2368
2369
2373
2375
2378
2381
2382
2383
2386
2387
2391
2392
2394
2395
2396
2399
2401
2403
2406
2407
2408
2409
2411
2412
2415
2417
2418
2419
2421
2422
2424
2425
2426
2429
2432
2433
2437
2439
2440
2442
2444
2449
2450
2451
2452
2453
2454
2455
2459
2461
2464
2465
2472
2473
2476
2525
2537
2539
2541
2542
2544
2548
2551
2553
2558
2561
2562
2564
2565
2569
2572
2574
2576
2582
2585
2588
2593
2597
2598
2603
2605
2606
2611
2612
2619
2624
2625
2626
2632
2633
2640
2646
2650
2653
2655
2667
2668
2672
2674
2676
2678
2679
2681
2682
2684
2685
2687
2689
2691
2693
2709
2710
2711
2721
2726
2730
2733
2734
2736
2739
2743
2744
2746
2750
2751
2752
2755
2756
2757
2758
2759
2760
2761
2762
2763
2764
2770
2774
2783
2785
2790
2792
2793
2794
2796
2798
2801
2802
2805
2809
2810
2812
2813
2815
2819
2821
2823
2829
2830
2831
2833
2834
2837
2839
2840
2843
2844
2846
2847
2849
2850
2854
2858
2860
2864
2865
2866
2868
2870
2873
2879
2880
2882
2883
2884
2887
2890
2894
2896
2899
2901
2904
2908
2909
2910
2911
2914
2915
2924
2937
2951
2952
2954
2955
2957
2963
2977
2978
2981
2982
2986
2987
2988
2990
2997
2999
3001
3006
3007
3008
3009
3010
3012
3013
3014
3015
3021
3026
3030
3032
3033
3036
3037
3039
3040
3042
3043
3044
3048
3051
3052
3054
3058
3063
3066
3067
3071
3074
3078
3079
3080
3082
3085
3086
3091
3098
3100
3102
3103
3106
3110
3112
3121
3122
3124
3126
3134
3138
3140
3144
3147
3149
3150
3161
3170
3171
3173
3176
3179
3182
3184
3187
3188
3190
3196
3197
3199
3201
3204
3205
3207
3209
3211
3214
3217
3218
3220
3221
3224
3225
3227
3228
3229
3230
3232
3233
3236
3239
3242
3247
3248
3249
3250
3252
3253
3256
3258
3262
3263
3264
3268
3271
3272
3274
3277
3278
3279
3280
3282
3283
3285
3289
3291
3294
3298
3299
3306
3307
3308
3309
3310
3311
3312
3314
3315
3317
3318
3320
3322
3325
3327
3328
3339
3345
3349
3350
3352
3354
3356
3358
3360
3362
3370
3372
3374
3376
3377
3378
3380
3381
3383
3386
3389
3390
3393
3394
3396
3401
3402
3460
3461
3465
3469
3473
3475
3480
3481
3483
3486
3488
3490
3493
3496
3499
3500
3503
3504
3507
3509
3512
3516
3517
3519
3521
3523
3528
3530
3532
3534
3535
3537
3538
3542
3543
3545
3547
3549
3550
3553
3556
3557
3558
3561
3563
3564
3565
3570
3571
3574
3576
3581
3584
3587
3588
3589
3590
3592
3594
3595
3597
3598
3599
3605
3606
3607
3612
3614
3616
3617
3620
3623
3625
3626
3629
3632
3634
3636
3637
3639
3641
3644
3646
3649
3653
3657
3658
3660
3662
3663
3664
3665
3670
3672
3674
3675
3677
3678
3681
3683
3687
3693
3696
3699
3701
3702
3708
3709
3713
3717
3718
3721
3723
3725
3728
3730
3734
3738
3740
3742
3744
3746
3747
3750
3755
3757
3758
3761
3762
3765
3768
3771
3772
3773
3779
3782
3783
3784
3785
3788
3789
3791
3796
3798
3800
3802
3805
3807
3811
3812
3813
3815
3818
3819
3822
3825
3827
3829
3830
3832
3834
3836
3838
3839
3842
3844
3846
3849
3850
3851
3855
3857
3861
3863
3865
3866
3868
3870
3871
3873
3875
3877
3880
3882
3885
3888
3890
3891
3892
3894
3896
3898
3903
3906
3910
3912
3915
3916
3918
3920
3922
3923
3926
3930
3932
3933
3934
3936
3938
3939
3940
3941
3943
3946
3947
3951
3953
3954
3956
3957
3958
3960
3965
3968
3971
3972
3975
3978
3980
3981
3982
3987
3989
3991
3993
3996
3998
4000
4002
4004
4006
4009
4014
4015
4017
4019
4021
4022
4024
4028
4030
4031
4033
4036
4037
4039
4041
4043
4045
4047
4048
4050
4051
4052
4056
4058
4061
4062
4066
4070
4073
4074
4077
4079
4081
4082
4083
4084
4088
4089
4091
4093
4094
4096
4102
4103
4105
4107
4109
4110
4112
4113
4115
4118
4120
4121
4122
4123
4124
4126
4128
4129
4133
4139
4141
4144
4148
4150
4151
4160
4162
4165
4167
4169
4171
4172
4174
4175
4176
4178
4181
4182
4185
4190
4191
4193
4195
4200
4201
4202
4204
4206
4208
4209
4210
4211
4215
4217
4218
4220
4221
4222
4224
4230
4232
4234
4236
4241
4245
4254
4255
4257
4258
4259
4261
4264
4265
4266
4269
4270
4273
4277
4279
4283
4284
4286
4291
4295
4296
4298
4299
4300
4301
4302
4305
4307
4309
4311
4313
4315
4318
4319
4324
4325
4326
4327
4329
4331
4332
4337
4339
4342
4344
4346
4349
4350
4351
4352
4353
4355
4356
4357
4360
4361
4362
4365
4366
4370
4371
4374
4375
4376
4377
4378
4379
4380
4385
4387
4390
4395
4396
4398
4400
4402
4403
4405
4406
4408
4410
4413
4414
4415
4417
4420
4421
4422
4423
4425
4427
4433
4434
4435
4436
4439
4440
4443
4447
4449
4451
4452
4456
4460
4464
4465
4468
4469
4471
4473
4477
4479
4480
4482
4483
4484
4485
4487
4488
4490
4492
4495
4510
4513
4515
4521
4523
4526
4528
4531
4547
4549
4553
4562
4567
4568
4569
4571
4574
4578
4579
4581
4585
4589
4590
4592
4593
4595
4596
4600
4602
4603
4606
4607
4609
4610
4611
4612
4617
4624
4625
4626
4627
4628
4630
4631
4634
4640
4643
4644
4708
4716
4719
4755
4775
4777
4779
4781
4784
4785
4789
4791
4793
4795
4796
4798
4799
4803
4805
4807
4809
4812
4815
4817
4819
4823
4825
4829
4831
4832
4874
4880
4881
4882
4884
4885
4886
4889
4937
4942
4945
4946
4947
4949
4972
4973
4975
4976
4980
4984
4988
4989
4991
4992
4993
4996
4998
4999
5000
5001
5003
5007
5009
5012
5014
5015
5016
5023
5027
5029
5030
5035
5037
5038
5039
5041
5043
5044
5047
5048
5049
5050
5052
5053
5055
5059
5062
5078
5080
5096
5098
5101
5107
5108
5119
5125
5127
5131
5132
5137
5140
5143
5144
5147
5149
5150
5152
5155
5158
5159
5161
5163
5164
5165
5167
5168
5169
5171
5173
5175
5176
5187
5210
5217
5245
5247
5252
5256
5258
5261
5263
5264
5267
5269
5273
5274
5275
5276
5278
5282
5285
5286
5287
5291
5292
5295
5298
5299
5302
5304
5305
5307
5309
5311
5315
5316
5319
5321
5325
5327
5328
5329
5332
5336
5337
5339
5342
5347
5373
5386
5387
5388
5391
5399
5401
5402
5404
5407
5411
5412
5427
5431
5443
5445
5446
5447
5450
5451
5453
5454
5455
5456
5458
5459
5461
5462
5465
5466
5467
5469
5472
5475
5482
5485
5488
5489
5491
5492
5503
5504
5505
5507
5509
5510
5511
5512
5513
5515
5519
5520
5522
5523
5524
5527
5528
5531
5532
5535
5537
5538
5542
5543
5545
5547
5548
5550
5554
5558
5564
5565
5570
5575
5578
5596
5598
5600
5602
5603
5604
5605
5606
5607
5609
5610
5612
5614
5617
5621
5625
5626
5629
5632
5633
5636
5638
5640
5641
5642
5644
5645
5648
5650
5651
5652
5654
5655
5656
5659
5661
5664
5666
5667
5670
5671
5672
5675
5677
5678
5682
5684
5686
5690
5694
5696
5697
5698
5701
5705
5708
5711
5712
5713
5714
5716
5719
5722
5723
5724
5729
5732
5733
5735
5738
5743
5752
5753
5754
5759
5764
5768
5769
5772
5776
5778
5779
5781
5783
5786
5788
5789
5790
5792
5795
5796
5797
5798
5801
5803
5806
5809
5811
5813
5815
5816
5817
5820
5821
5825
5830
5834
5836
5839
5841
5843
5844
5846
5848
5851
5852
5853
5856
5859
5862
5864
5866
5867
5868
5870
5875
5876
5878
5880
5881
5882
5883
5884
5889
5891
5895
5897
5900
5901
5903
5904
5905
5906
5908
5910
5914
5918
5921
5922
5925
5928
5930
5932
5935
5938
5939
5944
5946
5949
5950
5953
5954
5956
5957
5958
5964
5967
5969
5970
5971
5972
5973
5980
5983
5985
5987
5990
5991
5992
5995
5998
5999
6002
6003
6004
6006
6007
6008
6010
6011
6012
6014
6021
6023
6026
6027
6028
6030
6032
6033
6035
6036
6037
6039
6042
6047
6048
6050
6051
6054
6056
6057
6058
6061
6062
6065
6066
6068
6069
6070
6074
6077
6078
6081
6084
6085
6087
6090
6093
6096
6097
6098
6101
6104
6105
6107
6108
6112
6113
6115
6116
6118
6120
6122
6123
6127
6128
6131
6133
6135
6139
6141
6146
6147
6149
6151
6152
6154
6156
6157
6163
6166
6167
6170
6174
6179
6183
6189
6192
6194
6195
6196
6197
6198
6201
6204
6205
6211
6212
6215
6217
6218
6225
6231
6232
6234
6235
6237
6238
6240
6242
6243
6247
6248
6249
6251
6252
6254
6256
6257
6258
6261
6264
6266
6268
6270
6273
6276
6278
6280
6281
6283
6285
6286
6289
6291
6294
6297
6299
6300
6302
6304
6305
6308
6323
6329
6334
6335
6337
6342
6343
6344
6347
6348
6351
6355
6357
6360
6361
6363
6367
6368
6370
6371
6376
6377
6380
6384
6388
6391
6394
6396
6397
6400
6401
6402
6405
6407
6409
6419
6420
6431
6460
6467
6470
6474
6477
6478
6479
6484
6488
6489
6492
6493
6495
6500
6505
6506
6507
6509
6513
6515
6518
6522
6524
6525
6526
6527
6529
6530
6533
6535
6536
6541
6543
6545
6546
6548
6550
6551
6553
6556
6558
6560
6564
6566
6567
6569
6572
6574
6577
6578
6579
6580
6582
6584
6585
6590
6591
6592
6594
6595
6597
6599
6603
6604
6608
6609
6612
6613
6614
6616
6618
6620
6623
6626
6633
6636
6639
6641
6642
6645
6646
6650
6652
6654
6655
6656
6658
6661
6662
6664
6667
6669
6670
6673
6675
6676
6678
6680
6683
6684
6685
6696
6697
6701
6719
6722
6724
6727
6731
6736
6739
6744
6748
6750
6753
6756
6757
6760
6761
6763
6765
6769
6770
6783
6785
6787
6797
6802
6812
6819
6840
6841
6842
6844
6845
6847
6852
6855
6858
6861
6862
6863
6865
6868
6871
6872
6874
6876
6877
6881
6883
6885
6887
6889
6892
6894
6898
6901
6902
6904
6906
6908
6910
6912
6915
6917
6924
6929
6930
6933
6934
6936
6942
6943
6949
6950
6952
6955
6960
6962
6964
6965
6968
6969
6974
6976
6977
6978
6980
6982
6983
6985
6986
6988
6990
6992
6993
6997
7000
7001
7008
7010
7011
7015
7017
7018
7020
7023
7024
7025
7032
7033
7035
7036
7038
7041
7042
7043
7044
7045
7048
7051
7055
7058
7060
7061
7063
7064
7066
7068
7071
7072
7073
7077
7078
7079
7080
7082
7083
7084
7086
7087
7088
7091
7093
7097
7099
7101
7102
7105
7108
7110
7112
7121
7122
7123
7125
7126
7131
7133
7137
7138
7140
7143
7144
7145
7146
7149
7151
7155
7156
7158
7161
7162
7163
7165
7167
7171
7172
7176
7178
7180
7182
7185
7186
7188
7190
7192
7194
7196
7198
7210
7212
7257
7269
7285
7306
7309
7310
7313
7316
7317
7322
7361
7387
7391
7398
7411
7412
7415
7417
7420
7421
7423
7426
7428
7430
7433
7434
7435
7436
7439
7440
7443
7447
7448
7450
7452
7455
7461
7463
7465
7467
7468
7470
7471
7474
7476
7478
7479
7481
7482
7487
7488
7515
7516
7526
7532
7536
7538
7542
7547
7550
7551
7555
7558
7559
7566
7574
7578
7586
7588
7591
7593
7595
7603
7620
7623
7625
7631
7637
7640
7642
7643
7645
7647
7651
7662
7665
7667
7668
7670
7671
7672
7675
7676
7679
7681
7683
7687
7690
7693
7695
7700
7705
7706
7707
7721
7757
7761
7763
7769
7772
7775
7778
7781
7784
7788
7790
7793
7796
7797
7799
7800
7801
7802
7803
7804
7806
7807
7810
7812
7815
7820
7824
7829
7832
7837
7840
7843
7847
7848
7850
7851
7854
7858
7863
7865
7867
7872
7873
7876
7877
7907
7908
7911
7916
7918
7922
7923
7926
7930
7933
7935
7936
7939
7941
7943
7948
7952
7956
7958
7963
7965
7966
7968
7970
7972
7973
7975
7976
7978
7979
7982
7983
7984
7986
7987
7989
7991
7992
7993
7995
7997
7998
8000
8002
8006
8008
8010
8012
8013
8015
8017
8021
8023
8024
8025
8052
8150
8153
8157
8158
8161
8164
8165
8168
8169
8170
8171
8172
8174
8175
8178
8182
8183
8184
8187
8188
8190
8192
8193
8198
8199
8215
8217
8219
8222
8225
8228
8229
8236
8239
8244
8245
8247
8249
8251
8254
8255
8257
8262
8264
8267
8269
8270
8271
8273
8275
8276
8279
8281
8283
8286
8287
8289
8290
8291
8292
8294
8295
8297
8298
8299
8303
8304
8305
8308
8309
8311
8316
8320
8324
8326
8329
8332
8333
8335
8336
8337
8340
8342
8345
8347
8351
8352
8354
8356
8359
8360
8361
8364
8373
8375
8376
8378
8379
8381
8382
8384
8389
8391
8392
8395
8397
8398
8399
8403
8404
8406
8408
8409
8411
8412
8413
8416
8419
8420
8424
8428
8431
8435
8436
8440
8442
8444
8446
8447
8449
8451
8459
8460
8462
8467
8471
8472
8475
8478
8479
8485
8487
8489
8492
8495
8496
8498
8500
8502
8503
8505
8507
8509
8511
8513
8514
8518
8520
8521
8523
8526
8527
8529
8530
8531
8533
8534
8542
8576
8586
8593
8632
8638
8652
8654
8655
8658
8661
8663
8664
8668
8670
8671
8676
8705
8707
8718
8720
8721
8723
8727
8728
8730
8733
8736
8738
8740
8741
8742
8744
8748
8750
8752
8755
8757
8759
8762
8765
8766
8767
8769
8771
8772
8777
8778
8780
8782
8783
8785
8786
8788
8789
8793
8795
8796
8797
8799
8803
8805
8806
8808
8809
8811
8814
8831
8864
8865
8866
8868
8874
8876
8879
8881
8884
8885
8887
8888
8894
8896
8903
8911
8914
8916
8921
8932
8937
8939
8940
8942
8943
8945
8947
8952
8957
8980
9020
9035
9041
9048
9049
9066
9067
9068
9069
9071
9073
9075
9076
9079
9080
9086
9097
9100
9103
9119
9121
9125
9127
9128
9131
9135
9140
9177
9187
9189
9192
9194
9195
9197
9198
9202
9206
9207
9272
9279
9280
9281
9283
9285
9288
9290
9291
9299
9368
9370
9371
9373
9374
9375
9380
9383
9384
9385
9386
9388
9391
9392
9395
9397
9399
9400
9402
9403
9404
9406
9410
9411
9413
9414
9417
9420
9421
9424
9426
9428
9431
9433
9436
9438
9440
9441
9446
9447
9448
9450
9451
9458
9461
9462
9464
9465
9467
9469
9471
9473
9476
9479
9480
9482
9486
9488
9489
9493
9495
9496
9498
9500
9502
9504
9505
9507
9509
9510
9512
9513
9514
9516
9521
9523
9525
9527
9528
9548
9560
9566
9570
9572
9577
9581
9584
9586
9588
9589
9593
9599
9600
9603
9609
9611
9613
9616
9622
9626
9629
9632
9636
9637
9638
9641
9642
9646
9647
9651
9653
9655
9656
9658
9660
9661
9664
9667
9669
9671
9673
9676
9677
9678
9679
9684
9686
9690
9694
9697
9699
9701
9702
9705
9711
9712
9715
9718
9719
9721
9724
9725
9730
9733
9734
9737
9741
9742
9744
9746
9747
9748
9750
9751
9753
9756
9757
9759
9761
9762
9764
9765
9766
9767
9768
9770
9778
9780
9782
9783
9786
9787
9789
9791
9793
9796
9797
9798
9801
9802
9803
9805
9809
9810
9811
9813
9815
9816
9830
9851
9881
9887
9916
9923
9924
9928
9930
9932
9963
9996
9998
9999
10002
10005
10006
10010
10015
10016
10017
10020
10026
10028
10032
10035
10036
10037
10038
10040
10041
10042
10046
10049
10053
10055
10057
10058
10062
10063
10066
10072
10073
10074
10076
10080
10082
10084
10086
10090
10092
10095
10098
10099
10100
10103
10104
10107
10109
10111
10112
10113
10115
10117
10120
10121
10122
10124
10125
10126
10128
10130
10132
10134
10135
10136
10137
10147
10149
10151
10158
10159
10161
10165
10167
10169
10177
10182
10187
10189
10191
10197
10200
10201
10203
10216
10224
10228
10229
10230
10234
10235
10236
10237
10238
10255
10257
10273
10277
10287
10288
10291
10294
10295
10296
10297
10298
10302
10305
10307
10309
10313
10316
10319
10322
10326
10332
10335
10337
10338
10339
10341
10342
10343
10344
10351
10353
10357
10358
10361
10362
10367
10369
10372
10374
10376
10379
10380
10381
10383
10387
10389
10392
10393
10396
10398
10399
10401
10403
10404
10406
10411
10416
10417
10419
10422
10423
10424
10427
10428
10429
10430
10431
10432
10434
10439
10442
10447
10452
10455
10457
10468
10479
10481
10484
10486
10488
10492
10493
10499
10564
10565
10568
10569
10571
10572
10576
10577
10581
10583
10586
10587
10589
10595
10598
10658
10659
10676
10679
10680
10681
10683
10694
10702
10709
10713
10715
10716
10717
10722
10723
10724
10725
10726
10729
10730
10732
10736
10737
10739
10741
10742
10745
10748
10751
10754
10755
10758
10761
10762
10764
10772
10773
10774
10777
10778
10779
10780
10781
10784
10787
10790
10791
10795
10797
10800
10801
10804
10809
10810
10811
10812
10814
10815
10818
10819
10820
10824
10826
10828
10830
10833
10837
10838
10840
10843
10844
10847
10851
10855
10857
10859
10860
10863
10866
10867
10871
10872
10875
10944
10953
10957
10960
10964
10966
10969
10972
10974
10985
10986
10988
10991
10994
10995
10996
10997
11002
11005
11008
11013
11015
11017
11019
11021
11022
11023
11029
11031
11032
11034
11036
11037
11039
11041
11042
11046
11050
11052
11057
11058
11064
11065
11069
11074
11075
11076
11079
11083
11085
11088
11089
11093
11104
11105
11113
11125
11138
11140
11141
11142
11144
11145
11146
11154
11155
11159
11160
11161
11164
11168
11169
11171
11173
11174
11175
11181
11182
11183
11185
11191
11192
11197
11198
11201
11203
11222
11293
11323
11335
11336
11340
11347
11349
11351
11353
11355
11357
11360
11362
11363
11364
11366
11367
11368
11369
11373
11375
11378
11382
11385
11386
11388
11389
11393
11397
11400
11402
11404
11406
11410
11413
11414
11420
11421
11423
11430
11433
11435
11442
11444
11446
11450
11452
11457
11460
11461
11465
11467
11468
11498
11502
11503
11505
11527
11543
11545
11549
11550
11556
11559
11561
11563
11567
11568
11571
11572
11573
11574
11576
11577
11578
11583
11586
11588
11590
11593
11599
11600
11601
11602
11604
11605
11610
11613
11615
11617
11618
11622
11623
11624
11626
11628
11630
11633
11634
11636
11637
11640
11642
11645
11650
11652
11653
11655
11657
11658
11659
11660
11664
11666
11674
11788
11790
11792
11793
11796
11798
11801
11802
11804
11805
11812
11817
11819
11820
11823
11824
11825
11828
11831
11837
11840
11841
11842
11845
11848
11853
11854
11856
11860
11861
11864
11865
11880
11881
11884
11886
11894
11897
11900
11903
11907
11909
11912
11914
11917
11918
11919
11939
11941
11986
11987
11989
11991
11992
11994
11995
11997
11998
11999
12002
12006
12007
12016
12018
12020
12022
12024
12026
12027
12029
12030
12032
12034
12036
12037
12039
12040
12043
12044
12049
12050
12064
12073
12076
12078
12080
12081
12086
12087
12088
12091
12094
12096
12097
12098
12099
12152
12157
12195
12202
12206
12212
12215
12217
12220
12222
12223
12226
12228
12229
12231
12235
12237
12248
12316
12340
12345
12346
12348
12350
12352
12355
12356
12362
12365
12366
12367
12368
12381
12424
12428
12464
12466
12467
12468
12472
12474
12476
12479
12482
12483
12485
12488
12492
12494
12495
12496
12498
12500
12502
12503
12505
12508
12509
12510
12511
12512
12513
12514
12517
12519
12521
12522
12524
12528
12529
12530
12531
12534
12536
12538
12539
12540
12543
12545
12547
12549
12553
12555
12557
12561
12562
12563
12566
12567
12568
12569
12571
12573
12576
12577
12580
12581
12582
12585
12587
12590
12591
12592
12593
12594
12597
12600
12601
12603
12605
12606
12609
12611
12612
12614
12617
12619
12620
12622
12624
12626
12627
12628
12629
12630
12634
12637
12644
12645
12647
12649
12652
12653
12654
12657
12659
12661
12663
12665
12668
12674
12675
12676
12677
12680
12681
12685
12688
12690
12691
12692
12696
12698
12699
12702
12706
12709
12711
12714
12725
12726
12728
12730
12731
12733
12735
12738
12741
12746
12747
12752
12755
12759
12761
12764
12766
12767
12770
12775
12776
12777
12781
12782
12783
12785
12786
12788
12790
12795
12796
12797
12798
12800
12801
12802
12804
12807
12808
12809
12810
12811
12813
12815
12816
12818
12819
12820
12821
12825
12871
12872
12874
12876
12879
12883
12884
12885
12887
12889
12892
12893
12895
12898
12903
12906
12907
12909
12912
12916
12919
12921
12923
12926
12927
12928
12932
12936
12939
12942
12944
12945
12947
12966
12968
12969
12971
12972
12973
12975
12981
13018
13021
13025
13076
13097
13098
13122
13123
13125
13127
13129
13132
13134
13140
13145
13146
13190
13198
13201
13207
13213
13214
13219
13220
13222
13226
13228
13234
13237
13240
13241
13243
13246
13247
13250
13251
13255
13256
13258
13260
13261
13262
13278
13281
13283
13286
13292
13297
13314
13321
13324
13328
13333
13335
13358
13360
13361
13363
13367
13380
13382
13385
13389
13390
13395
13397
13402
13406
13407
13409
13410
13415
13416
13420
13422
13423
13427
13428
13429
13431
13433
13434
13435
13439
13440
13441
13443
13448
13451
13454
13455
13465
13493
13536
13537
13539
13562
13564
13565
13567
13571
13572
13583
13586
13590
13595
13597
13599
13600
13602
13605
13606
13611
13614
13615
13619
13621
13622
13626
13630
13645
13648
13652
13653
13658
13660
13667
13668
13669
13727
13763
13766
13768
13770
13773
13774
13776
13778
13781
13782
13788
13830
13880
13889
13896
13931
13995
13998
14000
14001
14007
14012
14013
14015
14016
14018
14019
14022
14023
14024
14027
14029
14030
14031
14032
14033
14036
14037
14038
14040
14044
14047
14048
14051
14053
14056
14059
14061
14063
14065
14069
14071
14076
14084
14087
14091
14100
14104
14105
14106
14108
14110
14113
14114
14117
14120
14122
14123
14125
14127
14132
14134
14135
14140
14142
14143
14146
14147
14150
14151
14155
14156
14159
14161
14162
14163
14164
14167
14170
14180
14182
14184
14185
14197
14202
14204
14208
14209
14211
14218
14222
14226
14228
14230
14232
14236
14239
14240
14243
14245
14248
14251
14254
14255
14256
14296
14297
14311
14317
14318
14321
14323
14324
14327
14328
14332
14335
14338
14340
14343
14344
14346
14349
14352
14353
14356
14358
14360
14378
14454
14456
14459
14460
14467
14470
14478
14482
14564
14570
14571
14582
14611
14618
14620
14621
14629
14630
14632
14634
14640
14642
14645
14648
14649
14651
14653
14656
14660
14663
14666
14668
14671
14673
14678
14682
14683
14684
14687
14744
14778
14780
14782
14788
14790
14793
14826
14831
14873
14884
14885
14889
14891
14904
14916
14919
14920
14923
14925
14927
14932
14936
14940
14942
14949
14951
14954
14958
14960
14961
14962
14976
15003
15004
15006
15007
15011
15023
15026
15027
15031
15059
15066
15069
15123
15126
15128
15134
15135
15140
15146
15149
15150
15155
15158
15165
15167
15169
15172
15174
15178
15179
15181
15183
15187
15188
15193
15194
15195
15198
15199
15202
15204
15209
15210
15213
15216
15219
15221
15225
15228
15230
15238
15241
15244
15247
15248
15250
15251
15252
15253
15256
15261
15262
15276
15278
15279
15282
15283
15285
15288
15291
15292
15305
15333
15334
15335
15338
15354
15355
15357
15359
15363
15366
15367
15368
15370
15371
15373
15380
15381
15382
15383
15387
15389
15391
15394
15395
15397
15398
15399
15400
15402
15403
15404
15406
15407
15408
15409
15410
15412
15414
15417
15418
15419
15421
15423
15424
15425
15427
15429
15430
15431
15432
15433
15435
15438
15442
15445
15447
15449
15451
15453
15455
15457
15458
15462
15464
15466
15469
15471
15477
15478
15482
15487
15488
15490
15492
15495
15497
15500
15502
15504
15507
15511
15513
15514
15517
15518
15519
15520
15522
15523
15533
15536
15537
15540
15541
15542
15543
15544
15545
15564
15586
15589
15590
15592
15598
15599
15605
15609
15611
15612
15614
15617
15622
15625
15629
15635
15638
15641
15648
15649
15659
15660
15661
15663
15666
15668
15671
15672
15676
15678
15680
15683
15685
15686
15687
15688
15689
15691
15694
15695
15698
15700
15706
15707
15710
15711
15712
15713
15714
15716
15719
15721
15726
15727
15729
15731
15746
15765
15784
15787
15788
15790
15791
15794
15795
15796
15797
15802
15804
15805
15806
15808
15810
15812
15814
15816
15817
15818
15821
15822
15826
15827
15828
15831
15851
15859
15892
15893
15895
15896
15900
15901
15902
15904
15905
15910
15911
15922
15924
15931
15933
15948
15963
15965
15969
15975
15979
15980
15982
15985
15987
15989
15992
15996
15997
15998
16002
16008
16012
16014
16019
16022
16025
16027
16028
16030
16031
16033
16035
16040
16042
16047
16048
16050
16051
16053
16055
16058
16060
16063
16065
16068
16071
16073
16077
16079
16080
16081
16150
16368
16387
16414
16416
16417
16420
16421
16422
16425
16456
16479
16499
16651
16657
16659
16660
16661
16665
16666
16668
16669
16670
16675
16679
16680
16681
16685
16690
16692
16693
16696
16730
16735
16736
16737
16740
16741
16746
16747
16748
16750
16751
16752
16755
16757
16759
16765
16769
16771
16777
16780
16781
16786
16791
16794
16798
16799
16800
16801
16802
16805
16807
16810
16813
16816
16818
16821
16822
16823
16825
16826
16829
16830
16831
16836
16837
16840
16843
16845
16846
16849
16851
16856
16858
16859
16861
16862
16864
16865
16867
16868
16869
16875
16878
16879
16880
16882
16883
16884
16885
16936
16939
16941
16944
16946
16953
16984
16985
16986
16991
16993
16998
16999
17003
17004
17005
17095
17112
17117
17286
17350
17354
17360
17368
17372
17375
17379
17380
17382
17385
17387
17388
17394
17395
17398
17450
17453
17454
17457
17458
17461
17463
17465
17468
17469
17470
17471
17472
17476
17478
17482
17485
17487
17490
17492
17493
17496
17498
17500
17501
17506
17507
17511
17512
17515
17518
17522
17524
17526
17528
17530
17533
17534
17541
17544
17545
17547
17553
17554
17574
17611
17612
17617
17620
17624
17626
17627
17628
17629
17632
17634
17636
17641
17644
17680
17683
17684
17687
17688
17713
17745
17758
17782
17834
17909
17910
17912
17916
17918
17919
17921
17923
17926
17927
17939
17940
17945
17950
17951
17952
17973
17976
17981
17982
17985
17991
17994
17998
18001
18003
18005
18007
18010
18013
18014
18018
18019
18023
18031
18032
18033
18035
18036
18038
18041
18043
18044
18047
18049
18050
18052
18053
18056
18057
18058
18059
18061
18063
18064
18067
18069
18076
18080
18082
18084
18089
18124
18137
18139
18140
18142
18143
18146
18148
18150
18156
18209
18224
18225
18313
18372
18386
18391
18394
18398
18401
18403
18408
18412
18414
18415
18416
18417
18421
18422
18424
18428
18429
18432
18436
18439
18446
18460
18463
18464
18472
18476
18478
18483
18488
18489
18493
18497
18500
18504
18507
18509
18510
18514
18516
18518
18519
18520
18522
18539
18541
18549
18553
18564
18570
18577
18583
18606
18614
18650
18665
18667
18669
18671
18677
18679
18686
18688
18690
18692
18693
18711
18736
18752
18766
18796
18878
18933
18961
19039
19068
19077
19078
19079
19081
19083
19085
19086
19088
19089
19091
19097
19100
19135
19154
19163
19254
19281
19286
19296
19297
19460
19462
19492
19510
19544
19572
19574
19578
19581
19583
19586
19587
19590
19592
19597
19598
19600
19603
19605
19610
19614
19616
19617
19618
19629
19654
19670
19697
19726
19751
19769
19772
19827
19830
19835
19837
19841
19845
19847
19848
19851
19852
19854
19855
19857
19858
19864
19867
19868
19871
19879
19881
19889
19890
19891
19892
19893
19895
19897
19899
19900
19903
19904
19906
19908
19911
19912
19914
19915
19917
19919
19921
19923
19924
19927
19930
19932
19934
19936
19939
19941
19943
19949
19985
20015
20016
20029
20033
20035
20036
20081
20115
20120
20197
20308
20313
20315
20316
20318
20320
20321
20331
20334
20337
20343
20348
20410
20413
20414
20426
20432
20463
20474
20541
20565
20580
20585
20589
20593
20597
20601
20606
20614
20616
20618
20621
20623
20637
20660
20665
20667
20668
20671
20685
20690
20691
20693
20697
20700
20702
20703
20704
20712
20715
20723
20808
20811
20817
20818
20820
20821
20824
20825
20828
20829
20834
20835
20838
20841
20844
20847
20850
20852
20858
20859
20860
20865
20882
20898
20901
20907
20909
20912
20913
20919
20921
20936
20939
20942
20944
20945
20948
20950
20951
20952
20961
20965
20966
20967
20971
20973
20974
20976
20978
20979
20981
21062
21089
21115
21154
21155
21157
21160
21162
21164
21172
21177
21178
21185
21195
21201
21204
21206
21207
21210
21222
21236
21238
21239
21240
21241
21249
21279
21281
21310
21349
21350
21353
21354
21379
21384
21387
21390
21394
21399
21420
21423
21424
21427
21435
21437
21439
21444
21448
21453
21461
21463
21465
21469
21475
21478
21479
21482
21485
21491
21492
21493
21498
21502
21504
21505
21512
21513
21559
21590
21593
21603
21663
21696
21703
21755
21814
21837
21840
21884
21906
21922
21969
21973
22012
22014
22026
22034
22051
22052
22058
22059
22064
22065
22066
22069
22071
22076
22079
22080
22083
22086
22087
22088
22092
22095
22097
22100
22103
22113
22116
22119
22122
22123
22129
22130
22132
22134
22136
22140
22141
22144
22147
22150
22152
22158
22160
22163
22164
22165
22166
22170
22172
22173
22175
22178
22179
22205
22262
22283
22303
22305
22380
22389
22396
22400
22405
22406
22407
22412
22413
22414
22416
22420
22421
22423
22425
22426
22429
22432
22435
22438
22440
22441
22443
22446
22447
22507
22557
22629
22632
22647
22700
22705
22712
22717
22718
22725
22728
22734
22742
22744
22747
22751
22754
22756
22760
22762
22763
22764
22768
22769
22770
22771
22773
22776
22778
22781
22801
22802
22804
22809
22810
22819
22836
22842
22855
22872
22891
22902
22976
22977
22979
22980
22984
22986
22989
22990
22992
22994
22997
23000
23003
23066
23092
23113
23116
23117
23118
23119
23137
23139
23141
23146
23151
23165
23166
23171
23182
23239
23270
23297
23358
23369
23435
23465
23483
23517
23519
23522
23523
23526
23527
23576
23636
23640
23642
23646
23647
23650
23654
23658
23659
23662
23664
23669
23672
23673
23694
23697
23699
23701
23702
23706
23708
23709
23710
23712
23714
23728
23736
23741
23742
23744
23745
23746
23747
23748
23749
23755
23756
23757
23759
23761
23765
23782
23783
23788
23790
23793
23796
23797
23800
23804
23805
23808
23816
23820
23824
23873
23878
23882
23883
23886
23887
23905
23907
23909
23911
23915
23921
23923
23924
23925
23927
23928
23932
23935
23937
23940
23941
23944
23946
23949
23950
24015
24018
24023
24025
24032
24033
24035
24036
24038
24041
24043
24046
24048
24050
24053
24056
24057
24061
24063
24066
24067
24069
24072
24075
24079
24080
24081
24082
24083
24085
24088
24093
24094
24097
24101
24102
24103
24104
24105
24108
24109
24112
24158
24160
24187
24188
24189
24190
24191
24193
24195
24196
24200
24203
24206
24229
24376
24386
24387
24389
24391
24393
24398
24439
24456
24538
24565
24585
24593
24594
24596
24599
24601
24603
24608
24611
24615
24620
24625
24626
24657
24658
24659
24662
24663
24665
24667
24669
24672
24679
24681
24683
24684
24685
24688
24689
24693
24695
24696
24698
24699
24700
24701
24703
24705
24707
24708
24709
24711
24714
24715
24719
24723
24724
24728
24731
24737
24739
24741
24742
24745
24747
24748
24750
24752
24753
24756
24758
24759
24763
24767
24770
24771
24776
24778
24780
24781
24782
24785
24786
24787
24788
24789
24793
24796
24797
24799
24802
24804
24805
24807
24808
24809
24810
24813
24814
24815
24818
24819
24822
24825
24827
24828
24829
24830
24833
24836
24837
24839
24840
24844
24845
24846
24847
24849
24851
24853
24877
24880
24882
24885
24887
24889
24891
24892
24911
24933
24980
24981
24985
24986
24989
24991
24993
25028
25038
25054
25077
25079
25080
25081
25092
25095
25098
25099
25101
25102
25104
25105
25106
25108
25111
25112
25114
25115
25117
25118
25120
25126
25134
25176
25201
25203
25204
25221
25223
25251
25260
25263
25269
25272
25273
25275
25276
25279
25281
25283
25284
25285
25286
25290
25292
25295
25297
25299
25300
25303
25306
25308
25309
25338
25339
25361
25362
25378
25410
25411
25414
25418
25421
25444
25446
25447
25449
25486
25494
25496
25541
25546
25547
25550
25554
25555
25557
25559
25565
25566
25568
25569
25574
25577
25578
25580
25581
25583
25584
25586
25591
25593
25594
25595
25702
25703
25733
25778
25784
25792
25805
25826
25831
25849
25888
25890
25891
25893
25895
25900
25901
25902
25906
25908
25909
25917
25919
25921
25923
25925
25926
25928
25930
25932
25933
25939
25942
25945
25946
25948
25953
25954
25955
25960
25963
25966
25970
25978
25984
26017
26057
26099
26118
26129
26136
26138
26144
26145
26147
26152
26153
26156
26159
26161
26175
26179
26185
26190
26191
26193
26195
26197
26200
26201
26203
26206
26218
26220
26221
26222
26225
26231
26250
26252
26254
26258
26262
26267
26269
26271
26272
26278
26279
26281
26287
26292
26294
26299
26301
26306
26308
26309
26313
26316
26322
26325
26330
26333
26400
26401
26431
26480
26482
26498
26501
26503
26504
26512
26566
26592
26663
26673
26688
26696
26697
26700
26755
26761
26793
26809
26870
26877
26904
26909
26926
26929
26931
26935
26938
26939
26942
26943
26946
26947
26948
26950
26952
26954
26957
26964
26968
26969
26972
26976
26980
26982
26985
26988
26990
26992
26993
26997
26998
27000
27001
27005
27007
27009
27012
27015
27065
27082
27085
27090
27092
27094
27097
27100
27106
27112
27114
27115
27120
27124
27125
27129
27131
27133
27134
27137
27138
27149
27155
27161
27163
27164
27167
27169
27171
27174
27177
27180
27182
27184
27190
27192
27194
27197
27201
27202
27203
27205
27208
27212
27213
27216
27218
27219
27223
27227
27228
27230
27232
27234
27238
27240
27244
27245
27247
27248
27249
27251
27252
27253
27257
27264
27268
27269
27271
27272
27273
27274
27278
27279
27286
27287
27289
27291
27294
27296
27298
27299
27300
27303
27306
27308
27309
27311
27317
27321
27322
27330
27331
27334
27337
27340
27341
27344
27345
27346
27347
27369
27418
27422
27453
27455
27456
27458
27468
27477
27480
27482
27484
27486
27488
27490
27492
27493
27495
27497
27500
27501
27502
27503
27505
27532
27539
27547
27576
27613
27630
27649
27650
27653
27655
27657
27659
27663
27664
27670
27673
27677
27761
27798
27826
27873
27876
27879
27880
27882
27884
27946
27972
27980
27981
27985
27988
27993
27996
28000
28001
28004
28005
28006
28007
28008
28009
28012
28014
28015
28020
28029
28031
28032
28035
28039
28041
28042
28044
28048
28054
28056
28057
28059
28060
28063
28065
28068
28073
28080
28081
28084
28086
28115
28159
28161
28163
28167
28177
28193
28197
28209
28211
28215
28218
28255
28280
28297
28335
28336
28339
28343
28344
28346
28348
28352
28353
28355
28357
28360
28361
28365
28370
28371
28372
28375
28376
28377
28378
28380
28382
28391
28397
28399
28402
28404
28408
28413
28414
28415
28416
28421
28424
28425
28426
28431
28439
28448
28450
28453
28454
28455
28459
28461
28464
28466
28469
28474
28479
28480
28481
28485
28489
28491
28492
28493
28504
28508
28509
28514
28517
28518
28520
28522
28528
28530
28532
28534
28535
28536
28538
28540
28541
28544
28546
28549
28554
28556
28557
28558
28560
28563
28567
28570
28572
28574
28575
28576
28579
28581
28582
28585
28588
28590
28592
28593
28628
28638
28643
28646
28650
28651
28654
28701
28740
28754
28841
28871
28884
28885
28888
28891
28913
28926
28961
29031
29039
29041
29051
29053
29057
29060
29070
29073
29079
29084
29086
29094
29095
29096
29101
29114
29119
29120
29152
29161
29193
29241
29245
29255
29286
29288
29355
29356
29366
29367
29370
29371
29373
29376
29377
29382
29493
29528
29537
29538
29541
29542
29545
29548
29559
29562
29565
29577
29579
29582
29585
29591
29593
29595
29597
29598
29662
29684
29686
29691
29719
29724
29736
29782
29833
29876
29900
29901
29903
29905
29980
29991
30004
30006
30008
30009
30012
30015
30017
30018
30020
30026
30028
30037
30039
30041
30048
30051
30053
30110
30130
30131
30134
30135
30143
30148
30177
30188
30221
30233
30234
30235
30236
30237
30241
30242
30245
30248
30291
30293
30295
30296
30297
30298
30304
30305
30308
30313
30315
30316
30317
30319
30325
30328
30330
30333
30335
30338
30342
30347
30353
30356
30357
30359
30363
30365
30369
30372
30373
30375
30376
30377
30378
30381
30383
30384
30385
30390
30393
30407
30410
30412
30413
30416
30418
30419
30422
30424
30428
30429
30431
30433
30435
30436
30438
30442
30443
30447
30448
30450
30453
30456
30458
30461
30463
30465
30467
30468
30469
30471
30472
30476
30480
30485
30487
30489
30492
30495
30502
30505
30506
30515
30534
30566
30567
30568
30569
30573
30576
30577
30578
30589
30614
30645
30700
30703
30704
30707
30709
30723
30725
30728
30730
30733
30734
30738
30740
30741
30742
30746
30748
30749
30750
30752
30757
30763
30765
30767
30772
30776
30779
30780
30781
30783
30784
30785
30788
30789
30791
30823
30847
30851
30858
30877
30880
30884
30885
30887
30956
30968
30999
31001
31011
31026
31028
31029
31031
31032
31034
31037
31113
31115
31120
31121
31124
31128
31132
31133
31135
31136
31177
31199
31231
31238
31276
31281
31282
31285
31286
31289
31295
31297
31370
31401
31533
31534
31611
31693
31702
31781
31782
31783
31784
31788
31811
31824
31843
31844
31846
31847
31848
31860
31866
31867
31868
31870
31874
31876
31878
31880
31883
31904
31926
31928
31931
31932
31934
31936
31938
31939
31997
31998
32000
32002
32003
32020
32021
32024
32030
32032
32035
32036
32038
32040
32041
32042
32043
32045
32046
32048
32051
32054
32057
32059
32060
32061
32063
32065
32066
32067
32068
32071
32072
32075
32155
32161
32182
32340
32449
32452
32453
32474
32477
32478
32479
32483
32485
32488
32491
32492
32493
32495
32506
32535
32539
32540
32541
32543
32545
32546
32548
32578
32637
32642
32759
32777
32781
32782
32789
32790
32792
32797
32803
32805
32808
32812
32816
32818
32820
32826
32827
32828
32830
32831
32832
32833
32834
32837
32839
32857
32888
32981
32995
33011
33012
33015
33017
33021
33022
33043
33113
33116
33119
33135
33152
33216
33326
33379
33389
33391
33397
33405
33408
33416
33420
33422
33423
33424
33428
33461
33467
33469
33493
33495
33499
33506
33508
33512
33514
33515
33518
33521
33523
33525
33528
33530
33531
33533
33537
33556
33557
33559
33573
33579
33586
33587
33588
33591
33595
33598
33602
33606
33623
33624
33633
33636
33640
33675
33696
33699
33720
33721
33723
33818
33836
33839
33840
33846
33875
33893
33900
33904
33908
33912
33914
33923
33926
33928
33931
33938
33939
33940
33941
33954
33958
33969
33972
33973
33975
33981
33985
33991
33993
34003
34006
34011
34033
34047
34050
34053
34091
34177
34250
34296
34299
34300
34307
34312
34316
34361
34420
34422
34423
34426
34430
34435
34461
34463
34490
34491
34538
34554
34555
34560
34562
34563
34564
34567
34568
34569
34571
34574
34578
34582
34586
34589
34592
34594
34596
34597
34603
34605
34609
34614
34616
34629
34631
34634
34654
34658
34664
34666
34667
34670
34672
34674
34675
34676
34679
34682
34684
34687
34689
34691
34694
34696
34699
34701
34702
34703
34706
34708
34713
34714
34718
34719
34721
34724
34725
34753
34759
34795
34797
34872
34900
34944
35017
35029
35032
35037
35045
35151
35185
35189
35192
35200
35216
35234
35240
35263
35290
35304
35414
35417
35511
35512
35516
35517
35518
35521
35524
35529
35530
35533
35534
35536
35538
35539
35541
35543
35547
35548
35550
35552
35588
35593
35596
35616
35617
35620
35687
35688
35689
35691
35695
35698
35699
35701
35703
35704
35706
35709
35712
35715
35716
35718
35722
35723
35726
35729
35735
35737
35738
35741
35744
35747
35749
35751
35873
35925
35949
35964
36064
36082
36102
36117
36198
36201
36227
36295
36339
36341
36342
36358
36360
36410
36411
36413
36415
36416
36418
36420
36422
36427
36474
36485
36534
36536
36542
36544
36545
36548
36549
36551
36554
36556
36558
36559
36560
36563
36565
36568
36575
36577
36580
36586
36588
36618
36672
36675
36679
36682
36683
36810
36824
36960
36980
37021
37022
37040
37058
37068
37075
37113
37145
37193
37208
37262
37331
37388
37394
37407
37415
37421
37422
37423
37429
37431
37440
37442
37461
37464
37467
37468
37578
37632
37662
37744
37753
37755
37840
38074
38079
38081
38083
38090
38093
38094
38096
38098
38099
38102
38105
38107
38109
38131
38233
38238
38290
38306
38357
38361
38365
38367
38373
38374
38378
38379
38388
38393
38405
38477
38570
38640
38646
38747
38799
38803
38804
38806
38807
38810
38812
38920
38947
38949
38958
38967
38968
39050
39053
39059
39067
39071
39090
39095
39097
39099
39100
39101
39102
39192
39194
39195
39198
39200
39202
39203
39206
39208
39210
39214
39216
39221
39222
39224
39226
39227
39230
39231
39233
39238
39239
39241
39244
39245
39246
39254
39255
39257
39259
39263
39264
39266
39268
39269
39274
39275
39279
39280
39283
39285
39291
39294
39297
39302
39313
39323
39325
39327
39328
39330
39332
39334
39335
39337
39338
39340
39342
39347
39348
39349
39351
39357
39358
39360
39364
39365
39367
39373
39374
39379
39380
39381
39384
39387
39388
39390
39394
39410
39416
39427
39433
39439
39451
39471
39498
39516
39517
39528
39531
39532
39648
39660
39662
39664
39665
39674
39675
39693
39714
39727
39743
39756
39759
39760
39947
39987
40041
40164
40210
40225
40227
40230
40233
40236
40238
40246
40265
40270
40272
40276
40281
40343
40353
40504
40506
40508
40510
40513
40517
40528
40533
40535
40589
40624
40637
40706
40726
40728
40729
40730
40733
40737
40738
40739
40742
40743
40744
40747
40749
40750
40751
40752
40754
40757
40759
40761
40762
40764
40765
40766
40770
40774
40778
40779
40782
40784
40786
40788
40791
40792
40794
40795
40797
40894
40903
41043
41047
41051
41052
41071
41175
41178
41180
41182
41188
41189
41192
41196
41198
41200
41230
41241
41242
41245
41249
41258
41345
41389
41394
41395
41399
41404
41433
41447
41449
41452
41453
41457
41458
41461
41463
41465
41542
41585
41596
41598
41601
41602
41603
41606
41608
41609
41612
41613
41614
41616
41617
41619
41621
41623
41625
41628
41632
41636
41640
41642
41644
41649
41650
41666
41676
41678
41688
41693
41694
41695
41697
41699
41703
41706
41708
41711
41712
41713
41751
41755
41757
41759
41760
41849
41857
41971
41976
41979
41983
41987
41990
41997
42000
42004
42008
42010
42013
42014
42019
42022
42028
42033
42037
42039
42042
42048
42053
42055
42057
42060
42061
42062
42064
42065
42067
42070
42073
42075
42079
42082
42084
42086
42087
42088
42093
42094
42095
42098
42102
42104
42105
42107
42109
42110
42112
42114
42116
42120
42121
42123
42125
42128
42129
42131
42132
42138
42144
42146
42147
42153
42154
42157
42158
42164
42173
42178
42179
42183
42187
42190
42191
42193
42202
42467
42577
42810
42812
42815
42819
42822
42827
42830
42842
42859
42955
43032
43123
43145
43146
43147
43150
43153
43155
43156
43157
43160
43161
43162
43164
43165
43168
43170
43171
43225
43304
43325
43329
43569
43656
43661
43694
43695
43705
43711
43775
43887
44024
44055
44058
44117
44120
44123
44124
44127
44128
44131
44158
44245
44285
44580
44602
44619
44718
44779
44932
44942
44977
45189
45315
45384
45574
45629
45882
45885
45887
45888
45893
45898
45901
45915
45939
45952
45979
45990
46056
46108
46203
46235
46246
46249
46317
46328
46469
46474
46544
46548
46549
46550
46551
46555
46557
46559
46562
46563
46576
46579
46583
46729
46730
46732
46799
46821
46823
46825
46830
46831
46835
46838
46860
46864
46867
46876
46881
46884
46887
46889
46892
46900
46906
46907
46908
46910
46914
46923
46942
46970
46988
47012
47218
47227
47237
47364
47385
47406
47409
47515
47554
47558
47594
47595
47599
47604
47607
47609
47612
47615
47617
47618
47621
47625
47626
47634
47640
47651
47653
47656
47659
47660
47664
47680
47682
47714
47739
47775
47806
47820
47824
47830
47834
47837
47841
47843
47856
47879
47887
47889
47891
47893
47993
47995
47996
47999
48004
48011
48015
48017
48018
48023
48029
48030
48032
48047
48056
48058
48061
48076
48077
48078
48084
48086
48092
48093
48097
48104
48109
48111
48128
48130
48132
48142
48146
48148
48153
48157
48166
48170
48172
48175
48176
48188
48190
48195
48200
48205
48207
48212
48214
48220
48224
48228
48229
48231
48232
48233
48234
48238
48245
48247
48249
48252
48265
48269
48279
48294
48295
48300
48302
48303
48305
48312
48314
48315
48318
48322
48338
48343
48408
48410
48413
48415
48424
48429
48444
48449
48454
48459
48461
48463
48466
48469
48470
48471
48473
48474
48479
48480
48483
48485
48491
48493
48494
48496
48498
48499
48502
48503
48505
48555
48562
48569
48570
48571
48585
48608
48612
48621
48627
48637
48643
48688
48690
48691
48694
48696
48785
48820
48826
48831
48855
48864
48865
48867
48869
48872
48873
48875
48878
48886
48889
48890
48896
48897
48899
48903
48912
48918
48924
48927
48929
48932
48935
48936
48941
48943
48950
48973
48977
49022
49048
49049
49050
49101
49103
49186
49193
49196
49198
49200
49204
49208
49210
49212
49214
49216
49218
49220
49223
49224
49225
49287
49336
49404
49406
49407
49411
49427
49436
49440
49443
49444
49445
49448
49453
49455
49539
49545
49647
49649
49656
49658
49660
49665
49666
49668
49670
49679
49970
49985
50205
50241
50262
50271
50467
50546
50603
50716
50721
50723
50725
50735
50736
50760
50763
50765
50768
50774
50777
50781
50828
50945
50968
50995
50996
50999
51065
51106
51375
51384
51478
51479
51483
51488
51493
51495
51497
51498
51502
51505
51506
51509
51511
51512
51514
51516
51520
51587
51806
52081
52089
52092
52095
52097
52101
52114
52117
52128
52144
52147
52149
52270
52273
52275
52323
52409
52410
52412
52452
52587
52600
52601
52605
52608
52609
52616
52619
52622
52624
52626
52628
52630
53003
53151
53153
53575
53577
53579
53580
53581
53586
53587
53591
53592
53596
53599
53604
53605
53611
53612
53673
53695
53720
53741
53755
53990
54123
54184
54313
54315
54334
54339
54341
54352
54354
54419
54425
54441
54917
55021
55101
55123
55128
55138
55150
55152
55155
55165
55166
55183
55186
55188
55345
55354
55453
55536
55687
55690
55698
55709
55773
55775
55778
55797
55798
55801
55802
55804
55805
55808
55810
55812
55815
55818
55820
55821
55822
55824
55825
55828
55831
55832
55870
55901
56007
56008
56011
56023
56025
56118
56204
56209
56215
56432
56484
56487
56573
56776
56777
56778
56781
56805
56808
56817
56819
56824
56825
56827
56837
56843
57341
57492
57672
57753
57792
57794
57910
57926
58049
58053
58056
58058
58061
58063
58065
58069
58071
58076
58077
58078
58197
58202
58206
58209
58210
58289
58307
58331
58337
58435
58495
58516
58519
58520
58522
58746
58770
58774
58777
58779
58780
58782
58784
58787
58788
58939
59130
59209
59210
59212
59217
59268
59281
59486
59655
59657
59658
59659
59719
59744
59975
60271
60388
60474
60805
60806
60843
61363
61384
61385
61390
61391
61392
61398
61403
61404
61405
61409
61410
61413
61680
61685
61688
61710
61878
61903
61908
61911
61912
61915
61999
62004
62008
62163
62165
62167
62188
62562
62648
62655
62660
62703
62706
62713
62723
62730
62734
62762
62774
62857
62912
63041
63044
63047
63275
63670
63671
63673
63675
63677
63679
63682
63687
63689
63692
63695
63698
63701
64421
64658
64977
65058
65510
65514
65659
65662
