0
2
6
11
15
26
48
63
75
94
96
97
119
125
128
135
138
139
148
153
160
163
170
178
181
188
199
226
243
246
264
273
274
300
323
340
345
350
357
392
408
416
420
435
437
461
465
484
494
499
501
504
512
513
516
521
523
528
541
545
576
582
634
642
666
676
697
711
718
741
748
753
755
757
759
762
764
765
768
776
787
802
829
838
840
842
871
876
883
885
888
889
893
922
931
932
934
935
936
938
940
942
974
976
977
981
986
988
991
993
996
998
1000
1009
1023
1033
1046
1053
1074
1109
1112
1120
1126
1135
1139
1140
1145
1147
1149
1155
1167
1171
1174
1195
1204
1213
1238
1255
1257
1293
1304
1310
1319
1327
1358
1375
1376
1383
1392
1393
1402
1413
1431
1452
1455
1468
1491
1497
1521
1523
1538
1575
1581
1615
1618
1627
1630
1632
1642
1654
1677
1684
1714
1718
1729
1733
1755
1757
1766
1768
1790
1808
1817
1822
1871
1888
1902
1942
1955
1981
1982
1987
2018
2020
2021
2022
2024
2025
2026
2028
2029
2050
2051
2054
2055
2056
2058
2060
2065
2068
2069
2072
2077
2079
2081
2086
2091
2093
2106
2116
2119
2121
2122
2123
2126
2128
2130
2131
2134
2135
2138
2139
2141
2145
2148
2150
2154
2155
2158
2160
2162
2167
2171
2184
2209
2254
2271
2277
2308
2324
2332
2342
2354
2377
2384
2388
2391
2410
2412
2421
2422
2440
2442
2446
2447
2476
2477
2485
2498
2504
2506
2507
2518
2535
2555
2606
2662
2671
2681
2689
2711
2719
2733
2748
2753
2828
2870
2882
2883
2927
2930
2942
2943
2947
2953
2954
2973
3014
3036
3038
3047
3072
3091
3102
3127
3140
3168
3180
3183
3197
3206
3209
3211
3217
3227
3249
3257
3293
3315
3321
3322
3336
3340
3382
3383
3400
3418
3439
3452
3465
3472
3482
3492
3496
3519
3520
3523
3524
3529
3533
3539
3549
3552
3566
3569
3579
3582
3597
3610
3621
3648
3658
3692
3733
3736
3745
3750
3767
3789
3790
3804
3826
3839
3846
3856
3864
3906
3940
3960
3970
3990
4007
4042
4050
4057
4082
4102
4138
4169
4180
4183
4189
4192
4193
4195
4200
4212
4213
4219
4232
4245
4270
4282
4316
4322
4324
4325
4326
4330
4332
4335
4337
4340
4353
4368
4371
4395
4406
4432
4435
4437
4455
4459
4496
4501
4514
4521
4523
4539
4540
4552
4555
4557
4593
4617
4625
4632
4646
4700
4706
4718
4721
4760
4789
4791
4801
4808
4816
4818
4820
4821
4822
4825
4828
4847
4848
4855
4860
4874
4876
4884
4902
4904
4908
4913
4915
4932
4938
4941
4946
4949
4967
4985
5038
5055
5074
5092
5123
5136
5137
5141
5146
5152
5180
5191
5206
5210
5212
5233
5245
5246
5252
5278
5311
5313
5321
5334
5337
5339
5347
5375
5391
5395
5399
5430
5431
5436
5437
5446
5456
5460
5467
5468
5469
5473
5474
5476
5478
5527
5563
5590
5630
5631
5645
5646
5667
5671
5685
5688
5696
5700
5716
5717
5722
5732
5733
5762
5776
5787
5802
5809
5845
5856
5864
5868
5889
5892
5893
5899
5903
5923
5944
5957
5963
5969
5979
6000
6018
6026
6030
6060
6064
6076
6088
6091
6097
6112
6133
6146
6147
6148
6151
6157
6159
6160
6169
6185
6211
6230
6256
6258
6260
6272
6278
6282
6302
6337
6357
6372
6380
6385
6392
6393
6431
6457
6471
6482
6484
6485
6487
6490
6495
6498
6500
6501
6505
6507
6508
6510
6511
6512
6513
6515
6532
6558
6562
6582
6610
6617
6622
6632
6641
6654
6659
6670
6714
6726
6748
6780
6786
6830
6834
6851
6853
6855
6866
6919
6986
7007
7033
7040
7047
7067
7068
7077
7111
7189
7207
7211
7249
7275
7300
7304
7351
7365
7410
7420
7423
7433
7442
7464
7509
7531
7572
7606
7614
7622
7635
7636
7640
7649
7668
7684
7707
7745
7746
7774
7790
7800
7803
7819
7850
7862
7864
7894
7923
7932
7947
7953
7971
7976
7983
8009
8032
8035
8049
8050
8058
8067
8104
8133
8173
8174
8183
8201
8216
8229
8242
8249
8305
8318
8323
8343
8362
8395
8435
8436
8474
8492
8538
8558
8568
8604
8630
8639
8658
8667
8669
8693
8745
8757
8793
8808
8812
8825
8828
8837
8875
8883
8911
8920
8958
8997
9013
9072
9114
9118
9132
9137
9169
9170
9178
9213
9219
9242
9272
9275
9284
9324
9363
9370
9377
9393
9406
9454
9471
9512
9532
9538
9540
9541
9578
9616
9686
9717
9727
9737
9748
9763
9791
9794
9797
9820
9821
9828
9831
9836
9848
9851
9866
9901
9924
9997
10037
10049
10069
10160
10190
10230
10252
10334
10421
10428
10452
10477
10491
10513
10617
10652
10666
10683
10743
10761
10807
10831
10839
10854
10872
10887
10917
10923
10941
10960
11040
11047
11060
11063
11098
11148
11156
11204
11208
11229
11238
11259
11269
11356
11357
11359
11386
11417
11424
11430
11539
11566
11569
11594
11596
11598
11600
11601
11606
11640
11646
11648
11659
11700
11728
11757
11775
11791
11833
11840
11897
11924
11931
11939
11965
12009
12011
12018
12081
12092
12105
12108
12154
12220
12255
12314
12339
12342
12372
12425
12455
12467
12474
12477
12503
12510
12542
12550
12577
12612
12616
12636
12649
12688
12695
12715
12791
12839
12848
12896
12920
12981
13004
13019
13060
13079
13146
13192
13238
13239
13347
13401
13548
13569
13599
13702
13712
13731
13738
13750
13768
13773
13781
13786
13931
13937
13945
13973
13990
14022
14068
14072
14112
14131
14153
14158
14206
14237
14338
14363
14401
14404
14446
14528
14570
14575
14615
14624
14630
14654
14769
14771
14774
14775
14996
15005
15022
15090
15114
15122
15135
15210
15220
15232
15277
15343
15375
15379
15434
15535
15540
15646
15716
15719
15752
15793
15833
15864
15982
16035
16076
16139
16168
16247
16275
16297
16361
16379
16463
16470
16536
16654
16693
16846
16967
16999
17060
17095
17147
17153
17177
17224
17231
17291
17295
17304
17306
17362
17403
17533
17574
17693
17728
17755
17798
17904
18013
18031
18130
18140
18175
18215
18359
18415
18437
18458
18629
18776
18798
18878
18900
18936
19039
19053
19142
19322
19405
19496
19549
19570
19800
19910
19937
20017
20172
20184
20253
20280
20430
20589
20656
20776
20859
