0
6633
6658
6677
6681
6713
6721
6724
6725
6748
6753
6773
6791
6797
6799
6808
6815
6834
6848
6850
6864
6906
6941
6965
6967
6968
6970
6982
6985
7001
7011
7043
7125
7129
7196
7197
7203
7223
7245
7253
7276
7294
7314
7327
7348
7363
7366
7370
7415
7440
7442
7445
7450
7451
7460
7508
7554
7555
7567
7568
7570
7597
7605
7608
7610
7620
7639
7681
7690
7729
7738
7770
7771
7792
7797
7812
7821
7827
7830
7854
7901
7903
7929
7946
7952
7962
7969
7988
8020
8033
8048
8050
8052
8072
8080
8095
8114
8131
8142
8163
8169
8177
8181
8199
8237
8278
8279
8297
8302
8328
8329
8348
8352
8362
8370
8410
8422
8437
8466
8467
8473
8488
8512
8557
8578
8584
8591
8614
8637
8642
8649
8679
8740
8742
8751
8775
8782
8801
8802
8821
8843
8849
8880
8922
8925
8950
8997
9005
9064
9100
9102
9111
9133
9135
9140
9159
9182
9207
9224
9236
9252
9263
9301
9333
9353
9391
9396
9400
9512
9528
9556
9608
9636
9647
9648
9731
9738
9744
9794
9796
9816
9822
9832
9860
9872
9927
10006
10075
10088
10093
10154
10228
10243
10272
10280
10293
10330
10331
10335
10342
10378
10406
10424
10439
10455
10456
10457
10530
10556
10586
10602
10633
10674
10713
10716
10789
10826
10851
10861
10876
10902
10928
10982
11012
11071
11103
11143
11161
11203
11212
11217
11232
11233
11328
11355
11375
11389
11406
11412
11432
11473
11518
11521
11560
11568
11571
11619
11696
11731
11858
12081
12097
12106
12123
12141
12149
12151
12196
12226
12245
12314
12320
12396
12397
12413
12414
12419
12422
12426
12430
12431
12432
12434
12444
12479
12554
12560
12587
12678
12679
12687
12706
12709
12726
12796
12824
12843
12856
12863
12917
12931
13001
13071
13083
13101
13258
13269
13311
13320
13373
13377
13389
13405
13411
13458
13506
13605
13637
13720
13773
13777
13861
13881
13899
13902
13903
13904
13910
13912
13978
14081
14266
14272
14285
14348
14406
14558
14589
14744
14764
14774
14790
14983
15050
15089
15090
15169
15198
15226
15309
15475
15562
15575
