0
26
38
39
47
50
55
60
61
75
83
106
118
121
132
144
150
166
185
187
196
198
205
209
230
250
263
276
279
286
288
322
324
330
344
353
354
355
359
365
366
368
380
396
416
441
444
446
447
449
452
454
455
456
471
479
484
492
508
521
526
541
586
590
595
603
641
654
657
665
689
692
706
713
719
724
737
743
746
751
760
773
796
798
801
840
841
883
893
895
896
899
900
901
902
903
908
909
929
947
951
958
959
962
963
965
970
1003
1004
1009
1030
1032
1034
1037
1068
1088
1093
1107
1112
1113
1114
1123
1127
1138
1144
1158
1161
1163
1164
1167
1172
1175
1178
1181
1190
1201
1226
1229
1243
1254
1275
1283
1284
1311
1348
1384
1388
1389
1416
1425
1439
1477
1481
1494
1512
1515
1517
1533
1541
1545
1548
1549
1550
1559
1560
1562
1564
1570
1571
1573
1598
1603
1605
1628
1643
1649
1672
1674
1696
1698
1705
1706
1714
1717
1734
1744
1781
1807
1809
1857
1867
1868
1922
1935
1936
1961
1965
1968
1981
1988
2001
2025
2027
2079
2083
2100
2106
2119
2123
2139
2155
2202
2204
2215
2223
2228
2281
2291
2311
2312
2321
2340
2353
2358
2375
2378
2387
2409
2433
2449
2482
2490
2521
2569
2570
2582
2586
2629
2650
2693
2714
2715
2730
2744
2799
2817
2824
2835
2836
2848
2861
2868
2886
2898
2918
2950
2965
2976
2988
3009
3017
3020
3069
3076
3108
3110
3120
3151
3172
3197
3199
3200
3201
3225
3226
3243
3258
3294
3310
3354
3371
3391
3405
3441
3451
3469
3480
3500
3527
3528
3542
3543
3632
3656
3657
3691
3696
3698
3718
3726
3745
3777
3806
3811
3833
3836
3896
3902
3918
3942
3961
3973
4026
4037
4054
4055
4084
4108
4138
4148
4179
4200
4209
4211
4217
4227
4246
4308
4309
4327
4367
4374
4399
4400
4441
4457
4534
4536
4570
4600
4626
4651
4664
4666
4684
4716
4739
4768
4837
4861
4869
4915
4928
4947
4964
4970
4974
4982
5061
5076
5123
5158
5164
5165
5189
5219
5228
5293
5297
5345
5365
5423
5426
5504
5510
5539
5553
5568
5577
5647
5653
5666
5668
5669
5753
5754
5758
5788
5810
5821
5917
5964
5986
5989
5991
5992
5994
5995
5996
5997
5999
6001
6002
6004
6005
6046
6166
6266
6308
6318
6386
6418
6432
6472
6614
6620
