0 36
0 30
1 30
0 23
2 30
0 14
2 8
0 17
3 30
2 17
0 8
0 44
1 36
2 41
2 36
3 36
0 25
3 17
0 45
1 14
2 14
1 8
3 8
1 44
1 23
2 44
3 44
0 11
1 25
1 11
1 17
0 49
0 43
2 25
0 41
1 45
2 11
0 2
2 45
1 49
2 23
2 7
0 3
1 2
2 49
2 2
1 41
3 23
0 19
0 9
3 2
0 21
3 25
0 37
3 41
0 24
1 21
1 9
2 21
0 38
1 3
2 4
0 6
1 38
0 7
1 19
0 1
1 24
2 6
0 40
2 39
1 43
0 29
2 18
3 11
2 38
2 0
1 1
2 34
1 7
3 38
3 7
3 45
0 42
1 6
2 1
0 4
2 9
2 40
2 27
0 18
1 29
1 4
3 49
2 29
0 46
3 14
3 29
3 6
1 37
3 1
3 0
0 34
1 40
0 16
3 21
1 18
1 34
0 39
2 43
3 9
2 35
1 42
3 40
0 35
2 42
0 13
3 34
0 48
1 46
2 24
1 39
2 46
0 0
3 43
1 13
2 13
1 48
2 37
1 35
0 28
3 13
0 47
0 27
0 15
2 31
0 5
0 22
0 26
2 19
1 28
0 31
1 0
3 19
2 28
1 5
3 24
1 16
0 20
2 10
1 22
2 16
3 18
1 31
0 12
3 46
0 10
2 22
1 12
3 22
0 32
3 4
2 12
1 10
1 26
3 12
1 15
1 47
2 33
3 31
1 20
2 3
2 47
3 37
2 15
3 16
1 27
3 47
1 32
3 3
0 33
3 35
3 28
3 39
1 33
2 32
2 5
2 48
3 48
3 15
2 26
3 42
2 20
3 5
3 20
3 27
3 26
3 33
3 32
3 10

Score: 141.6899999999994