0
26917
26953
26966
27014
27022
27043
27048
27060
27070
27082
27087
27096
27131
27148
27151
27155
27156
27160
27235
27246
27269
27271
27272
27275
27277
27279
27280
27281
27282
27283
27285
27287
27299
27300
27304
27307
27308
27310
27311
27315
27322
27325
27342
27385
27398
27426
27443
27451
27458
27512
27523
27537
27539
27540
27541
27544
27547
27548
27568
27574
27581
27594
27602
27610
27615
27616
27621
27623
27625
27627
27628
27629
27631
27632
27638
27639
27643
27646
27671
27684
27687
27720
27722
27745
27751
27755
27802
27805
27834
27842
27845
27846
27849
27852
27854
27857
27858
27860
27861
27867
27869
27897
27906
27910
27914
27916
27917
27921
27924
27926
27930
27932
27933
27935
27938
27941
27942
27943
27945
27946
27949
27951
27953
27955
27956
27957
27958
27959
27962
27970
27971
27973
27977
27981
27983
27986
27988
27989
27991
27996
27997
27999
28001
28006
28007
28010
28011
28014
28017
28022
28028
28036
28037
28041
28044
28045
28048
28060
28062
28066
28078
28083
28085
28091
28095
28100
28102
28105
28108
28109
28143
28151
28192
28205
28214
28241
28242
28244
28245
28246
28247
28248
28251
28252
28298
28348
28380
28386
28387
28391
28398
28401
28403
28406
28407
28463
28468
28471
28472
28474
28490
28491
28501
28503
28509
28510
28515
28516
28517
28549
28551
28552
28555
28558
28560
28563
28568
28570
28572
28573
28574
28576
28583
28587
28589
28592
28595
28602
28603
28608
28609
28612
28615
28616
28622
28624
28625
28633
28634
28636
28638
28641
28644
28647
28648
28652
28654
28659
28660
28665
28669
28675
28677
28682
28685
28687
28690
28691
28694
28695
28698
28699
28702
28704
28707
28712
28713
28716
28721
28722
28724
28726
28728
28729
28731
28732
28735
28738
28740
28741
28745
28750
28753
28754
28757
28759
28761
28762
28766
28773
28774
28775
28776
28781
28782
28783
28784
28786
28787
28789
28793
28796
28797
28798
28801
28803
28805
28845
28847
28849
28850
28854
28862
28882
28919
28924
28929
28931
28941
28949
28950
28953
29008
29018
29025
29030
29047
29101
29121
29144
29151
29154
29155
29156
29162
29190
29217
29227
29263
29264
29265
29268
29271
29278
29281
29286
29288
29325
29331
29333
29347
29374
29378
29380
29382
29385
29386
29387
29397
29400
29405
29407
29409
29417
29421
29423
29426
29428
29429
29430
29466
29551
29555
29601
29610
29618
29622
29625
29657
29660
29665
29676
29679
29748
29798
29801
29804
29807
29808
29819
29823
29824
29825
29826
29828
29887
29892
29893
29909
29915
29916
29950
29959
30019
30035
30045
30058
30072
30079
30087
30090
30142
30153
30157
30158
30160
30162
30163
30165
30167
30169
30194
30223
30251
30262
30273
30354
30380
30388
30398
30433
30437
30440
30441
30481
30482
30518
30552
30598
30623
30690
30692
30695
30781
30789
30791
30793
30796
30797
30800
30808
30855
30857
30869
30870
30871
30877
30878
30880
30884
30888
30892
30894
30901
30904
30908
30910
30915
30917
30918
30919
30920
30923
30924
30925
30928
30930
30932
30938
30940
30941
30943
30948
30951
30952
30954
30958
30959
30961
30963
30964
30965
30968
30970
30971
30972
30975
30976
30981
30983
30984
30986
31015
31016
31017
31029
31030
31033
31035
31036
31037
31039
31043
31045
31048
31052
31058
31062
31068
31070
31071
31075
31076
31078
31081
31084
31085
31090
31095
31098
31104
31108
31111
31112
31118
31123
31126
31133
31134
31138
31139
31142
31143
31146
31147
31150
31156
31158
31161
31163
31167
31168
31171
31186
31188
31202
31204
31209
31239
31254
31259
31262
31278
31282
31314
31332
31336
31340
31407
31411
31412
31413
31414
31416
31427
31462
31486
31512
31524
31528
31548
31569
31591
31592
31600
31601
31604
31607
31610
31612
31614
31616
31619
31622
31623
31625
31628
31629
31632
31639
31642
31647
31650
31657
31658
31662
31665
31668
31671
31674
31677
31678
31700
31704
31710
31720
31728
31737
31739
31747
31748
31753
31754
31757
31759
31761
31787
31804
31855
31858
31859
31875
31878
31879
31887
31890
31903
31915
31947
31961
31987
31989
32003
32008
32038
32041
32084
32107
32113
32137
32142
32144
32145
32147
32150
32152
32154
32157
32158
32163
32166
32167
32175
32180
32183
32195
32197
32201
32208
32213
32231
32233
32235
32236
32243
32244
32252
32256
32265
32266
32273
32286
32288
32341
32365
32380
32391
32394
32433
32446
32460
32477
32499
32503
32505
32507
32511
32513
32517
32522
32523
32536
32539
32542
32549
32556
32558
32565
32566
32567
32570
32573
32581
32588
32591
32595
32597
32598
32602
32608
32610
32611
32615
32618
32622
32623
32625
32627
32628
32629
32633
32634
32638
32640
32642
32648
32651
32653
32663
32668
32671
32673
32678
32679
32683
32687
32688
32690
32704
32706
32707
32714
32717
32720
32724
32726
32728
32737
32739
32745
32750
32755
32757
32761
32762
32763
32767
32769
32772
32774
32776
32779
32785
32790
32794
32797
32798
32800
32803
32812
32824
32829
32853
32860
32904
32907
32926
32959
32975
33007
33031
33073
33077
33097
33109
33112
33149
33154
33173
33212
33235
33262
33273
33278
33280
33287
33288
33291
33297
33299
33303
33308
33362
33405
33442
33509
33534
33544
33546
33556
33559
33563
33565
33567
33569
33570
33602
33645
33701
33717
33720
33734
33735
33791
33809
33810
33827
33837
33868
33902
33949
34034
34050
34080
34104
34156
34166
34171
34259
34311
34320
34431
34438
34444
34446
34459
34470
34487
34500
34542
34575
34589
34591
34592
34594
34596
34598
34600
34605
34608
34610
34611
34615
34617
34618
34619
34623
34624
34628
34630
34632
34637
34639
34642
34643
34645
34647
34650
34651
34653
34656
34657
34663
34664
34669
34672
34674
34675
34676
34681
34687
34689
34690
34695
34698
34701
34702
34704
34706
34712
34713
34718
34719
34722
34726
34732
34733
34735
34737
34738
34740
34744
34746
34750
34756
34761
34772
34775
34800
34827
34832
34845
34849
34867
34927
34952
35013
35018
35051
35086
35093
35100
35102
35112
35166
35218
35236
35244
35245
35246
35250
35264
35296
35329
35339
35358
35379
35383
35384
35387
35389
35391
35399
35403
35420
35424
35453
35502
35521
35524
35526
35529
35563
35605
35629
35631
35636
35772
35775
35780
35799
35812
35816
35819
35840
35907
35909
35917
35936
35956
35958
35960
35975
35976
35987
35997
36001
36009
36010
36012
36037
36060
36092
36112
36133
36155
36181
36210
36216
36222
36277
36281
36323
36389
36420
36421
36426
36427
36430
36435
36436
36437
36439
36453
36544
36550
36618
36704
36710
36725
36726
36730
36733
36734
36740
36741
36746
36747
36750
36751
36757
36758
36761
36762
36766
36767
36768
36771
36773
36776
36778
36780
36782
36787
36798
36804
36805
36852
36864
36878
36905
36915
36916
36919
36920
36921
36925
36926
36928
36935
36936
36939
36942
36950
36953
36991
36994
37046
37106
37131
37133
37160
37201
37211
37214
37216
37222
37223
37225
37230
37235
37287
37315
37317
37331
37334
37354
37361
37452
37492
37516
37517
37532
37536
37567
37620
37622
37628
37751
37770
37776
37779
37872
37928
38046
38078
38087
38106
38110
38140
38207
38208
38211
38214
38217
38218
38222
38224
38226
38316
38327
38343
38345
38358
38405
38411
38443
38457
38526
38530
38568
38582
38593
38629
38636
38702
38716
38722
38775
38783
38794
38834
38866
38875
38889
38973
38975
38995
38996
39020
39058
39059
39090
39124
39158
39197
39226
39231
39271
39409
39418
39428
39509
39510
39538
39586
39587
39588
39614
39616
39617
39622
39623
39624
39626
39627
39630
39633
39635
39636
39638
39640
39642
39645
39646
39648
39649
39651
39654
39657
39658
39660
39662
39673
39682
39796
39840
39869
39881
39890
39949
40004
40024
40033
40051
40059
40126
40146
40174
40181
40208
40263
40279
40364
40395
40427
40491
40508
40519
40521
40537
40555
40572
40595
40596
40609
40644
40673
40749
40802
40842
40854
40867
40869
40870
40894
40945
40957
40985
41020
41047
41097
41120
41128
41136
41197
41219
41227
41230
41231
41236
41242
41244
41246
41249
41274
41351
41426
41504
41587
41605
41606
41609
41617
41618
41749
41798
41822
41868
41874
41875
41930
41955
41995
42104
42161
42193
42196
42200
42203
42208
42211
42213
42217
42298
42330
42363
42365
42545
42552
42593
42657
42679
42697
42726
42738
42797
42799
42801
42803
42806
42809
42811
42862
42881
42907
42967
43091
43104
43111
43142
43169
43175
43208
43214
43230
43232
43248
43288
43330
43331
43386
43391
43432
43465
43471
43486
43492
43589
43600
43661
43662
43696
43701
43715
43729
43731
43733
43734
43738
43740
43741
43742
43744
43754
43764
43772
43786
43813
43869
43870
43904
43992
44035
44144
44184
44195
44227
44269
44290
44356
44405
44418
44434
44464
44519
44524
44543
44699
44701
44707
44836
44845
44849
44852
44856
44857
44858
44901
44956
44959
44993
45009
45055
45057
45060
45064
45065
45068
45069
45070
45073
45075
45077
45079
45081
45082
45089
45090
45093
45094
45095
45100
45102
45110
45113
45115
45117
45119
45124
45126
45130
45132
45139
45140
45143
45146
45148
45149
45151
45153
45155
45157
45161
45163
45164
45166
45168
45169
45172
45173
45175
45177
45178
45179
45184
45187
45190
45193
45194
45195
45197
45200
45204
45205
45209
45212
45214
45216
45219
45220
45223
45224
45227
45230
45232
45234
45238
45239
45240
45242
45244
45246
45248
45249
45251
45252
45254
45256
45257
45260
45273
45274
45276
45277
45279
45282
45284
45285
45293
45303
45304
45305
45309
45312
45313
45314
45317
45318
45326
45327
45329
45330
45331
45335
45337
45338
45343
45345
45353
45355
45356
45358
45359
45361
45362
45365
45366
45368
45370
45371
45376
45378
45384
45385
45390
45393
45399
45401
45403
45406
45409
45410
45411
45412
45414
45416
45418
45419
45420
45422
45424
45425
45427
45429
45430
45432
45434
45436
45437
45440
45444
45446
45449
45453
45457
45459
45462
45465
45467
45468
45470
45472
45474
45476
45478
45479
45482
45484
45485
45487
45491
45492
45495
45497
45502
45503
45504
45506
45509
45511
45514
45516
45521
45524
45633
45681
45689
45693
45699
45726
45740
45742
45743
45747
45764
45768
45778
45780
45796
45798
45809
45824
45828
45829
45836
45841
45843
45858
45861
45872
45873
45883
45885
45889
45901
45902
45905
45907
45921
45953
45954
45956
45960
45962
45965
45967
45977
45981
46015
46095
46097
46108
46125
46153
46177
46194
46242
46282
46289
46298
46305
46377
46379
46380
46381
46384
46387
46396
46429
46431
46432
46435
46437
46441
46468
46482
46562
46565
46605
46626
46692
46786
46801
46809
46812
46830
46852
46853
46972
46991
46993
46996
47003
47008
47009
47013
47015
47017
47019
47020
47021
47025
47027
47028
47033
47034
47036
47037
47041
47043
47095
47106
47116
47183
47199
47200
47232
47238
47334
47355
47412
47416
47420
47421
47424
47425
47427
47432
47435
47440
47442
47445
47452
47456
47458
47460
47464
47466
47468
47479
47485
47487
47494
47499
47524
47544
47564
47565
47570
47577
47633
47644
47658
47666
47668
47694
47702
47726
47732
47733
47739
47744
47822
47839
47914
47943
47954
47972
48088
48108
48248
48260
48365
48413
48524
48575
48594
48624
48678
48679
48681
48772
48794
48914
48934
48962
48976
48987
49009
49014
49039
49049
49128
49169
49209
49298
49362
49377
49378
49379
49382
49383
49386
49388
49389
49393
49394
49396
49397
49398
49401
49403
49405
49409
49413
49414
49415
49416
49421
49424
49427
49428
49430
49433
49434
49436
49437
49440
49442
49444
49449
49451
49454
49456
49459
49461
49466
49467
49470
49471
49472
49477
49478
49513
49514
49518
49519
49520
49529
49530
49533
49535
49538
49539
49544
49545
49548
49550
49553
49555
49556
49558
49561
49567
49571
49572
49575
49577
49578
49580
49582
49584
49589
49596
49598
49601
49603
49604
49606
49609
49611
49613
49615
49620
49623
49631
49633
49634
49637
49642
49644
49647
49648
49651
49717
49760
49822
49833
49918
49974
50108
50132
50221
50365
50367
50371
50372
50374
50376
50380
50384
50387
50391
50393
50395
50396
50398
50399
50401
50404
50406
50412
50413
50416
50419
50422
50424
50426
50431
50434
50436
50440
50441
50447
50450
50452
50453
50455
50458
50461
50462
50466
50467
50471
50472
50474
50477
50481
50484
50486
50487
50489
50491
50495
50500
50501
50503
50505
50506
50508
50510
50511
50514
50516
50520
50522
50523
50525
50527
50529
50531
50532
50534
50537
50538
50539
50541
50543
50544
50546
50549
50550
50556
50558
50563
50565
50569
50572
50574
50575
50579
50580
50583
50584
50586
50587
50590
50593
50596
50598
50599
50600
50603
50606
50607
50620
50623
50625
50626
50627
50629
50632
50634
50635
50640
50643
50648
50650
50651
50653
50655
50657
50659
50663
50666
50667
50669
50676
50680
50703
50769
50849
50880
50942
50948
51016
51140
51209
51245
51256
51286
51288
51294
51297
51299
51315
51336
51362
51411
51413
51471
51627
51635
51678
51705
51721
51829
51833
51850
51974
51982
52013
52026
52034
52036
52048
52053
52102
52119
52120
52122
52123
52124
52127
52130
52133
52134
52135
52136
52140
52142
52144
52147
52150
52152
52154
52161
52163
52169
52175
52182
52186
52188
52193
52196
52205
52266
52313
52349
52363
52377
52399
52420
52435
52436
52449
52472
52506
52532
52555
52564
52652
52675
52677
52680
52688
52690
52692
52721
52741
52767
52773
52815
52919
52939
53005
53078
53153
53188
53238
53292
53355
53424
53452
53519
53523
53527
53531
53540
53590
53613
53620
53648
53704
53759
53797
53832
53852
53881
53910
53997
54091
54112
54140
54145
54183
54202
54205
54210
54217
54223
54224
54289
54312
54341
54387
54390
54412
54415
54421
54424
54425
54427
54433
54443
54453
54464
54470
54474
54477
54482
54483
54485
54558
54559
54563
54565
54600
54633
54715
54735
54770
54806
54843
54876
54885
54914
54929
55009
55024
55084
55138
55142
55148
55167
55169
55175
55185
55197
55203
55224
55227
55241
55244
55251
55261
55365
55441
55553
55578
55612
55808
55816
56015
56064
56071
56139
56140
56144
56209
56229
56267
56269
56441
56561
56563
56568
56571
56574
56589
56596
56603
56885
56936
56939
57011
57013
57037
57040
57041
57042
57043
57053
57055
57081
57083
57097
57123
57303
57311
57383
57401
57469
57577
57797
57804
57807
57810
57813
57815
57816
57818
57823
57824
57836
57840
57841
57842
57851
57853
57857
57859
57870
57883
57888
57890
57896
57906
57909
57910
57912
57914
58135
58152
58174
58176
58177
58178
58181
58184
58192
58246
58419
58442
58481
58483
58529
58531
58599
58749
58771
58860
58861
58869
58870
58871
59126
59255
59288
59325
59354
59373
59424
59430
59432
59441
59503
59524
59548
59568
59571
59574
59630
59701
59793
59810
59850
59896
59901
59908
59953
60013
60118
60200
60206
60209
60213
60216
60218
60223
60229
60231
60233
60238
60240
60242
60244
60246
60250
60255
60265
60266
60269
60270
60272
60278
60281
60284
60286
60287
60288
60293
60296
60297
60301
60303
60307
60308
60311
60319
60322
60324
60327
60330
60332
60334
60336
60337
60340
60343
60346
60348
60352
60354
60357
60358
60377
60420
60434
60446
60496
60515
60524
60526
60530
60539
60542
60543
60555
60563
60564
60570
60571
60573
60637
60689
60691
60692
60699
60703
60704
60705
60706
60710
60716
60720
60725
60728
60732
60735
60823
60840
60841
60879
60882
60947
60994
60998
61001
61003
61004
61008
61012
61016
61025
61029
61112
61143
61176
61269
61336
61613
61801
61861
62017
62067
62095
62161
62294
62296
62358
62391
62486
62549
62635
62691
62701
62703
62708
62711
62721
62725
62732
62755
62785
62790
62791
62810
62812
62816
62818
62825
62826
62856
62875
62920
62926
62931
62933
62935
62936
62937
62944
62945
62948
62950
62983
62992
62996
63010
63025
63049
63108
63150
63378
63519
63526
63563
63567
63575
63578
63589
63600
63605
63636
63823
64006
64058
64142
64379
64395
64466
64468
64578
64589
65076
65119
65124
65126
65134
65177
65181
65215
65242
65254
65331
65392
65471
65474
65477
65478
65480
65482
65585
65622
65630
65633
65640
65643
65644
65650
65653
65772
65847
65975
66220
66563
66599
66602
66640
66702
66726
66727
66740
66789
66791
66828
66835
66838
66921
67038
67074
67149
67150
67689
67713
67751
67785
67828
67830
67831
67834
67840
67842
67844
67848
67850
67851
67857
67861
67863
67864
67869
67870
67872
67875
67877
67961
68179
68184
68278
68279
68337
68936
69022
69100
69140
69219
69330
69437
69477
69526
69579
69580
69647
70038
70054
70164
70166
70167
70172
70180
70193
70195
70254
70333
70384
70638
70660
70666
70668
70671
70675
70681
70718
70784
70786
70796
70798
70801
70809
70855
70902
70904
70940
70975
70983
71027
71180
71254
71261
71265
71389
71395
71396
71399
71417
71844
72011
72023
72025
