0
13
24
25
36
63
106
119
132
134
137
138
158
166
175
176
177
182
183
197
224
232
237
247
253
254
259
274
281
284
287
289
290
292
294
297
302
306
307
324
330
343
361
367
376
378
393
398
402
403
404
411
412
417
423
425
426
428
431
436
440
467
475
484
492
532
537
538
547
549
577
582
590
602
604
623
637
653
670
705
714
718
730
793
797
798
806
807
810
852
869
870
907
934
935
1007
1019
1024
1031
1052
1063
1104
1113
1120
1125
1128
1139
1141
1148
1153
1154
1157
1160
1164
1166
1167
1171
1178
1181
1182
1198
1209
1211
1213
1221
1234
1264
1289
1321
1333
1339
1346
1351
1352
1360
1369
1384
1385
1391
1392
1397
1398
1399
1401
1404
1407
1412
1413
1414
1420
1425
1426
1427
1430
1434
1435
1438
1439
1445
1452
1473
1486
1489
1490
1513
1520
1527
1531
1535
1538
1541
1543
1570
1594
1607
1624
1635
1663
1668
1677
1679
1703
1704
1714
1723
1748
1750
1758
1768
1774
1783
1813
1827
1841
1861
1899
1905
1911
1915
1922
1932
1974
1978
1985
1997
2010
2019
2022
2031
2032
2036
2041
2049
2051
2054
2067
2070
2104
2123
2135
2148
2171
2210
2218
2221
2224
2234
2242
2243
2261
2282
2315
2334
2341
2377
2378
2389
2414
2416
2423
2452
2489
2512
2518
2536
2537
2558
2560
2563
2573
2578
2596
2607
2608
2613
2614
2615
2618
2621
2656
2687
2691
2705
2717
2746
2757
2769
2780
2786
2796
2829
2836
2837
2853
2884
2887
2895
2898
2914
2916
2921
2922
2926
2944
2946
2954
2957
2989
2992
2997
2998
3005
3010
3012
3013
3021
3029
3037
3040
3044
3059
3071
3081
3093
3122
3125
3127
3130
3141
3147
3148
3156
3206
3223
3285
3290
3308
3310
3320
3328
3346
3371
3375
3378
3406
3407
3411
3441
3468
3474
3475
3492
3515
3531
3547
3551
3559
3560
3565
3566
3568
3569
3571
3580
3582
3587
3591
3594
3597
3604
3609
3612
3615
3619
3622
3642
3646
3647
3684
3686
3705
3722
3734
3757
3768
3770
3772
3773
3802
3804
3817
3858
3877
3886
3911
3987
3993
3997
4001
4009
4011
4016
4024
4027
4048
4054
4062
4078
4085
4087
4102
4110
4113
4123
4137
4153
4154
4169
4186
4197
4209
4222
4231
4233
4249
4289
4308
4329
4338
4344
4350
4362
4431
4440
4443
4454
4456
4457
4460
4462
4470
4471
4473
4474
4480
4490
4535
4554
4555
4563
4569
4573
4576
4606
4617
4661
4695
4725
4735
4767
4783
4797
4823
4824
4857
4867
4897
4910
4912
4921
4934
4937
4960
4961
4968
4988
4990
4997
4998
5006
5030
5031
5032
5035
5038
5043
5048
5067
5083
5085
5092
5102
5107
5119
5123
5124
5126
5128
5129
5138
5140
5147
5163
5195
5200
5241
5243
5251
5297
5306
5309
5318
5334
5337
5342
5353
5373
5387
5395
5400
5408
5495
5522
5545
5547
5548
5656
5672
5673
5687
5695
5712
5713
5719
5726
5732
5733
5735
5741
5765
5769
5797
5806
5822
5824
5827
5829
5831
5834
5835
5837
5838
5840
5844
5845
5848
5853
5856
5861
5862
5866
5867
5871
5873
5874
5882
5907
5912
5934
5963
5966
6039
6049
6060
6062
6064
6079
6092
6113
6137
6146
6160
6161
6204
6210
6239
6244
6255
6269
6289
6300
6322
6333
6381
6383
6386
6415
6444
6454
6456
6466
6467
6496
6507
6513
6518
6549
6561
6571
6583
6595
6636
6643
6644
6701
6715
6726
6745
6761
6788
6807
6821
6850
6859
6879
6946
6962
6969
6971
7060
7066
7070
7099
7102
7174
7190
7217
7244
7267
7273
7277
7280
7281
7284
7292
7295
7314
7356
7390
7421
7423
7432
7464
7472
7485
7494
7500
7506
7508
7519
7524
7554
7562
7589
7597
7604
7610
7681
7739
7743
7763
7844
7908
7959
7978
7984
7987
8009
8050
8067
8093
8116
8134
8135
8146
8159
8164
8206
8231
8242
8264
8267
8325
8337
8341
8373
8380
8402
8433
8441
8447
8463
8485
8507
8517
8574
8586
8596
8616
8642
8644
8654
8672
8675
8678
8681
8685
8687
8689
8691
8697
8702
8703
8707
8718
8734
8737
8738
8748
8753
8763
8772
8773
8776
8777
8817
8820
8826
8864
8871
8878
8881
8901
8922
8923
8942
8977
8989
9022
9034
9083
9084
9087
9149
9175
9189
9203
9275
9311
9323
9324
9348
9354
9389
9395
9461
9498
9540
9541
9542
9563
9595
9670
9671
9674
9685
9694
9712
9749
9751
9821
9886
9901
9912
9924
9994
10005
10008
10022
10090
10132
10164
10200
10213
10215
10234
10258
10278
10295
10323
10339
10368
10373
10427
10453
10458
10474
10491
10500
10573
10613
10624
10628
10644
10649
10691
10731
10733
10734
10798
10848
10868
10883
10904
10923
10934
10943
10989
10997
11046
11065
11069
11096
11116
11119
11143
11145
11174
11190
11191
11196
11240
11265
11305
11306
11338
11352
11409
11426
11435
11447
11481
11484
11499
11530
11533
11589
11640
11648
11669
11670
11698
11741
11757
11766
11850
11861
11889
11892
11940
11951
11955
11971
11984
12058
12080
12093
12136
12180
12188
12199
12212
12220
12227
12243
12269
12296
12298
12322
12325
12368
12374
12404
12405
12422
12440
12489
12497
12499
12593
12637
12646
12668
12679
12759
12824
12855
12859
12877
12917
12936
12937
12941
12974
13014
13050
13062
13072
13092
13132
13182
13183
13201
13225
13257
13343
13349
13353
13363
13364
13368
13369
13375
13379
13381
13382
13384
13399
13448
13467
13510
13533
13573
13574
13595
13607
13651
13656
13677
13683
13699
13725
13750
13799
13836
13841
13842
13851
13911
13925
13976
14064
14075
14087
14136
14155
14213
14276
14348
14365
14417
14468
14532
14549
14561
14573
14629
14635
14640
14698
14703
14720
14756
14780
14809
14812
14897
14915
14951
15001
15012
15042
15098
15111
15211
15233
15241
15268
15293
15331
15343
15349
15357
15415
15425
15441
15444
15446
15447
15501
15544
15548
15680
15739
15754
15785
15810
15817
15885
15967
15980
16016
16019
16031
16043
16074
16083
16100
16113
16157
16244
16274
16308
16380
16394
16396
16449
16453
16464
16477
16497
16511
16524
16526
16571
16572
16573
16575
16576
16588
16597
16599
16678
16711
16734
16760
16762
16856
16867
16912
17042
17069
17082
17151
17155
17189
17234
17293
17328
17339
17378
17381
17394
17397
17398
17407
17410
17412
17415
17426
17431
17436
17441
17444
17447
17449
17451
17454
17458
17490
17538
17553
17616
17640
17669
17676
17678
17709
17788
17865
17883
18016
18099
18124
18172
18249
18276
18302
18464
18537
18557
18583
18602
18672
18707
18710
18765
18776
18938
19002
19138
19175
19243
19248
19282
19313
19383
19439
19510
19544
19547
19609
19666
19880
19897
19921
20002
20007
20012
20013
20044
20117
20143
20163
20205
20236
20313
20343
20374
20438
20507
20522
20536
20648
20684
20780
20894
21059
21080
