0
0
1
2
4
8
12
13
15
16
18
19
20
26
27
30
33
36
38
42
46
50
52
53
56
59
116
126
127
128
140
150
158
159
173
174
192
193
197
199
201
203
205
206
208
210
212
213
217
219
220
221
228
229
232
235
237
241
244
245
248
249
251
254
259
263
265
266
268
292
316
335
353
356
358
359
362
365
368
369
373
379
382
383
389
390
392
402
413
420
422
439
458
462
478
489
496
498
500
501
502
503
505
508
510
512
515
517
521
523
527
529
531
533
535
536
540
541
543
546
549
553
556
571
584
586
590
598
625
626
627
630
641
644
650
662
678
681
685
696
697
699
703
706
707
720
723
732
746
748
749
761
769
771
776
778
780
791
798
813
828
843
857
868
876
881
901
908
927
928
932
936
966
972
977
1001
1019
1039
1046
1074
1077
1082
1085
1093
1119
1120
1123
1138
1139
1143
1144
1150
1153
1154
1179
1188
1207
1222
1232
1240
1241
1267
1273
1286
1292
1299
1355
1375
1405
1426
1442
1454
1496
1502
1511
1522
1536
1541
1543
1557
1577
1592
1609
1610
1626
1635
1648
1660
1667
1682
1691
1693
1695
1700
1702
1703
1718
1730
1739
1762
1763
1765
1787
1802
1818
1830
1833
1862
1875
1920
1956
1958
1960
1961
1963
1965
1989
1993
2021
2034
2063
2077
2088
2089
2103
2110
2112
2170
2183
2217
2226
2227
2275
2280
2325
2336
2363
2373
2391
2419
2428
2467
2484
2488
2494
2496
2510
2519
2521
2523
2528
2534
2536
2537
2539
2545
2547
2549
2551
2553
2555
2556
2561
2562
2564
2584
2616
2621
2627
2644
2649
2655
2668
2679
2684
2714
2725
2744
2759
2760
2780
2783
2792
2832
2842
2856
2861
2866
2882
2884
2896
2909
2920
2937
2963
2998
3007
3017
3022
3025
3027
3029
3039
3041
3042
3044
3047
3049
3058
3079
3084
3085
3088
3093
3096
3099
3100
3102
3105
3109
3111
3112
3114
3136
3166
3173
3207
3226
3249
3270
3273
3295
3314
3333
3343
3351
3353
3368
3380
3384
3386
3396
3405
3428
3433
3443
3463
3487
3513
3515
3517
3536
3571
3584
3606
3608
3614
3617
3618
3621
3631
3641
3656
3672
3676
3700
3715
3737
3741
3747
3753
3766
3790
3798
3803
3817
3824
3839
3853
3865
3867
3871
3881
3898
3901
3916
3954
3961
3963
4006
4024
4062
4083
4091
4094
4132
4157
4158
4171
4183
4184
4187
4190
4191
4195
4210
4227
4234
4251
4254
4337
4358
4399
4416
4438
4441
4457
4461
4472
4478
4491
4494
4496
4501
4508
4551
4581
4585
4590
4591
4597
4601
4603
4616
4617
4634
4638
4639
4642
4645
4650
4651
4666
4681
4692
4726
4732
4737
4772
4787
4800
4802
4803
4804
4806
4809
4810
4812
4814
4819
4827
4831
4832
4836
4838
4839
4841
4842
4843
4845
4847
4849
4850
4862
4865
4867
4868
4873
4876
4879
4884
4885
4886
4888
4893
4898
4901
4903
4908
4909
4911
4913
4916
4921
4923
4926
4927
4941
4957
4973
4979
5004
5046
5050
5054
5072
5074
5102
5122
5148
5161
5186
5188
5194
5211
5215
5218
5219
5223
5225
5228
5234
5235
5237
5240
5277
5287
5295
5307
5310
5336
5356
5358
5377
5379
5388
5391
5419
5421
5440
5441
5484
5487
5503
5514
5516
5546
5553
5555
5576
5580
5582
5587
5588
5591
5594
5607
5609
5628
5634
5652
5675
5688
5692
5729
5731
5734
5737
5745
5777
5789
5799
5812
5853
5877
5889
5918
5929
5945
5968
5993
6029
6052
6053
6070
6074
6078
6109
6110
6111
6112
6118
6141
6146
6153
6184
6198
6203
6211
6273
6285
6289
6291
6295
6298
6299
6310
6331
6338
6353
6354
6359
6384
6398
6411
6420
6437
6444
6460
6501
6504
6530
6549
6551
6554
6557
6559
6561
6574
6618
6622
6627
6632
6678
6679
6680
6681
6682
6684
6689
6712
6719
6795
6796
6804
6815
6831
6881
6884
6885
6896
6911
6915
6943
6944
6971
6974
6978
6990
6995
7002
7005
7009
7013
7016
7036
7041
7064
7109
7112
7130
7135
7148
7164
7194
7197
7237
7249
7251
7290
7382
7388
7403
7411
7430
7456
7477
7488
7491
7493
7494
7510
7514
7515
7559
7560
7614
7639
7665
7671
7680
7684
7688
7697
7722
7732
7747
7794
7805
7814
7878
7887
7893
7915
7928
7941
7962
7978
7994
8002
8006
8020
8021
8028
8054
8067
8076
8080
8102
8109
8168
8170
8193
8212
8222
8241
8262
8264
8294
8296
8304
8305
8367
8371
8392
8426
8427
8460
8466
8511
8530
8550
8565
8611
8630
8632
8643
8669
8717
8722
8739
8760
8761
8804
8836
8841
8843
8853
8854
8857
8858
8859
8861
8867
8870
8872
8873
8876
8878
8879
8882
8884
8898
8937
8961
8968
8975
8996
9003
9067
9071
9078
9092
9113
9132
9136
9150
9165
9190
9207
9226
9240
9292
9294
9318
9334
9339
9359
9361
9370
9417
9426
9457
9459
9471
9495
9502
9510
9513
9519
9520
9526
9527
9536
9542
9548
9549
9555
9556
9558
9562
9565
9569
9570
9593
9604
9623
9653
9654
9683
9684
9687
9695
9717
9734
9781
9795
9809
9818
9843
9915
9948
9952
9964
9968
9969
9979
10040
10052
10074
10087
10123
10140
10142
10177
10205
10211
10217
10270
10277
10297
10313
10333
10336
10449
10452
10465
10487
10489
10505
10511
10551
10566
10574
10626
10654
10672
10794
10831
10836
10838
10920
10935
10938
10939
10968
10977
10986
10996
11009
11046
11066
11078
11091
11137
11204
11264
11279
11291
11367
11413
11421
11459
11477
11497
11498
11501
11518
11522
11536
11540
11550
11579
11602
11646
11666
11677
11731
11735
11749
11752
11753
11819
11828
11832
11857
11899
11904
11924
11943
11969
11980
11990
12022
12039
12091
12158
12164
12174
12179
12182
12209
12270
12280
12282
12305
12382
12401
12402
12404
12406
12409
12410
12411
12413
12415
12418
12419
12422
12424
12425
12432
12436
12438
12441
12443
12446
12448
12450
12451
12454
12456
12459
12461
12465
12466
12471
12473
12493
12522
12543
12586
12620
12622
12628
12645
12684
12758
12781
12800
12824
12904
12922
12947
12958
13026
13028
13029
13030
13062
13089
13121
13142
13147
13169
13241
13290
13315
13328
13335
13388
13411
13445
13471
13478
13506
13507
13509
13548
13564
13568
13578
13588
13606
13665
13668
13670
13685
13699
13704
13731
13804
13833
13858
13885
13926
13942
13958
13981
14012
14044
14109
14269
14272
14307
14383
14384
14388
14439
14446
14463
14489
14494
14529
14534
14537
14550
14641
14685
14689
14698
14740
14751
14807
14818
14830
14889
14923
14981
14992
15064
15074
15100
15125
15164
15200
15235
15315
15357
15362
15426
15484
15560
15574
15594
15630
15633
15658
15737
15766
15769
15798
15829
15861
15868
15872
15875
15877
15878
15880
15894
15912
15932
16005
16013
16017
16039
16055
16094
16111
16150
16210
16254
16267
16292
16330
16439
16447
16450
16463
16497
16516
16549
16563
16573
16577
16584
16600
16661
16765
16796
16800
16854
16860
16881
16924
16948
16964
16996
16997
17061
17089
17101
17126
17175
17238
17274
17478
17569
17622
17635
17700
17735
17814
17857
17908
17951
18001
18044
18055
18085
18091
18168
18194
18218
18282
18355
18446
18458
18467
18496
18536
18611
18664
18716
18764
18770
18787
18857
18884
18886
18969
18970
19026
19066
19081
19103
19308
19416
19473
19619
19701
19716
19779
19811
19872
19955
20126
20175
20185
20231
20394
20433
20511
20537
20611
20648
20650
20689
20696
20739
20800
20822
20855
20885
20904
20906
20909
21008
21269
21303
21379
21404
21420
21503
21535
21634
21642
21653
21805
21829
21871
21917
21995
22013
22019
22041
22102
22109
22188
22226
22266
22311
22317
22360
22428
22550
22571
22851
22899
22927
22928
22935
22995
23082
23124
23164
23182
23186
23199
23202
23205
23226
23246
23285
23313
23419
23436
23481
23498
23528
23577
23629
23696
23742
23766
23772
23860
24115
24145
24167
