0
0
8
10
17
25
34
38
51
60
64
93
95
101
104
105
118
136
142
143
149
158
160
167
172
185
198
204
207
211
223
224
248
253
259
265
266
273
274
280
286
298
323
331
338
348
357
360
369
374
394
402
413
417
418
421
450
454
464
469
473
488
490
518
522
532
562
573
584
595
601
610
632
639
648
670
674
697
703
706
721
726
730
734
741
749
758
764
776
798
801
810
814
817
836
843
845
857
869
874
889
894
908
932
937
950
952
953
959
964
969
980
990
1006
1012
1017
1018
1033
1045
1053
1067
1069
1072
1101
1104
1114
1127
1131
1144
1149
1184
1187
1211
1216
1232
1237
1250
1294
1302
1309
1324
1339
1342
1354
1358
1363
1366
1370
1383
1405
1414
1419
1435
1439
1454
1459
1471
1476
1481
1508
1521
1523
1525
1529
1547
1573
1576
1579
1585
1591
1593
1608
1611
1640
1649
1658
1669
1680
1723
1736
1748
1754
1761
1768
1778
1784
1788
1797
1830
1851
1874
1880
1883
1897
1910
1915
1937
1943
1975
1976
2009
2015
2017
2021
2024
2034
2052
2080
2086
2113
2128
2130
2131
2138
2140
2159
2161
2172
2179
2194
2202
2208
2244
2247
2257
2269
2273
2276
2282
2286
2289
2314
2324
2339
2343
2355
2369
2388
2419
2452
2490
2496
2543
2554
2565
2567
2574
2603
2629
2652
2657
2661
2673
2678
2684
2707
2739
2749
2752
2765
2784
2796
2798
2835
2843
2860
2874
2885
2909
2939
2962
2988
2991
3003
3009
3027
3037
3056
3077
