0
3
7
8
10
11
13
14
16
19
21
28
30
33
34
36
37
38
44
48
52
53
56
57
59
62
63
70
73
80
83
86
87
89
90
97
101
102
105
108
111
114
118
121
123
127
128
130
133
138
141
149
155
156
162
163
168
169
171
173
175
195
196
199
200
207
211
213
214
220
224
229
234
235
236
239
240
243
245
247
249
251
253
261
262
265
269
275
291
294
306
317
319
321
323
332
344
349
352
353
354
358
359
360
363
368
370
375
376
377
396
400
403
437
452
457
460
489
496
498
499
501
503
506
510
513
516
525
528
535
539
564
567
575
576
578
586
588
604
629
643
659
671
674
679
719
720
733
738
764
779
785
788
795
801
811
830
863
864
871
872
875
884
888
892
896
902
904
907
911
918
930
931
949
953
956
1009
1013
1017
1019
1023
1027
1030
1034
1035
1036
1051
1059
1062
1064
1072
1076
1077
1078
1086
1087
1095
1099
1102
1103
1108
1115
1138
1174
1194
1227
1231
1234
1237
1245
1254
1270
1274
1275
1280
1303
1308
1320
1339
1341
1342
1356
1357
1373
1377
1380
1383
1385
1386
1389
1390
1391
1392
1397
1402
1407
1416
1422
1423
1426
1437
1466
1469
1472
1473
1487
1488
1494
1496
1500
1501
1508
1510
1513
1514
1545
1559
1562
1566
1570
1572
1576
1577
1584
1590
1592
1604
1618
1631
1639
1652
1656
1657
1686
1696
1714
1721
1725
1728
1732
1733
1737
1743
1780
1783
1793
1795
1800
1815
1828
1831
1836
1846
1848
1849
1867
1901
1916
1969
1974
1981
2004
2012
2017
2018
2027
2033
2035
2045
2050
2052
2055
2057
2062
2070
2096
2109
2114
2115
2130
2134
2144
2146
2147
2148
2151
2160
2161
2165
2167
2173
2177
2183
2206
2223
2227
2235
2239
2241
2267
2272
2274
2298
2314
2320
2325
2327
2342
2351
2352
2353
2354
2356
2372
2376
2382
2386
2399
2422
2444
2477
2487
2493
2505
2512
2523
2537
2547
2577
2581
2590
2591
2594
2596
2598
2599
2601
2603
2605
2614
2625
2646
2650
2665
2705
2734
2741
2752
2782
2796
2798
2804
2811
2817
2818
2836
2841
2858
2862
2866
2906
2924
2954
2961
2978
2991
2993
2995
3008
3011
3024
3037
3045
3049
3057
3061
3083
3094
3105
3175
3183
3196
3204
3227
3230
3232
3235
3240
3251
3256
3259
3261
3264
3295
3299
3301
3304
3307
3308
3316
3323
3337
3344
3353
3356
3373
3392
3401
3402
3403
3432
3449
3467
3480
3483
3500
3502
3513
3516
3533
3535
3543
3545
3551
3554
3555
3579
3602
3652
3654
3655
3694
3695
3767
3779
3794
3795
3806
3845
3851
3856
3869
3876
3900
3907
3924
3925
3931
3968
3984
3990
4043
4046
4056
4060
4068
4091
4096
4103
4111
4147
4171
4190
4196
4210
4226
4240
4247
4267
4271
4282
4285
4287
4311
4314
4336
4337
4359
4361
4364
4412
4459
4469
4481
4501
4506
4512
4515
4518
4520
4524
4528
4531
4532
4534
4536
4542
4545
4547
4557
4567
4582
4611
4670
4681
4685
4771
4789
4791
4817
4818
4820
4825
4847
4852
4853
4854
4889
4891
4918
4919
4933
4938
4980
4983
4993
5040
5067
5071
5075
5088
5093
5099
5127
5160
5167
5173
5175
5176
5198
5199
5218
5219
5227
5229
5231
5246
5261
5278
5290
5294
5353
5361
5362
5368
5374
5403
5422
5423
5440
5452
5461
5465
5479
5494
5496
5499
5500
5501
5518
5523
5540
5560
5597
5608
5609
5641
5645
5653
5658
5669
5671
5683
5711
5714
5732
5733
5749
5752
5773
5811
5832
5856
5885
5916
5918
5919
5953
5956
5987
6024
6043
6049
6055
6099
6125
6153
6208
6219
6237
6243
6257
6266
6302
6322
6353
6378
6400
6417
6419
6431
6477
6509
6518
6524
6554
6590
6617
6651
6655
6658
6670
6674
6690
6702
6704
6737
6764
6787
6851
6854
6868
6899
6903
6920
6927
6947
6949
6984
7083
7088
7234
7246
7283
7415
7423
7484
7575
7659
7667
7668
7671
7677
7685
7728
7730
7743
7769
7770
7773
7783
7796
7810
7813
7815
7817
7862
7891
7917
7942
7961
8025
8026
8043
8064
8083
8106
8135
8161
8205
8244
8255
8271
8330
8390
8446
8466
8501
8508
8510
8515
8548
8552
8555
8557
8584
8590
8597
8600
8602
8671
8757
