0 14
0 44
0 6
0 7
1 44
2 44
2 22
0 33
0 28
1 6
0 10
0 48
2 6
1 14
2 14
1 48
0 39
2 0
1 39
2 8
1 33
0 31
1 28
0 13
2 39
0 21
1 7
2 33
1 13
0 18
1 31
0 49
2 13
0 0
1 49
1 10
1 21
2 31
2 28
0 32
1 32
0 46
1 18
2 18
1 0
0 17
0 26
0 27
1 46
0 29
0 3
2 11
0 12
1 17
0 40
2 17
0 41
1 26
1 40
1 27
1 12
0 25
2 27
0 24
2 26
2 40
1 29
2 10
0 45
0 20
2 48
0 34
1 25
2 46
1 20
2 25
2 45
0 23
0 2
1 34
1 41
2 41
2 34
1 45
0 8
2 36
1 24
1 23
0 37
2 49
1 37
1 8
0 11
2 20
2 23
2 47
0 19
2 19
1 2
2 2
0 16
0 1
0 30
1 1
1 19
1 11
0 42
1 3
2 1
0 15
0 22
2 12
1 30
1 42
0 5
0 47
0 35
1 16
0 9
2 24
0 43
2 42
2 16
1 5
2 7
1 43
2 30
0 36
2 5
1 47
1 9
1 35
2 32
0 38
1 22
2 21
1 15
2 9
1 36
2 43
2 35
2 38
1 38
2 37
2 15
2 29
0 4
1 4
2 3
2 4

Score: 131.76