0
0
1
2
3
4
7
8
10
14
17
19
21
24
26
55
65
67
70
77
79
82
84
93
101
102
105
107
110
111
116
118
122
123
130
132
137
139
144
145
151
152
156
159
160
161
163
166
169
171
173
177
180
183
184
186
187
192
193
196
198
199
203
204
205
208
210
211
214
217
219
221
222
224
230
232
234
238
240
242
243
245
248
249
251
252
255
256
261
263
265
267
269
270
272
275
276
277
280
283
284
285
286
291
294
298
300
306
308
311
313
314
317
318
319
321
322
327
329
330
334
336
338
341
343
344
346
348
349
350
351
353
354
357
359
361
365
367
368
369
372
373
375
378
380
381
382
383
386
387
389
392
393
398
399
402
404
405
407
408
410
412
413
416
418
422
425
431
432
438
440
445
447
448
454
458
460
461
463
464
466
469
470
471
475
476
479
482
483
484
487
488
492
493
495
496
499
500
502
503
505
508
510
514
515
516
517
522
527
530
531
532
533
534
537
540
543
544
545
546
549
551
556
557
558
559
560
561
563
564
565
566
568
570
571
573
575
577
581
583
584
586
587
588
593
595
596
598
599
601
602
603
605
606
607
610
612
614
617
620
621
622
624
625
626
629
636
637
641
642
645
648
650
651
652
654
656
657
658
663
664
667
668
669
670
671
672
673
675
678
680
684
685
688
692
694
696
699
700
701
703
704
706
707
709
710
712
713
714
715
716
717
719
720
722
723
725
727
730
733
734
735
737
740
741
743
744
745
748
750
752
754
756
758
760
763
767
770
772
775
777
778
780
781
782
784
790
793
794
795
798
799
801
803
804
807
809
810
813
815
818
820
822
824
825
830
833
837
842
843
854
860
861
864
868
871
872
874
876
878
879
883
886
887
889
890
894
895
898
903
907
908
911
912
913
917
920
925
926
930
931
932
933
934
937
938
939
941
944
946
950
951
954
956
959
960
961
963
965
967
970
971
974
976
979
980
981
984
987
988
991
992
994
995
996
998
1002
1006
1008
1009
1010
1011
1014
1015
1016
1019
1021
1022
1026
1028
1030
1035
1042
1045
1047
1049
1052
1055
1057
1060
1062
1064
1066
1067
1068
1069
1070
1072
1073
1074
1081
1082
1083
1084
1088
1092
1094
1095
1099
1105
1107
1108
1109
1112
1116
1117
1121
1127
1128
1129
1131
1132
1135
1136
1138
1139
1141
1142
1143
1144
1147
1148
1150
1153
1154
1155
1157
1159
1160
1162
1167
1168
1169
1170
1171
1172
1174
1175
1176
1177
1179
1181
1183
1185
1187
1188
1190
1192
1193
1200
1203
1212
1218
1222
1227
1229
1231
1233
1235
1239
1240
1243
1246
1248
1249
1250
1255
1257
1260
1262
1265
1267
1268
1269
1270
1272
1273
1274
1275
1278
1281
1283
1284
1286
1288
1291
1293
1295
1297
1299
1300
1304
1306
1307
1309
1312
1317
1318
1320
1323
1324
1327
1330
1335
1338
1340
1343
1344
1347
1350
1353
1355
1358
1361
1362
1363
1365
1367
1368
1371
1374
1375
1378
1380
1381
1383
1384
1385
1386
1390
1392
1393
1394
1395
1397
1398
1399
1400
1404
1406
1407
1410
1411
1416
1422
1423
1428
1431
1434
1437
1439
1440
1442
1444
1446
1447
1451
1455
1456
1460
1461
1462
1463
1467
1470
1471
1472
1476
1478
1481
1483
1485
1487
1488
1493
1495
1502
1503
1504
1505
1506
1508
1510
1513
1514
1516
1521
1522
1524
1525
1529
1532
1533
1538
1539
1540
1545
1546
1547
1549
1550
1554
1555
1557
1559
1561
1562
1563
1565
1567
1568
1569
1572
1574
1576
1578
1580
1583
1585
1589
1592
1593
1594
1598
1600
1602
1604
1607
1610
1611
1612
1616
1617
1619
1623
1626
1628
1630
1637
1639
1641
1645
1646
1648
1649
1650
1653
1659
1661
1664
1672
1676
1677
1682
1684
1686
1687
1689
1690
1692
1693
1695
1696
1706
1708
1710
1712
1715
1718
1725
1726
1728
1730
1733
1736
1737
1746
1747
1753
1757
1758
1761
1762
1767
1773
1779
1780
1783
1786
1789
1791
1795
1797
1799
1800
1805
1807
1808
1811
1812
1813
1814
1815
1817
1819
1821
1822
1823
1824
1829
1830
1831
1835
1837
1840
1841
1844
1849
1850
1851
1855
1857
1858
1862
1865
1866
1867
1868
1871
1873
1874
1875
1876
1877
1880
1882
1883
1885
1887
1891
1893
1895
1896
1899
1901
1903
1908
1909
1913
1914
1916
1924
1928
1930
1932
1934
1935
1936
1937
1938
1941
1943
1947
1949
1952
1954
1955
1958
1961
1962
1963
1965
1966
1967
1968
1974
1976
1977
1980
1982
1986
1987
1989
1992
1993
1997
2000
2001
2002
2005
2006
2008
2011
2013
2015
2017
2018
2022
2023
2026
2029
2031
2033
2036
2041
2043
2045
2046
2047
2050
2051
2056
2057
2059
2060
2062
2065
2068
2072
2074
2075
2078
2079
2081
2082
2084
2085
2086
2087
2089
2090
2093
2098
2100
2101
2102
2104
2105
2106
2110
2111
2112
2117
2120
2122
2125
2126
2127
2129
2130
2134
2142
2143
2149
2150
2151
2153
2155
2158
2160
2163
2165
2167
2168
2169
2171
2175
2178
2180
2182
2183
2187
2193
2194
2197
2199
2201
2204
2212
2214
2220
2235
2236
2238
2240
2242
2247
2249
2250
2252
2257
2259
2262
2270
2273
2275
2276
2280
2282
2283
2285
2286
2287
2289
2291
2292
2293
2296
2300
2302
2304
2305
2309
2313
2314
2315
2316
2318
2319
2321
2322
2324
2325
2328
2329
2340
2342
2345
2347
2349
2350
2353
2355
2357
2362
2363
2365
2366
2368
2370
2372
2374
2377
2378
2381
2382
2384
2386
2389
2391
2396
2400
2407
2409
2411
2415
2418
2421
2423
2425
2427
2428
2431
2434
2437
2440
2442
2443
2459
2462
2463
2464
2468
2469
2472
2476
2477
2480
2481
2483
2485
2487
2488
2493
2496
2499
2500
2503
2505
2507
2511
2514
2518
2570
2573
2576
2579
2580
2581
2583
2586
2588
2591
2592
2593
2601
2603
2614
2616
2620
2621
2625
2626
2629
2633
2634
2636
2639
2641
2643
2644
2646
2647
2650
2651
2653
2654
2657
2659
2661
2663
2665
2671
2676
2678
2679
2682
2685
2687
2688
2689
2691
2694
2696
2701
2702
2703
2705
2706
2708
2709
2711
2714
2715
2716
2722
2727
2728
2730
2731
2734
2736
2737
2738
2742
2744
2750
2752
2753
2755
2758
2759
2763
2764
2765
2769
2771
2772
2775
2779
2780
2783
2784
2785
2786
2788
2793
2796
2797
2799
2803
2804
2809
2810
2811
2812
2814
2816
2819
2820
2826
2829
2830
2831
2836
2839
2841
2842
2843
2846
2847
2850
2851
2853
2858
2866
2867
2868
2869
2871
2872
2875
2879
2881
2883
2884
2886
2887
2889
2891
2893
2899
2902
2906
2909
2914
2915
2918
2921
2923
2929
2931
2933
2934
2936
2939
2941
2943
2944
2947
2948
2951
2953
2954
2955
2956
2959
2962
2964
2967
2981
2982
2984
2985
2986
2987
2988
2991
2993
2995
2997
2998
3000
3001
3002
3004
3005
3007
3010
3011
3012
3013
3015
3016
3018
3019
3023
3026
3027
3029
3032
3034
3037
3039
3041
3044
3048
3049
3056
3058
3060
3063
3064
3065
3066
3068
3070
3072
3075
3076
3079
3083
3086
3088
3091
3092
3095
3096
3098
3099
3103
3104
3106
3107
3110
3114
3119
3122
3126
3127
3128
3129
3131
3133
3134
3136
3139
3141
3142
3144
3146
3149
3151
3152
3155
3157
3160
3161
3163
3164
3165
3167
3168
3169
3172
3174
3176
3177
3178
3181
3183
3185
3186
3187
3189
3195
3196
3199
3200
3202
3205
3207
3217
3219
3223
3224
3229
3230
3237
3240
3243
3244
3245
3249
3250
3261
3281
3282
3284
3287
3288
3290
3292
3294
3295
3299
3300
3302
3306
3308
3309
3316
3317
3318
3321
3324
3327
3329
3330
3331
3334
3337
3344
3345
3346
3347
3349
3351
3353
3357
3361
3363
3368
3370
3371
3373
3377
3378
3380
3382
3383
3388
3390
3393
3395
3397
3398
3402
3403
3405
3407
3409
3412
3413
3414
3415
3418
3420
3421
3423
3427
3428
3432
3435
3436
3437
3438
3440
3442
3443
3444
3445
3450
3451
3452
3455
3457
3459
3460
3461
3465
3466
3475
3476
3478
3480
3484
3485
3488
3492
3494
3496
3497
3499
3502
3503
3505
3508
3510
3511
3514
3515
3517
3518
3521
3523
3526
3528
3531
3533
3534
3537
3541
3542
3543
3548
3549
3550
3553
3556
3558
3561
3562
3563
3564
3567
3568
3570
3571
3572
3573
3575
3576
3577
3578
3579
3582
3584
3586
3589
3591
3593
3594
3595
3597
3599
3600
3602
3603
3605
3607
3613
3615
3620
3623
3626
3627
3629
3631
3635
3637
3638
3641
3643
3645
3646
3650
3655
3656
3657
3660
3662
3663
3664
3665
3669
3671
3672
3674
3678
3679
3682
3687
3689
3690
3692
3693
3696
3700
3701
3704
3712
3713
3716
3717
3718
3720
3722
3725
3728
3729
3731
3739
3740
3741
3746
3752
3753
3754
3756
3757
3758
3763
3766
3769
3773
3776
3778
3782
3784
3788
3794
3795
3797
3799
3800
3803
3807
3808
3811
3813
3815
3816
3820
3822
3826
3828
3829
3831
3834
3837
3839
3841
3843
3846
3847
3848
3850
3854
3856
3858
3859
3862
3863
3867
3868
3869
3874
3876
3877
3881
3882
3884
3887
3891
3893
3895
3896
3901
3902
3904
3906
3912
3917
3919
3920
3921
3925
3927
3930
3931
3933
3936
3941
3945
3946
3948
3950
3951
3955
3957
3958
3959
3960
3961
3964
3970
3976
3980
3982
3984
3985
3986
3988
3989
3991
3994
3997
4003
4007
4008
4009
4010
4012
4013
4015
4019
4020
4022
4026
4027
4030
4031
4032
4033
4034
4036
4038
4042
4046
4048
4051
4052
4054
4057
4058
4059
4060
4061
4064
4068
4070
4075
4076
4081
4083
4085
4086
4091
4095
4104
4107
4108
4110
4114
4115
4119
4121
4124
4127
4129
4130
4132
4133
4134
4137
4140
4142
4144
4150
4152
4153
4155
4158
4159
4161
4164
4165
4169
4171
4175
4178
4182
4183
4185
4187
4188
4190
4191
4194
4197
4199
4202
4205
4206
4207
4210
4211
4213
4214
4215
4218
4219
4220
4223
4224
4226
4227
4228
4231
4233
4236
4237
4239
4245
4246
4247
4251
4254
4255
4256
4257
4259
4263
4264
4266
4267
4273
4274
4275
4276
4280
4285
4286
4287
4293
4294
4297
4298
4302
4304
4309
4310
4314
4322
4323
4324
4325
4328
4330
4332
4334
4337
4341
4343
4346
4349
4350
4352
4354
4355
4357
4360
4361
4363
4364
4365
4369
4371
4373
4374
4377
4381
4384
4389
4391
4392
4395
4396
4401
4402
4404
4405
4410
4413
4414
4415
4419
4421
4423
4424
4427
4430
4431
4433
4436
4437
4438
4439
4442
4443
4446
4449
4450
4451
4453
4456
4457
4458
4460
4463
4464
4466
4470
4474
4477
4480
4484
4485
4486
4487
4490
4491
4496
4497
4498
4499
4501
4504
4505
4507
4509
4511
4513
4518
4520
4523
4529
4530
4531
4532
4533
4540
4541
4542
4543
4544
4548
4552
4553
4556
4558
4560
4561
4562
4563
4567
4570
4573
4574
4576
4577
4580
4582
4583
4585
4586
4590
4591
4592
4595
4598
4600
4604
4605
4609
4612
4614
4615
4621
4623
4626
4627
4629
4631
4634
4637
4638
4645
4648
4649
4651
4652
4653
4655
4657
4658
4660
4663
4664
4666
4667
4669
4670
4673
4674
4677
4678
4680
4682
4684
4685
4687
4689
4690
4691
4696
4698
4700
4703
4705
4707
4708
4711
4712
4715
4718
4720
4723
4725
4726
4727
4728
4729
4731
4738
4739
4740
4741
4742
4744
4746
4748
4749
4750
4752
4754
4759
4764
4766
4768
4771
4772
4774
4775
4777
4779
4780
4781
4784
4788
4790
4791
4793
4796
4798
4800
4806
4811
4814
4818
4822
4823
4825
4827
4829
4831
4834
4835
4836
4837
4840
4842
4845
4847
4848
4852
4857
4860
4862
4864
4869
4870
4874
4877
4878
4879
4881
4883
4885
4887
4889
4890
4894
4895
4898
4900
4903
4905
4907
4911
4912
4915
4916
4921
4922
4926
4930
4935
4936
4940
4942
4945
4947
4950
4953
4955
4957
4966
4968
4969
4972
4974
4975
4979
4981
4982
4985
4988
4989
4995
4998
4999
5000
5004
5008
5009
5010
5011
5012
5013
5016
5018
5019
5023
5024
5026
5027
5032
5034
5036
5041
5043
5044
5046
5047
5048
5052
5053
5057
5059
5061
5063
5069
5071
5073
5074
5075
5076
5079
5081
5083
5084
5087
5088
5090
5092
5093
5094
5098
5099
5103
5107
5108
5110
5112
5113
5115
5118
5121
5122
5124
5127
5128
5129
5131
5133
5135
5137
5141
5144
5148
5153
5156
5160
5162
5164
5167
5168
5170
5171
5173
5175
5178
5180
5181
5183
5186
5188
5190
5193
5198
5202
5203
5205
5208
5209
5212
5213
5216
5218
5219
5220
5222
5224
5226
5227
5228
5231
5232
5233
5240
5241
5245
5248
5249
5250
5251
5252
5253
5254
5255
5256
5257
5258
5259
5260
5269
5270
5271
5272
5273
5275
5276
5277
5280
5282
5284
5285
5286
5289
5291
5294
5297
5298
5301
5302
5306
5309
5311
5313
5315
5317
5319
5323
5324
5329
5336
5339
5342
5343
5344
5345
5346
5349
5350
5352
5355
5356
5359
5362
5363
5365
5369
5372
5375
5376
5377
5378
5382
5383
5385
5387
5389
5390
5393
5394
5396
5399
5400
5401
5404
5405
5407
5418
5423
5424
5425
5432
5433
5434
5435
5436
5437
5438
5440
5443
5447
5449
5451
5453
5454
5455
5457
5458
5459
5462
5463
5464
5466
5469
5472
5476
5480
5483
5484
5487
5490
5491
5494
5496
5497
5499
5500
5501
5504
5510
5513
5517
5518
5519
5521
5522
5523
5525
5526
5530
5533
5542
5551
5555
5557
5562
5563
5565
5567
5568
5571
5575
5578
5583
5586
5587
5588
5590
5592
5595
5599
5600
5601
5602
5604
5607
5609
5610
5613
5614
5616
5618
5621
5625
5627
5630
5631
5632
5634
5639
5641
5642
5643
5644
5645
5646
5647
5650
5651
5656
5658
5660
5661
5663
5664
5665
5668
5672
5673
5676
5678
5679
5681
5683
5684
5687
5689
5690
5694
5696
5699
5701
5703
5704
5705
5706
5709
5710
5714
5717
5718
5720
5723
5724
5727
5729
5732
5734
5737
5740
5742
5745
5748
5749
5751
5755
5793
5797
5800
5802
5803
5804
5808
5809
5810
5812
5815
5818
5819
5820
5822
5826
5827
5828
5829
5831
5836
5837
5838
5840
5842
5843
5844
5848
5850
5854
5855
5857
5858
5861
5863
5864
5865
5869
5871
5872
5873
5876
5878
5879
5881
5882
5884
5902
5903
5906
5908
5909
5912
5915
5932
5933
5936
5937
5940
5943
5946
5950
5952
5954
5957
5958
5960
5962
5965
5966
5969
5971
5973
5977
5983
5984
5987
5989
5994
5995
5998
5999
6000
6003
6005
6008
6009
6012
6015
6016
6018
6019
6020
6022
6024
6030
6031
6032
6033
6037
6038
6041
6042
6044
6046
6048
6053
6059
6060
6064
6065
6066
6067
6068
6069
6071
6077
6080
6089
6090
6091
6092
6094
6095
6096
6097
6099
6101
6102
6103
6104
6106
6107
6108
6112
6113
6115
6119
6123
6128
6131
6134
6135
6137
6143
6144
6145
6146
6151
6153
6155
6156
6159
6163
6166
6167
6169
6171
6173
6176
6178
6181
6182
6185
6187
6193
6194
6197
6199
6202
6204
6205
6207
6208
6209
6212
6216
6218
6219
6222
6226
6232
6234
6237
6240
6241
6243
6245
6247
6248
6250
6253
6255
6256
6258
6260
6261
6264
6265
6267
6272
6274
6276
6277
6278
6279
6280
6282
6284
6286
6289
6291
6292
6298
6300
6303
6305
6307
6310
6312
6313
6319
6322
6323
6326
6328
6329
6337
6338
6340
6342
6343
6347
6351
6353
6355
6356
6357
6358
6360
6362
6363
6365
6370
6372
6374
6378
6381
6383
6385
6389
6390
6395
6397
6398
6400
6402
6404
6406
6408
6409
6410
6411
6416
6417
6423
6425
6426
6427
6428
6429
6432
6433
6435
6437
6441
6443
6445
6447
6450
6452
6453
6456
6458
6461
6465
6470
6472
6474
6475
6479
6480
6482
6485
6487
6488
6493
6495
6497
6498
6501
6502
6503
6504
6507
6508
6511
6512
6515
6516
6519
6524
6526
6529
6530
6531
6534
6536
6539
6541
6544
6545
6548
6550
6551
6553
6554
6559
6561
6564
6565
6569
6571
6572
6574
6575
6577
6579
6584
6585
6587
6590
6593
6595
6597
6598
6599
6604
6607
6611
6612
6614
6617
6618
6621
6623
6624
6625
6626
6627
6631
6634
6636
6638
6640
6642
6644
6645
6647
6649
6651
6654
6657
6659
6668
6672
6679
6682
6685
6689
6696
6699
6704
6705
6706
6708
6709
6714
6716
6719
6722
6724
6726
6727
6731
6732
6735
6737
6739
6741
6743
6748
6749
6754
6759
6760
6763
6765
6767
6769
6771
6773
6775
6776
6777
6780
6781
6784
6787
6789
6791
6792
6795
6796
6797
6799
6801
6802
6803
6806
6808
6814
6824
6831
6832
6848
6862
6868
6886
6890
6893
6939
6946
6949
6951
6953
6955
6959
6961
6966
6969
6973
6974
6976
6979
6980
6985
6988
6990
6993
6994
6995
6998
7001
7003
7004
7005
7008
7010
7012
7013
7014
7015
7016
7018
7019
7020
7022
7024
7027
7029
7031
7032
7034
7037
7038
7045
7048
7051
7052
7054
7065
7068
7072
7073
7077
7079
7081
7083
7087
7089
7092
7096
7098
7100
7103
7106
7107
7108
7110
7114
7117
7121
7125
7127
7128
7130
7132
7134
7135
7139
7140
7143
7146
7147
7148
7150
7151
7154
7155
7160
7162
7170
7172
7173
7175
7176
7178
7181
7183
7185
7186
7189
7191
7193
7196
7197
7199
7200
7202
7203
7205
7207
7210
7211
7213
7215
7217
7221
7224
7225
7226
7231
7232
7233
7239
7240
7241
7243
7246
7248
7251
7253
7255
7256
7257
7258
7266
7270
7276
7277
7278
7280
7281
7284
7285
7286
7287
7292
7293
7294
7295
7296
7298
7322
7324
7326
7329
7330
7334
7336
7338
7340
7341
7342
7345
7347
7349
7350
7353
7355
7357
7359
7362
7364
7365
7367
7371
7372
7373
7375
7378
7381
7383
7385
7389
7390
7396
7399
7407
7411
7414
7417
7419
7422
7427
7429
7431
7432
7434
7444
7447
7449
7453
7455
7458
7461
7462
7465
7466
7468
7469
7474
7478
7481
7483
7484
7487
7488
7489
7491
7493
7495
7498
7501
7504
7505
7508
7513
7514
7517
7519
7520
7522
7523
7525
7533
7535
7536
7538
7540
7542
7545
7546
7557
7559
7561
7564
7567
7568
7573
7577
7582
7584
7590
7594
7596
7597
7603
7604
7605
7606
7608
7610
7613
7615
7619
7620
7624
7626
7631
7633
7637
7639
7646
7648
7652
7654
7656
7660
7662
7665
7669
7671
7672
7673
7675
7677
7681
7682
7683
7688
7702
7703
7704
7705
7706
7710
7712
7714
7721
7722
7725
7726
7727
7729
7730
7734
7735
7736
7737
7739
7740
7742
7743
7744
7748
7750
7751
7752
7757
7759
7763
7766
7767
7768
7769
7770
7773
7775
7776
7778
7784
7793
7795
7796
7799
7800
7801
7803
7804
7805
7807
7810
7813
7816
7818
7820
7821
7825
7827
7828
7830
7831
7836
7837
7839
7840
7842
7843
7845
7847
7849
7851
7852
7853
7862
7863
7864
7867
7870
7871
7874
7875
7876
7877
7879
7881
7882
7884
7885
7886
7888
7889
7892
7896
7898
7899
7902
7905
7907
7908
7909
7910
7911
7913
7914
7915
7917
7918
7919
7921
7922
7924
7926
7929
7930
7932
7933
7934
7938
7939
7944
7947
7950
7951
7953
7954
7958
7959
7960
7964
7965
7966
7970
7971
7975
7977
7978
7979
7980
7981
7983
7986
7988
7991
7994
7996
7998
8001
8002
8005
8007
8008
8011
8015
8018
8019
8020
8022
8028
8033
8034
8036
8039
8040
8044
8045
8048
8049
8050
8055
8058
8060
8061
8064
8065
8066
8067
8070
8071
8072
8073
8074
8076
8078
8079
8081
8083
8087
8096
8097
8099
8100
8102
8106
8108
8109
8112
8116
8117
8120
8124
8127
8128
8134
8136
8138
8140
8141
8147
8148
8149
8150
8151
8154
8166
8170
8172
8173
8178
8179
8183
8185
8188
8189
8190
8194
8195
8202
8205
8206
8207
8214
8216
8217
8219
8228
8229
8231
8233
8235
8239
8245
8247
8253
8260
8261
8263
8264
8267
8270
8273
8277
8278
8279
8280
8282
8283
8285
8286
8288
8289
8290
8294
8299
8304
8305
8308
8309
8313
8315
8317
8318
8320
8321
8322
8328
8330
8332
8335
8336
8337
8345
8348
8350
8352
8354
8357
8359
8367
8368
8370
8375
8376
8378
8381
8385
8387
8391
8392
8394
8397
8398
8399
8425
8426
8428
8429
8431
8435
8439
8441
8443
8447
8448
8450
8452
8453
8456
8459
8460
8462
8464
8466
8467
8470
8471
8472
8473
8476
8478
8479
8483
8486
8500
8507
8515
8519
8530
8532
8538
8540
8541
8542
8544
8545
8547
8548
8550
8551
8552
8554
8556
8557
8559
8560
8564
8565
8570
8574
8576
8577
8578
8579
8581
8582
8584
8587
8588
8590
8591
8593
8594
8595
8596
8597
8600
8602
8603
8605
8606
8610
8612
8618
8619
8620
8621
8622
8623
8626
8627
8628
8629
8630
8633
8635
8638
8639
8642
8643
8646
8647
8649
8651
8653
8654
8656
8658
8662
8665
8666
8668
8669
8670
8673
8675
8676
8678
8679
8681
8684
8685
8687
8688
8691
8692
8698
8700
8701
8704
8708
8709
8711
8717
8722
8723
8725
8729
8730
8732
8734
8735
8737
8740
8744
8746
8747
8748
8753
8755
8756
8758
8759
8766
8767
8768
8769
8771
8772
8778
8780
8781
8782
8783
8785
8787
8789
8793
8795
8798
8800
8802
8804
8805
8807
8809
8811
8813
8817
8821
8823
8827
8828
8830
8834
8838
8839
8840
8841
8843
8851
8852
8853
8856
8861
8863
8864
8866
8870
8871
8872
8875
8876
8878
8879
8884
8888
8893
8894
8896
8897
8898
8899
8900
8903
8907
8910
8911
8912
8913
8919
8920
8922
8930
8932
8934
8938
8939
8940
8942
8944
8947
8950
8951
8953
8957
8959
8962
8964
8965
8967
8971
8972
8974
8977
8982
8985
8992
9014
9016
9018
9028
9032
9033
9035
9039
9040
9043
9048
9056
9057
9058
9059
9061
9066
9068
9071
9073
9076
9078
9082
9086
9091
9093
9095
9098
9106
9108
9109
9114
9115
9116
9118
9121
9122
9123
9126
9128
9130
9132
9133
9134
9136
9140
9148
9152
9154
9157
9159
9162
9167
9169
9170
9171
9172
9174
9179
9183
9188
9189
9195
9196
9198
9201
9203
9205
9207
9212
9213
9214
9221
9222
9223
9229
9231
9232
9235
9238
9239
9241
9243
9244
9246
9247
9248
9251
9254
9257
9259
9263
9267
9269
9273
9278
9279
9281
9283
9285
9286
9292
9294
9297
9300
9302
9303
9304
9305
9310
9311
9314
9317
9318
9320
9321
9322
9323
9324
9327
9331
9335
9337
9340
9343
9346
9348
9349
9350
9355
9359
9361
9364
9366
9371
9374
9377
9378
9381
9383
9385
9386
9388
9391
9393
9396
9397
9398
9402
9405
9408
9410
9415
9416
9417
9418
9420
9423
9425
9429
9432
9433
9435
9441
9444
9445
9446
9447
9451
9453
9455
9456
9457
9459
9460
9462
9463
9465
9469
9470
9472
9474
9477
9483
9484
9485
9486
9489
9491
9492
9493
9494
9497
9499
9500
9501
9502
9505
9507
9509
9511
9512
9514
9515
9516
9518
9519
9521
9523
9525
9531
9533
9537
9538
9539
9541
9545
9547
9550
9551
9554
9555
9556
9558
9561
9562
9563
9565
9567
9568
9569
9570
9571
9574
9575
9577
9579
9580
9581
9582
9584
9589
9590
9592
9597
9599
9601
9605
9607
9608
9611
9612
9615
9618
9620
9624
9626
9632
9634
9636
9638
9640
9641
9644
9650
9652
9653
9656
9658
9659
9662
9663
9669
9670
9673
9674
9677
9679
9681
9684
9685
9687
9690
9692
9693
9695
9697
9700
9702
9704
9706
9708
9709
9710
9712
9717
9719
9724
9726
9728
9731
9737
9741
9742
9745
9746
9748
9751
9752
9755
9756
9758
9761
9768
9769
9770
9773
9775
9778
9780
9782
9787
9788
9790
9793
9797
9798
9800
9804
9805
9807
9808
9810
9812
9816
9818
9822
9823
9824
9825
9827
9828
9833
9835
9836
9840
9841
9843
9846
9847
9849
9851
9852
9854
9857
9859
9864
9867
9869
9870
9871
9873
9875
9878
9879
9881
9882
9883
9885
9886
9887
9889
9890
9898
9901
9903
9904
9905
9912
9913
9914
9925
9926
9934
9937
9972
9997
9998
10002
10003
10005
10009
10010
10027
10038
10042
10046
10048
10050
10054
10055
10056
10060
10063
10064
10065
10070
10072
10076
10098
10106
10129
10130
10135
10137
10140
10143
10148
10149
10177
10186
10191
10193
10195
10196
10205
10207
10210
10216
10217
10220
10222
10223
10224
10226
10229
10231
10233
10236
10245
10247
10251
10255
10257
10259
10261
10262
10264
10266
10267
10269
10274
10275
10277
10280
10281
10282
10285
10288
10290
10292
10295
10298
10301
10302
10305
10307
10308
10310
10311
10313
10314
10316
10321
10322
10332
10333
10335
10342
10344
10348
10351
10352
10375
10376
10378
10379
10382
10384
10386
10388
10389
10390
10394
10395
10396
10399
10401
10403
10405
10408
10410
10413
10414
10415
10418
10420
10423
10424
10427
10429
10430
10433
10434
10435
10437
10438
10441
10445
10446
10448
10450
10453
10455
10457
10458
10460
10461
10463
10465
10466
10468
10472
10474
10476
10482
10486
10487
10488
10490
10491
10493
10496
10498
10501
10502
10504
10508
10510
10513
10514
10516
10517
10520
10522
10527
10530
10535
10538
10543
10545
10546
10550
10554
10556
10559
10561
10562
10563
10564
10566
10569
10570
10571
10572
10579
10583
10586
10589
10590
10592
10593
10598
10601
10605
10608
10609
10611
10615
10617
10618
10619
10620
10622
10623
10626
10627
10633
10634
10636
10641
10643
10647
10650
10652
10653
10660
10661
10663
10667
10669
10671
10672
10674
10676
10678
10684
10685
10686
10687
10690
10692
10696
10698
10702
10705
10706
10707
10711
10713
10716
10718
10723
10727
10728
10731
10733
10734
10735
10737
10738
10743
10744
10745
10748
10750
10754
10755
10761
10763
10768
10773
10775
10778
10782
10784
10788
10791
10798
10800
10804
10805
10806
10809
10813
10814
10817
10819
10822
10823
10824
10828
10833
10835
10845
10847
10854
10856
10860
10861
10863
10866
10867
10869
10873
10875
10877
10878
10881
10884
10890
10895
10899
10905
10906
10907
10909
10910
10912
10913
10914
10920
10923
10925
10929
10930
10931
10937
10938
10939
10941
10946
10947
10948
10951
10952
10953
10954
10960
10961
10963
10966
10968
10970
10971
10972
10974
10975
10979
10984
10985
10987
10988
10991
10992
10994
10996
10999
11001
11005
11007
11008
11012
11013
11015
11018
11023
11025
11030
11033
11035
11036
11039
11040
11044
11046
11049
11051
11055
11064
11065
11068
11069
11078
11080
11081
11084
11088
11090
11094
11099
11100
11102
11104
11109
11110
11122
11129
11134
11136
11137
11141
11145
11151
11152
11155
11159
11162
11165
11166
11167
11170
11173
11175
11176
11180
11183
11185
11186
11192
11193
11197
11201
11203
11204
11205
11208
11212
11214
11216
11218
11221
11222
11224
11231
11246
11248
11250
11258
11268
11279
11283
11285
11296
11302
11313
11316
11322
11329
11331
11333
11334
11338
11341
11343
11344
11345
11347
11349
11350
11353
11359
11362
11363
11369
11373
11375
11387
11394
11400
11403
11408
11411
11413
11415
11426
11436
11466
11467
11477
11480
11489
11491
11493
11495
11498
11500
11501
11502
11505
11508
11510
11513
11515
11517
11518
11519
11522
11525
11544
11546
11547
11548
11549
11551
11553
11557
11560
11562
11565
11566
11570
11572
11577
11579
11580
11581
11584
11586
11587
11589
11595
11597
11601
11603
11605
11607
11610
11614
11618
11619
11626
11628
11629
11630
11634
11638
11642
11644
11646
11647
11649
11651
11652
11653
11654
11655
11656
11658
11660
11661
11662
11664
11666
11668
11669
11671
11673
11678
11684
11686
11687
11688
11693
11694
11696
11697
11699
11701
11707
11712
11714
11717
11719
11721
11724
11725
11727
11728
11729
11730
11732
11733
11734
11741
11743
11746
11748
11749
11751
11755
11757
11760
11762
11763
11765
11768
11770
11772
11774
11775
11779
11780
11781
11784
11787
11788
11789
11790
11793
11796
11800
11802
11803
11804
11805
11808
11810
11811
11814
11818
11819
11820
11823
11824
11825
11830
11831
11833
11835
11836
11841
11843
11844
11846
11847
11849
11850
11851
11852
11855
11859
11862
11868
11869
11871
11872
11875
11877
11879
11880
11882
11884
11886
11888
11890
11894
11895
11898
11900
11902
11904
11905
11907
11909
11912
11914
11915
11917
11925
11927
11934
11939
11943
11947
11950
11951
11955
11957
11960
11963
11964
11968
11969
11972
11974
11975
11979
11980
11982
11984
11985
11993
11996
11998
11999
12000
12003
12004
12005
12009
12011
12014
12016
12019
12021
12022
12026
12027
12036
12037
12038
12041
12044
12050
12052
12053
12056
12058
12060
12063
12064
12066
12072
12074
12077
12080
12082
12084
12085
12086
12090
12092
12093
12095
12096
12097
12106
12107
12108
12110
12113
12115
12118
12119
12121
12124
12129
12131
12135
12139
12142
12145
12146
12150
12153
12154
12157
12160
12164
12166
12171
12176
12179
12185
12186
12189
12193
12197
12206
12208
12214
12218
12220
12225
12227
12239
12241
12242
12243
12245
12246
12249
12250
12251
12252
12254
12259
12261
12264
12265
12268
12269
12271
12272
12275
12277
12280
12283
12285
12287
12289
12292
12293
12294
12298
12299
12301
12304
12305
12306
12312
12313
12314
12316
12319
12321
12322
12326
12328
12330
12331
12332
12333
12336
12339
12341
12344
12345
12346
12347
12349
12352
12355
12356
12360
12363
12367
12368
12369
12374
12375
12377
12378
12380
12382
12383
12385
12386
12395
12397
12403
12404
12408
12411
12412
12418
12419
12423
12444
12448
12450
12451
12464
12466
12496
12498
12499
12504
12505
12506
12509
12510
12513
12518
12521
12522
12523
12525
12528
12531
12534
12535
12537
12539
12543
12544
12545
12548
12550
12553
12554
12557
12558
12565
12567
12572
12573
12575
12576
12579
12581
12583
12587
12588
12589
12591
12593
12598
12599
12603
12604
12607
12608
12613
12615
12617
12621
12627
12629
12630
12632
12633
12634
12700
12702
12705
12706
12707
12713
12715
12716
12718
12719
12721
12723
12727
12730
12732
12734
12736
12737
12739
12742
12744
12746
12747
12749
12751
12752
12756
12760
12762
12764
12765
12766
12768
12769
12773
12774
12777
12779
12784
12785
12789
12791
12793
12797
12798
12799
12801
12804
12806
12809
12813
12814
12818
12823
12825
12826
12829
12831
12835
12836
12837
12838
12839
12840
12843
12844
12849
12850
12851
12855
12860
12861
12868
12870
12871
12874
12876
12877
12882
12885
12886
12887
12888
12889
12891
12895
12896
12899
12900
12902
12903
12905
12906
12908
12909
12926
12937
12958
12968
12971
12975
12976
12979
12983
12984
12988
12990
12991
12995
12997
12998
13003
13007
13010
13012
13013
13014
13015
13016
13057
13067
13086
13089
13090
13094
13096
13097
13115
13148
13153
13156
13157
13159
13163
13164
13166
13169
13170
13172
13175
13179
13182
13183
13185
13187
13189
13190
13194
13196
13199
13200
13202
13203
13206
13208
13212
13217
13218
13220
13221
13224
13225
13226
13227
13230
13232
13234
13237
13239
13240
13241
13244
13249
13252
13253
13257
13258
13261
13262
13263
13264
13265
13266
13267
13269
13272
13273
13274
13279
13282
13285
13286
13288
13290
13293
13295
13298
13301
13305
13307
13308
13310
13311
13314
13318
13324
13326
13327
13329
13331
13333
13335
13336
13338
13340
13345
13346
13347
13349
13350
13354
13357
13358
13359
13361
13365
13367
13368
13369
13371
13373
13374
13378
13381
13382
13387
13390
13391
13402
13404
13428
13431
13434
13435
13437
13438
13449
13474
13477
13482
13484
13521
13524
13526
13527
13528
13530
13531
13533
13536
13540
13542
13543
13544
13546
13551
13552
13554
13558
13564
13565
13585
13589
13590
13592
13593
13595
13623
13626
13627
13629
13631
13656
13661
13663
13665
13667
13679
13710
13713
13714
13715
13717
13719
13721
13723
13726
13727
13728
13734
13735
13736
13740
13741
13742
13743
13746
13756
13757
13759
13762
13763
13764
13766
13767
13770
13773
13775
13778
13782
13783
13785
13787
13790
13792
13793
13829
13830
13831
13835
13843
13845
13846
13847
13851
13853
13855
13858
13861
13863
13866
13869
13872
13874
13879
13883
13888
13890
13894
13896
13897
13899
13901
13902
13903
13904
13909
13912
13914
13916
13917
13920
13921
13925
13927
13928
13929
13931
13935
13939
13940
13941
13942
13945
13950
13953
13955
13957
13958
13961
13962
13964
13966
13969
13973
13974
13976
13979
13981
13983
13985
13986
13991
13993
13997
13998
14001
14002
14003
14004
14006
14008
14010
14011
14013
14015
14016
14020
14021
14023
14031
14032
14033
14034
14037
14038
14039
14042
14045
14046
14048
14049
14051
14052
14054
14055
14058
14062
14063
14066
14067
14070
14075
14077
14078
14082
14085
14086
14089
14093
14095
14096
14097
14098
14100
14102
14106
14110
14112
14113
14114
14116
14119
14121
14123
14124
14127
14132
14133
14134
14136
14138
14144
14145
14147
14150
14153
14154
14155
14157
14158
14160
14161
14162
14164
14165
14166
14171
14173
14176
14177
14179
14181
14183
14187
14189
14193
14196
14198
14199
14201
14204
14207
14210
14211
14213
14214
14217
14220
14222
14227
14229
14232
14234
14238
14240
14242
14244
14246
14248
14249
14250
14253
14255
14257
14259
14260
14263
14269
14273
14275
14278
14280
14281
14283
14285
14287
14288
14291
14295
14298
14300
14301
14302
14303
14305
14306
14310
14312
14313
14314
14317
14318
14320
14322
14323
14325
14327
14330
14331
14337
14338
14341
14342
14346
14347
14352
14354
14356
14358
14360
14362
14363
14366
14367
14372
14374
14375
14379
14381
14383
14386
14388
14389
14393
14395
14396
14397
14399
14400
14402
14404
14406
14408
14412
14413
14415
14417
14418
14420
14422
14425
14427
14430
14431
14433
14434
14438
14440
14441
14442
14443
14444
14445
14446
14447
14450
14454
14455
14457
14461
14464
14466
14468
14469
14471
14473
14478
14480
14483
14484
14485
14486
14489
14491
14492
14493
14494
14496
14498
14500
14501
14506
14507
14509
14512
14515
14516
14517
14523
14524
14527
14530
14543
14546
14550
14551
14553
14556
14558
14560
14561
14568
14569
14570
14572
14574
14576
14580
14581
14584
14585
14586
14590
14593
14595
14596
14598
14599
14601
14603
14604
14609
14611
14614
14617
14618
14620
14621
14624
14628
14630
14632
14633
14635
14636
14640
14641
14644
14648
14649
14650
14653
14657
14660
14663
14664
14666
14668
14671
14675
14678
14680
14681
14684
14685
14688
14689
14690
14692
14693
14695
14698
14700
14702
14704
14705
14706
14708
14710
14711
14713
14714
14715
14718
14719
14720
14723
14725
14726
14728
14730
14732
14733
14735
14737
14738
14740
14742
14743
14750
14751
14753
14756
14759
14761
14764
14765
14767
14768
14800
14820
14823
14826
14831
14834
14835
14843
14845
14848
14850
14853
14854
14855
14856
14857
14859
14860
14862
14865
14869
14870
14872
14875
14878
14880
14881
14882
14883
14886
14890
14891
14894
14895
14899
14900
14901
14905
14910
14914
14915
14916
14920
14921
14922
14925
14927
14930
14931
14933
14935
14937
14938
14940
14942
14943
14945
14948
14950
14952
14953
14955
14956
14959
14961
14962
14963
14966
14970
14973
14980
14981
14982
14984
14989
14991
14992
14995
14996
15001
15002
15003
15004
15005
15007
15009
15010
15012
15031
15033
15034
15037
15039
15042
15046
15048
15050
15051
15052
15053
15054
15055
15057
15058
15061
15062
15063
15068
15071
15074
15077
15081
15082
15088
15093
15100
15101
15105
15106
15107
15111
15113
15116
15119
15121
15123
15126
15137
15138
15145
15153
15154
15158
15161
15164
15166
15168
15172
15175
15183
15185
15190
15191
15194
15197
15200
15204
15214
15218
15221
15223
15224
15225
15227
15228
15230
15231
15233
15238
15239
15240
15241
15242
15246
15248
15251
15253
15258
15259
15262
15264
15265
15268
15273
15276
15280
15283
15284
15290
15294
15295
15302
15306
15307
15311
15316
15319
15321
15323
15335
15336
15341
15342
15346
15349
15352
15353
15358
15365
15368
15369
15370
15371
15376
15378
15379
15380
15381
15382
15384
15388
15390
15393
15401
15404
15406
15410
15412
15419
15422
15425
15426
15434
15437
15438
15439
15440
15442
15444
15445
15447
15448
15450
15451
15454
15455
15458
15461
15462
15465
15468
15469
15472
15473
15475
15476
15477
15479
15482
15483
15484
15487
15493
15495
15496
15497
15500
15502
15503
15507
15509
15516
15519
15520
15523
15525
15528
15531
15532
15536
15538
15539
15541
15543
15550
15556
15560
15562
15563
15564
15568
15570
15571
15574
15577
15580
15586
15588
15590
15591
15593
15595
15599
15602
15604
15607
15609
15611
15612
15614
15618
15620
15622
15624
15627
15630
15633
15635
15639
15640
15642
15649
15650
15655
15666
15672
15675
15677
15679
15681
15682
15685
15692
15694
15698
15701
15705
15706
15710
15711
15713
15715
15716
15718
15722
15726
15727
15730
15731
15732
15734
15736
15743
15744
15748
15753
15755
15756
15778
15800
15801
15824
15827
15829
15831
15833
15834
15835
15836
15838
15839
15840
15842
15843
15844
15847
15849
15854
15859
15860
15863
15864
15893
15916
15960
15962
15963
15987
15988
15996
15998
16000
16005
16007
16020
16025
16027
16028
16030
16031
16033
16035
16038
16039
16044
16050
16052
16055
16058
16059
16060
16064
16070
16072
16073
16076
16078
16080
16089
16092
16105
16109
16113
16129
16130
16132
16137
16139
16143
16144
16145
16146
16148
16149
16150
16151
16152
16153
16156
16157
16158
16159
16161
16163
16165
16166
16195
16197
16199
16203
16206
16208
16211
16217
16219
16221
16223
16226
16234
16236
16237
16239
16260
16261
16264
16267
16268
16269
16331
16336
16341
16342
16343
16344
16351
16352
16355
16356
16359
16360
16362
16365
16376
16379
16381
16383
16384
16387
16393
16395
16399
16400
16402
16403
16405
16407
16408
16410
16411
16412
16417
16419
16423
16425
16427
16430
16432
16435
16437
16438
16440
16443
16445
16448
16449
16450
16451
16454
16455
16456
16457
16461
16463
16465
16467
16471
16473
16474
16476
16477
16479
16482
16483
16486
16488
16490
16492
16494
16496
16497
16501
16503
16504
16506
16507
16509
16512
16514
16516
16518
16519
16521
16522
16523
16524
16526
16528
16529
16532
16533
16534
16536
16537
16540
16544
16546
16551
16554
16556
16557
16559
16560
16562
16566
16567
16569
16571
16572
16575
16577
16579
16581
16583
16588
16589
16591
16592
16593
16595
16596
16597
16599
16600
16601
16603
16604
16607
16608
16610
16611
16614
16618
16619
16621
16622
16625
16627
16628
16630
16634
16636
16638
16639
16644
16647
16648
16652
16654
16657
16659
16661
16662
16664
16666
16670
16671
16673
16674
16675
16677
16678
16680
16688
16689
16690
16691
16692
16712
16729
16764
16772
16780
16824
16847
16850
16852
16853
16878
16883
16888
16890
16892
16894
16897
16899
16902
16904
16905
16907
16909
16910
16911
16912
16913
16915
16918
16919
16921
16923
16925
16936
16937
16939
16942
16943
16945
16948
16950
16953
16954
16956
16960
16962
16963
16964
16967
16970
16971
16973
16974
16975
16976
16977
16978
16980
16981
16983
16985
16987
16988
16990
16995
16998
17000
17001
17002
17004
17005
17007
17008
17011
17013
17014
17021
17023
17028
17030
17032
17033
17034
17036
17038
17040
17041
17043
17044
17048
17049
17050
17054
17058
17060
17063
17065
17066
17068
17071
17075
17079
17082
17085
17086
17087
17090
17091
17093
17097
17098
17101
17102
17103
17105
17106
17108
17111
17112
17115
17117
17118
17119
17121
17123
17125
17126
17128
17132
17133
17134
17136
17139
17144
17146
17148
17150
17153
17155
17157
17158
17161
17162
17165
17166
17169
17171
17172
17177
17178
17180
17182
17184
17186
17188
17190
17192
17193
17194
17197
17199
17201
17204
17206
17207
17208
17209
17212
17214
17215
17216
17218
17219
17221
17226
17232
17234
17236
17239
17241
17243
17245
17247
17249
17254
17255
17257
17259
17261
17264
17266
17268
17269
17270
17275
17276
17279
17280
17287
17293
17295
17296
17297
17298
17302
17303
17307
17312
17314
17315
17316
17318
17319
17322
17325
17326
17327
17329
17332
17336
17338
17339
17341
17344
17346
17349
17353
17355
17356
17357
17358
17360
17362
17367
17368
17374
17377
17379
17381
17388
17390
17392
17394
17396
17398
17402
17404
17407
17409
17410
17413
17414
17418
17421
17427
17431
17436
17439
17442
17450
17454
17458
17460
17464
17466
17471
17474
17476
17479
17484
17486
17489
17495
17498
17502
17505
17509
17513
17516
17518
17519
17522
17527
17529
17531
17535
17540
17542
17546
17552
17557
17564
17568
17570
17571
17574
17578
17625
17630
17632
17633
17634
17635
17637
17638
17639
17641
17645
17648
17651
17653
17654
17659
17661
17665
17666
17667
17689
17691
17693
17694
17697
17698
17702
17704
17706
17709
17713
17715
17720
17722
17728
17729
17730
17735
17739
17741
17742
17745
17747
17749
17752
17757
17762
17767
17768
17770
17773
17777
17779
17781
17783
17787
17789
17791
17793
17795
17796
17797
17800
17801
17802
17804
17805
17808
17809
17816
17817
17818
17819
17820
17824
17826
17828
17833
17834
17838
17849
17852
17854
17856
17858
17862
17863
17865
17867
17870
17871
17878
17908
17954
17957
17959
17970
17973
17974
17977
17978
17986
17989
17991
17992
17997
17998
18000
18001
18003
18006
18008
18009
18011
18028
18029
18044
18068
18070
18073
18079
18081
18085
18087
18090
18092
18094
18096
18099
18101
18103
18105
18106
18107
18110
18111
18113
18115
18118
18119
18136
18142
18143
18147
18182
18184
18187
18192
18195
18197
18200
18203
18205
18207
18208
18210
18212
18213
18214
18215
18217
18219
18220
18221
18222
18223
18225
18227
18230
18233
18237
18238
18239
18240
18242
18243
18247
18249
18252
18253
18257
18258
18259
18263
18264
18266
18269
18270
18272
18275
18276
18279
18282
18316
18321
18324
18327
18329
18332
18335
18337
18338
18339
18342
18347
18349
18352
18355
18357
18358
18361
18362
18364
18366
18368
18375
18377
18378
18381
18382
18383
18386
18388
18389
18390
18439
18442
18447
18449
18450
18453
18455
18456
18457
18458
18460
18461
18462
18463
18466
18482
18483
18484
18515
18520
18522
18523
18526
18528
18530
18534
18539
18545
18546
18547
18549
18550
18552
18553
18556
18559
18560
18562
18563
18566
18568
18570
18573
18577
18578
18581
18582
18583
18587
18591
18593
18594
18595
18599
18601
18604
18606
18607
18608
18611
18614
18616
18619
18622
18623
18624
18626
18632
18638
18640
18645
18647
18649
18651
18653
18654
18657
18658
18660
18661
18666
18670
18671
18672
18674
18675
18677
18679
18683
18684
18685
18688
18689
18692
18693
18696
18698
18700
18701
18702
18704
18707
18708
18713
18716
18719
18721
18723
18724
18727
18729
18732
18733
18734
18736
18740
18743
18775
18777
18778
18780
18781
18782
18787
18798
18878
18887
18902
18916
18926
18927
18937
18939
18940
18942
18943
18944
18948
18951
18952
18954
18955
18957
18959
18962
18966
18967
18972
18975
18976
18979
18982
18985
18987
18990
18991
19018
19021
19024
19025
19027
19031
19032
19036
19037
19040
19042
19046
19048
19049
19051
19052
19054
19055
19057
19059
19061
19067
19071
19077
19082
19084
19088
19091
19094
19095
19098
19100
19104
19105
19107
19111
19115
19118
19119
19122
19123
19127
19129
19133
19136
19139
19140
19142
19148
19149
19152
19153
19155
19157
19159
19160
19161
19165
19168
19169
19178
19191
19193
19195
19198
19199
19200
19206
19207
19209
19211
19213
19214
19217
19219
19220
19224
19228
19229
19231
19232
19234
19235
19239
19241
19242
19244
19247
19250
19251
19252
19256
19257
19259
19264
19265
19267
19268
19270
19272
19273
19274
19275
19276
19279
19281
19282
19284
19289
19292
19294
19295
19300
19302
19303
19309
19312
19313
19316
19317
19318
19320
19323
19324
19328
19331
19335
19337
19340
19341
19342
19346
19348
19349
19350
19354
19359
19361
19363
19366
19369
19372
19373
19382
19383
19387
19389
19392
19393
19395
19396
19399
19401
19402
19406
19409
19412
19413
19414
19417
19418
19419
19421
19423
19425
19429
19431
19432
19434
19435
19436
19437
19438
19439
19441
19517
19522
19569
19575
19576
19577
19578
19579
19598
19600
19601
19603
19604
19608
19611
19614
19616
19617
19618
19621
19623
19625
19629
19631
19632
19634
19636
19638
19640
19643
19645
19647
19650
19651
19654
19655
19657
19660
19662
19665
19666
19667
19689
19690
19692
19695
19697
19698
19702
19703
19708
19711
19716
19719
19720
19722
19727
19729
19730
19732
19733
19734
19735
19736
19737
19738
19740
19743
19745
19746
19747
19750
19756
19758
19760
19761
19763
19766
19768
19770
19772
19774
19775
19777
19781
19783
19784
19786
19790
19791
19793
19794
19796
19798
19801
19802
19806
19808
19810
19813
19814
19819
19825
19827
19862
19866
19870
19872
19877
19880
19882
19905
19908
19909
19912
19914
19919
19931
19952
19956
19959
19970
19974
19978
19981
19983
19995
20004
20019
20034
20047
20049
20050
20053
20057
20058
20059
20063
20070
20073
20077
20078
20079
20080
20086
20090
20091
20092
20094
20095
20098
20099
20102
20103
20104
20105
20109
20117
20118
20119
20122
20124
20126
20128
20130
20132
20133
20135
20140
20141
20143
20147
20150
20151
20157
20160
20163
20166
20167
20169
20173
20174
20175
20177
20180
20181
20182
20189
20190
20192
20193
20196
20199
20200
20201
20202
20203
20206
20208
20209
20210
20213
20215
20217
20218
20220
20222
20225
20226
20231
20234
20236
20241
20243
20247
20250
20257
20260
20262
20264
20266
20268
20273
20277
20283
20285
20286
20288
20289
20290
20293
20294
20295
20297
20299
20304
20306
20310
20317
20321
20324
20326
20328
20329
20333
20336
20337
20341
20342
20352
20359
20360
20362
20365
20367
20371
20372
20374
20378
20382
20386
20387
20390
20393
20395
20396
20398
20399
20400
20404
20407
20414
20415
20418
20423
20425
20427
20429
20431
20433
20438
20442
20445
20452
20478
20494
20496
20497
20499
20502
20507
20513
20522
20523
20532
20534
20537
20539
20545
20546
20549
20553
20554
20557
20560
20563
20566
20567
20574
20575
20578
20579
20583
20584
20586
20588
20589
20597
20622
20627
20628
20631
20633
20634
20636
20641
20642
20644
20645
20647
20650
20651
20655
20656
20658
20659
20660
20663
20664
20665
20667
20670
20671
20673
20675
20676
20678
20680
20683
20684
20687
20692
20693
20694
20695
20696
20699
20704
20708
20711
20714
20716
20717
20719
20723
20724
20727
20729
20733
20734
20735
20739
20744
20745
20746
20748
20749
20751
20752
20754
20755
20758
20762
20768
20769
20771
20773
20778
20779
20785
20789
20790
20791
20806
20815
20829
20831
20836
20841
20842
20843
20846
20848
20852
20855
20857
20860
20862
20863
20866
20871
20876
20878
20880
20882
20885
20886
20887
20889
20892
20894
20905
20907
20908
20940
20945
20973
20989
21025
21074
21096
21099
21108
21114
21115
21117
21139
21152
21154
21156
21177
21183
21191
21212
21215
21218
21227
21228
21230
21233
21234
21237
21240
21241
21242
21249
21250
21254
21299
21302
21304
21308
21311
21312
21323
21355
21356
21379
21383
21387
21389
21391
21394
21397
21399
21400
21402
21404
21406
21409
21412
21415
21416
21418
21420
21421
21424
21425
21427
21429
21431
21449
21451
21458
21463
21467
21471
21472
21475
21476
21479
21480
21484
21485
21486
21490
21491
21493
21494
21495
21496
21498
21499
21502
21520
21525
21527
21529
21531
21532
21533
21535
21540
21541
21544
21552
21555
21560
21562
21563
21564
21569
21570
21573
21576
21580
21581
21590
21591
21593
21599
21612
21615
21618
21626
21627
21630
21635
21637
21641
21642
21644
21645
21649
21650
21663
21665
21670
21672
21680
21681
21684
21687
21689
21691
21695
21696
21698
21708
21709
21710
21712
21713
21714
21715
21718
21719
21721
21724
21726
21734
21739
21741
21742
21743
21744
21746
21750
21752
21756
21757
21758
21761
21763
21764
21768
21770
21772
21775
21776
21779
21783
21789
21790
21791
21798
21799
21802
21804
21806
21810
21811
21813
21814
21822
21824
21833
21838
21839
21842
21844
21848
21849
21853
21862
21868
21881
21883
21885
21886
21889
21893
21898
21900
21901
21903
21905
21906
21908
21910
21912
21913
21953
21959
21960
21967
21969
21971
21972
21974
21977
21978
21981
21988
21990
21992
21993
21995
21996
21998
21999
22000
22002
22004
22006
22009
22012
22014
22015
22019
22022
22024
22029
22031
22034
22037
22039
22042
22045
22048
22050
22053
22054
22055
22058
22059
22064
22065
22066
22068
22070
22072
22074
22076
22077
22080
22081
22085
22086
22088
22090
22091
22093
22094
22096
22101
22102
22106
22108
22110
22114
22115
22120
22123
22124
22129
22131
22132
22134
22135
22136
22137
22138
22142
22145
22147
22148
22151
22152
22154
22155
22156
22158
22160
22165
22169
22170
22174
22176
22179
22181
22183
22186
22189
22190
22192
22195
22197
22201
22203
22204
22205
22206
22211
22233
22262
22271
22272
22316
22354
22363
22364
22372
22380
22442
22446
22493
22502
22514
22519
22569
22579
22581
22583
22584
22586
22590
22592
22594
22596
22599
22603
22605
22608
22610
22611
22614
22616
22619
22654
22655
22658
22660
22662
22663
22664
22665
22666
22669
22671
22673
22674
22676
22680
22681
22688
22691
22693
22696
22699
22701
22704
22708
22712
22714
22718
22720
22721
22723
22726
22729
22730
22731
22734
22735
22738
22741
22743
22745
22746
22747
22748
22751
22753
22756
22757
22759
22761
22763
22765
22766
22769
22770
22771
22773
22775
22776
22777
22779
22780
22784
22785
22786
22787
22790
22793
22795
22796
22798
22800
22803
22804
22807
22808
22810
22814
22815
22818
22819
22820
22822
22828
22830
22832
22834
22836
22837
22838
22842
22845
22846
22848
22851
22854
22858
22859
22860
22864
22865
22866
22869
22872
22876
22878
22880
22881
22883
22884
22887
22888
22890
22894
22896
22897
22900
22903
22905
22906
22907
22913
22914
22916
22920
22922
22929
22936
22938
22956
22959
22962
22964
22966
22968
22969
22970
22973
22976
22980
22982
22987
22989
22991
22992
22993
22997
23000
23002
23004
23006
23009
23010
23012
23015
23017
23021
23023
23024
23026
23044
23046
23047
23050
23051
23054
23056
23060
23061
23063
23065
23070
23072
23073
23075
23079
23080
23083
23084
23086
23092
23093
23094
23096
23097
23100
23102
23104
23105
23107
23109
23110
23111
23113
23114
23115
23120
23122
23125
23126
23130
23131
23132
23135
23139
23141
23142
23143
23144
23148
23149
23153
23155
23158
23160
23164
23165
23199
23275
23278
23280
23284
23287
23288
23290
23291
23292
23308
23309
23310
23311
23313
23314
23315
23318
23320
23321
23322
23324
23325
23329
23332
23333
23341
23343
23346
23348
23349
23351
23354
23355
23357
23359
23360
23363
23367
23370
23371
23373
23375
23377
23379
23381
23384
23386
23387
23388
23390
23394
23396
23397
23398
23401
23403
23404
23407
23412
23414
23415
23418
23419
23421
23422
23425
23426
23428
23431
23433
23436
23437
23440
23442
23446
23447
23449
23452
23453
23457
23459
23461
23462
23467
23470
23472
23476
23477
23479
23481
23482
23483
23484
23487
23489
23523
23524
23529
23532
23535
23539
23543
23545
23547
23549
23551
23555
23560
23565
23567
23570
23572
23573
23576
23578
23581
23584
23589
23592
23593
23596
23598
23599
23602
23603
23604
23606
23609
23610
23613
23616
23619
23629
23631
23636
23639
23641
23648
23649
23652
23655
23656
23661
23666
23672
23674
23675
23676
23677
23678
23682
23683
23687
23690
23691
23692
23694
23698
23702
23706
23713
23717
23720
23724
23727
23729
23731
23735
23737
23738
23743
23747
23750
23752
23754
23756
23758
23760
23761
23764
23765
23767
23775
23776
23778
23779
23781
23782
23784
23787
23788
23789
23791
23794
23798
23800
23806
23810
23811
23813
23815
23817
23820
23822
23823
23824
23828
23830
23834
23836
23837
23839
23843
23846
23847
23851
23859
23861
23863
23864
23865
23868
23870
23873
23874
23875
23878
23881
23883
23884
23888
23892
23893
23899
23901
23902
23904
23908
23910
23913
23915
23917
23918
23922
23926
23929
23932
23936
23938
23943
23947
23954
23963
23964
23979
23980
23981
23983
23984
23985
23987
23991
23993
23995
23997
23999
24001
24003
24008
24017
24019
24020
24021
24024
24026
24028
24033
24036
24038
24040
24044
24046
24049
24051
24053
24054
24055
24057
24058
24060
24061
24064
24066
24069
24070
24071
24073
24077
24078
24081
24082
24083
24084
24183
24186
24190
24194
24195
24196
24202
24204
24207
24210
24213
24218
24220
24233
24234
24236
24242
24243
24245
24252
24255
24257
24258
24259
24260
24264
24267
24269
24272
24275
24276
24277
24278
24279
24280
24283
24284
24287
24288
24290
24293
24296
24300
24301
24302
24305
24307
24308
24314
24319
24321
24323
24324
24325
24327
24331
24332
24335
24337
24338
24340
24341
24343
24345
24346
24348
24350
24356
24357
24362
24363
24367
24369
24371
24372
24377
24383
24384
24386
24387
24389
24392
24395
24398
24399
24400
24402
24404
24405
24408
24410
24413
24415
24417
24418
24420
24421
24426
24435
24438
24442
24443
24444
24446
24448
24452
24454
24468
24472
24474
24479
24492
24509
24615
24690
24714
24716
24718
24725
24726
24729
24730
24731
24735
24738
24739
24740
24742
24746
24774
24792
24837
24839
24846
24849
24851
24853
24857
24858
24866
24895
24900
24906
24907
24908
24911
24912
24918
24920
24921
24922
24923
24925
24926
24929
24930
24935
24936
24937
24945
24947
24955
24958
24962
24963
24970
24972
24973
24977
24983
24986
24989
24990
24996
24998
24999
25004
25007
25008
25011
25020
25024
25026
25031
25035
25044
25063
25069
25073
25077
25078
25079
25107
25116
25121
25130
25131
25135
25142
25143
25147
25149
25151
25269
25285
25286
25287
25292
25293
25294
25296
25298
25300
25307
25310
25320
25322
25326
25329
25334
25337
25339
25340
25344
25346
25347
25348
25352
25357
25360
25365
25368
25371
25373
25374
25376
25385
25417
25419
25422
25424
25425
25427
25428
25431
25435
25437
25438
25439
25442
25462
25464
25466
25467
25468
25469
25471
25472
25477
25480
25481
25482
25484
25485
25486
25496
25498
25500
25504
25506
25519
25522
25526
25527
25529
25535
25538
25544
25547
25550
25555
25560
25588
25592
25593
25594
25595
25600
25604
25606
25613
25619
25624
25633
25639
25645
25646
25652
25655
25657
25667
25696
25703
25722
25863
25870
25876
25881
25893
25898
25932
25933
25935
25936
25939
25940
25944
25946
25950
25951
25954
25955
25957
25959
25960
25962
25963
25965
25966
25967
25970
25972
25976
25978
25979
25980
25982
25985
25986
25987
25988
25990
25994
25995
25997
26003
26004
26006
26009
26010
26012
26014
26016
26024
26025
26040
26045
26047
26053
26055
26060
26070
26072
26073
26079
26082
26084
26085
26090
26092
26094
26096
26101
26108
26109
26111
26112
26114
26117
26119
26121
26124
26126
26129
26130
26133
26135
26137
26138
26142
26147
26150
26152
26155
26163
26177
26189
26222
26223
26260
26267
26269
26270
26274
26281
26282
26283
26285
26286
26290
26293
26298
26301
26302
26303
26306
26310
26312
26316
26318
26320
26324
26325
26328
26330
26335
26336
26339
26340
26343
26344
26348
26351
26352
26354
26355
26356
26361
26366
26370
26371
26372
26376
26379
26381
26384
26385
26389
26391
26397
26404
26409
26411
26419
26426
26429
26439
26445
26477
26478
26533
26534
26554
26573
26576
26577
26686
26687
26709
26712
26713
26716
26718
26724
26726
26773
26774
26785
26797
26798
26805
26807
26809
26814
26818
26819
26821
26822
26823
26829
26834
26848
26850
26853
26855
26857
26860
26861
26864
26865
26869
26872
26874
26875
26876
26878
26885
26886
26889
26890
26892
26893
26895
26896
26898
26905
26906
26907
26910
26911
26913
26914
26918
26919
26921
26922
26924
26925
26926
26927
26931
26934
26936
26938
26939
26943
26944
26949
26951
26955
26957
26959
26964
26967
26968
26971
26972
26975
26982
26990
27016
27023
27043
27045
27046
27050
27054
27055
27056
27059
27068
27070
27073
27076
27083
27086
27088
27093
27095
27100
27101
27103
27104
27106
27107
27109
27110
27113
27116
27121
27126
27128
27131
27133
27135
27136
27137
27141
27144
27145
27146
27148
27149
27152
27154
27158
27160
27161
27162
27163
27166
27168
27169
27170
27172
27178
27180
27182
27183
27189
27190
27193
27199
27200
27201
27203
27206
27209
27210
27215
27218
27225
27235
27237
27238
27243
27246
27249
27250
27251
27254
27302
27303
27306
27308
27346
27415
27417
27419
27421
27424
27425
27428
27429
27436
27503
27511
27602
27648
27650
27652
27653
27654
27836
27851
27885
27909
27982
27983
28121
28143
28144
28148
28151
28153
28176
28198
28288
28425
28452
28455
28456
28465
28467
28471
28474
28480
28486
28487
28488
28489
28490
28492
28494
28504
28508
28512
28520
28522
28527
28530
28532
28535
28537
28539
28540
28543
28544
28546
28548
28549
28551
28556
28559
28561
28564
28569
28570
28573
28578
28581
28582
28584
28586
28587
28588
28591
28594
28596
28597
28599
28601
28604
28605
28608
28611
28612
28614
28615
28618
28621
28623
28625
28628
28631
28632
28633
28634
28636
28640
28643
28644
28647
28649
28652
28655
28656
28661
28663
28664
28668
28669
28677
28679
28681
28684
28685
28688
28690
28695
28697
28705
28707
28709
28711
28713
28717
28719
28721
28723
28726
28729
28730
28734
28736
28741
28744
28746
28748
28750
28752
28754
28756
28757
28760
28761
28764
28766
28768
28771
28773
28777
28783
28784
28785
28787
28798
28899
28902
28906
28907
28909
28910
28911
28914
28917
28921
28922
28924
28927
28930
28934
28937
28943
28947
28949
28951
28953
28955
28957
28958
28963
28964
28968
28970
28973
28978
28981
28983
28986
28990
28994
28996
29006
29007
29054
29237
29239
29243
29246
29247
29249
29339
29340
29342
29344
29346
29347
29350
29352
29354
29356
29358
29359
29360
29361
29362
29365
29369
29416
29451
29452
29463
29491
29513
29555
29556
29557
29559
29561
29563
29566
29568
29572
29574
29577
29578
29581
29583
29585
29589
29590
29592
29596
29599
29602
29605
29607
29609
29614
29615
29618
29619
29622
29624
29626
29630
29632
29634
29637
29640
29642
29644
29646
29649
29651
29652
29653
29654
29658
29660
29663
29670
29673
29676
29677
29679
29681
29687
29690
29726
29731
29794
29808
29837
29843
29846
29863
29875
29878
29880
29896
29900
29905
29906
29915
29919
29920
29923
29924
29926
29927
29949
29950
29952
29956
29962
29965
29974
29977
29979
29980
29981
29984
29985
29987
29995
29998
30001
30005
30012
30016
30021
30022
30058
30059
30065
30068
30074
30077
30078
30079
30080
30081
30085
30086
30087
30088
30089
30090
30092
30095
30098
30100
30102
30103
30106
30107
30108
30112
30115
30116
30119
30122
30126
30130
30135
30137
30141
30144
30146
30149
30150
30154
30155
30161
30162
30167
30169
30170
30177
30178
30180
30184
30186
30188
30189
30190
30191
30192
30193
30194
30198
30202
30203
30205
30208
30209
30214
30216
30219
30222
30229
30233
30237
30238
30241
30245
30246
30253
30258
30262
30267
30269
30272
30275
30277
30283
30284
30292
30294
30304
30306
30311
30316
30317
30320
30321
30323
30324
30326
30330
30333
30335
30340
30344
30346
30347
30351
30353
30354
30359
30360
30361
30365
30366
30368
30371
30379
30382
30386
30388
30397
30398
30402
30404
30406
30410
30416
30417
30419
30421
30425
30429
30431
30434
30438
30439
30441
30442
30443
30445
30447
30450
30452
30455
30457
30459
30463
30464
30472
30473
30475
30477
30479
30484
30486
30488
30493
30494
30506
30508
30514
30520
30522
30524
30525
30527
30528
30529
30531
30533
30535
30540
30542
30543
30547
30552
30557
30559
30562
30563
30564
30568
30575
30578
30580
30582
30586
30590
30593
30596
30598
30601
30606
30608
30611
30614
30618
30620
30622
30623
30627
30628
30633
30636
30638
30640
30644
30648
30650
30651
30653
30655
30657
30659
30660
30664
30669
30671
30672
30681
30685
30687
30690
30694
30698
30700
30703
30706
30711
30716
30721
30724
30726
30729
30734
30735
30745
30748
30749
30751
30757
30758
30761
30769
30770
30772
30776
30780
30783
30785
30787
30791
30817
30819
30824
30825
30973
30979
30980
31027
31052
31053
31056
31058
31063
31130
31136
31200
31212
31233
31237
31239
31241
31243
31244
31246
31247
31248
31249
31312
31322
31323
31326
31329
31331
31335
31336
31337
31338
31341
31343
31348
31349
31350
31353
31355
31357
31363
31364
31366
31367
31369
31370
31375
31377
31379
31380
31416
31432
31501
31575
31585
31605
31606
31682
31745
31746
31752
31754
31755
31758
31761
31762
31766
31768
31771
31775
31777
31778
31782
31783
31788
31792
31796
31797
31800
31802
31807
31810
31812
31814
31817
31818
31820
31822
31825
31826
31827
31829
31832
31833
31835
31836
31840
31841
31842
31843
31845
31847
31850
31854
31855
31858
31862
31863
31865
31866
31868
31870
31871
31873
31937
32074
32084
32088
32090
32093
32094
32096
32100
32120
32122
32125
32133
32140
32141
32170
32192
32214
32250
32311
32314
32315
32318
32319
32321
32322
32327
32329
32331
32333
32337
32339
32341
32344
32345
32351
32355
32359
32376
32383
32388
32390
32399
32401
32402
32408
32409
32432
32435
32444
32446
32450
32451
32463
32464
32468
32470
32476
32478
32480
32482
32483
32485
32488
32490
32491
32492
32494
32496
32497
32498
32500
32503
32506
32507
32508
32509
32511
32515
32516
32517
32518
32522
32523
32526
32531
32533
32534
32535
32536
32537
32542
32560
32563
32577
32596
32673
32676
32678
32680
32683
32686
32689
32692
32694
32695
32698
32701
32703
32704
32705
32707
32709
32713
32714
32716
32719
32722
32723
32736
32790
32794
32804
32809
32814
32817
32819
32820
32821
32823
32825
32830
32831
32832
32833
32837
32840
32845
32850
32860
32861
32874
32883
32885
32906
32909
32911
32913
32917
32920
32923
32930
32934
32938
32940
32943
32944
32948
32950
32954
32957
32959
32960
32964
32967
32969
32972
32973
32976
32977
32979
32982
32983
32985
32986
32987
32988
32991
32994
32998
33003
33006
33007
33011
33012
33013
33014
33018
33020
33021
33022
33025
33026
33031
33032
33035
33037
33038
33041
33043
33049
33053
33057
33060
33061
33062
33064
33065
33069
33070
33074
33076
33080
33085
33090
33093
33097
33098
33100
33105
33107
33110
33113
33116
33119
33120
33121
33126
33130
33134
33138
33141
33143
33152
33153
33154
33162
33165
33166
33167
33168
33170
33178
33188
33190
33193
33199
33200
33201
33203
33205
33207
33209
33212
33214
33217
33221
33227
33228
33232
33234
33239
33242
33244
33250
33254
33257
33259
33264
33267
33269
33273
33274
33277
33281
33283
33287
33288
33291
33297
33305
33308
33311
33315
33318
33321
33324
33325
33326
33329
33330
33333
33334
33337
33342
33344
33345
33350
33358
33360
33362
33363
33364
33374
33390
33394
33396
33401
33402
33404
33405
33412
33430
33432
33443
33446
33448
33450
33452
33453
33455
33456
33457
33461
33463
33464
33466
33468
33471
33473
33475
33478
33480
33485
33486
33488
33494
33497
33500
33506
33622
33661
33662
33667
33669
33671
33673
33674
33676
33712
33790
33799
33807
33866
33867
33868
33869
33873
33875
33877
33879
33880
33882
33883
33884
33886
33887
33888
33890
33892
33896
33898
33899
33902
33906
33909
33912
33915
33922
33923
33926
33928
33930
33933
33934
33938
33940
33942
33945
33948
33950
33951
33953
33954
33956
33957
33958
33960
33962
33963
33966
33967
33970
33972
33973
33975
33976
33977
33980
33981
33983
33986
33990
33992
33993
33994
33996
34000
34002
34004
34007
34010
34012
34015
34017
34020
34024
34027
34028
34030
34032
34034
34035
34037
34040
34042
34043
34044
34047
34049
34052
34053
34057
34060
34062
34063
34068
34070
34071
34073
34074
34075
34079
34080
34081
34084
34085
34086
34088
34089
34091
34092
34094
34095
34098
34101
34103
34106
34110
34112
34115
34116
34120
34123
34125
34128
34130
34131
34134
34135
34138
34139
34142
34144
34146
34150
34153
34154
34156
34158
34159
34161
34163
34165
34168
34172
34175
34177
34182
34187
34188
34190
34191
34196
34202
34206
34211
34215
34218
34220
34221
34222
34226
34236
34239
34240
34243
34244
34246
34248
34251
34254
34255
34256
34258
34260
34262
34264
34266
34267
34271
34272
34275
34276
34282
34283
34285
34287
34289
34297
34300
34301
34302
34304
34307
34309
34314
34315
34320
34321
34325
34328
34332
34333
34337
34341
34347
34349
34350
34352
34355
34357
34359
34361
34364
34367
34369
34370
34373
34376
34382
34384
34385
34388
34391
34393
34396
34400
34402
34404
34407
34408
34411
34413
34415
34416
34419
34422
34423
34426
34429
34432
34434
34439
34440
34444
34445
34447
34452
34455
34457
34458
34459
34460
34462
34466
34467
34468
34471
34472
34473
34477
34478
34480
34481
34482
34487
34488
34491
34494
34497
34499
34500
34503
34507
34512
34519
34521
34522
34523
34526
34528
34529
34533
34535
34539
34540
34541
34545
34548
34549
34553
34555
34559
34564
34566
34568
34570
34573
34575
34578
34581
34583
34586
34587
34588
34592
34594
34597
34598
34601
34603
34605
34606
34608
34611
34614
34617
34619
34620
34623
34624
34628
34631
34633
34635
34636
34638
34639
34641
34642
34643
34645
34646
34653
34654
34656
34659
34660
34665
34668
34671
34677
34679
34685
34686
34687
34689
34690
34691
34692
34696
34697
34701
34702
34744
34757
34796
34802
34807
34808
34811
34814
34819
34822
34825
34892
34897
34910
34912
34917
34921
34923
34925
34927
34929
34931
34934
34938
34942
34944
34946
34950
34951
34955
34957
34958
34959
34960
34961
34963
34965
34966
34969
34973
34977
34978
34980
34984
34988
34989
34992
34993
34995
34997
34998
34999
35001
35002
35005
35008
35011
35014
35056
35057
35068
35073
35075
35077
35081
35082
35116
35128
35188
35195
35236
35259
35294
35295
35297
35308
35309
35311
35315
35319
35320
35322
35324
35325
35329
35330
35334
35335
35340
35353
35356
35357
35359
35360
35361
35364
35369
35370
35375
35381
35383
35384
35385
35387
35389
35391
35395
35396
35400
35402
35404
35409
35410
35461
35495
35497
35500
35502
35507
35509
35512
35515
35520
35522
35523
35526
35527
35530
35533
35535
35546
35549
35551
35553
35554
35556
35557
35558
35561
35565
35568
35571
35642
35654
35655
35660
35663
35664
35666
35667
35685
35712
35719
35729
35764
35768
35795
35851
35859
35861
35862
35905
35909
35912
35924
35932
36029
36033
36037
36066
36099
36101
36112
36115
36116
36120
36122
36126
36131
36133
36139
36238
36245
36246
36248
36256
36260
36262
36267
36269
36271
36273
36275
36278
36284
36285
36286
36294
36297
36299
36300
36302
36304
36307
36308
36310
36312
36315
36362
36509
36522
36525
36529
36531
36534
36593
36595
36598
36599
36602
36603
36604
36628
36709
36795
36796
36866
36914
36923
36927
36929
36931
36932
36952
37195
37197
37221
37280
37281
37296
37303
37306
37309
37330
37331
37333
37335
37339
37340
37347
37363
37369
37370
37372
37375
37377
37383
37384
37387
37390
37391
37404
37431
37470
37500
37579
37654
37658
37661
37664
37666
37671
37676
37680
37876
37915
37921
37923
37925
37940
37950
37955
37966
37967
37968
37994
38016
38019
38021
38022
38023
38028
38029
38033
38039
38058
38060
38067
38085
38086
38095
38098
38099
38102
38103
38105
38107
38110
38112
38146
38151
38152
38154
38156
38158
38167
38175
38178
38179
38190
38194
38198
38199
38201
38208
38215
38248
38252
38253
38286
38287
38289
38296
38300
38302
38307
38313
38314
38316
38318
38332
38370
38399
38404
38405
38407
38408
38417
38418
38420
38425
38486
38499
38503
38507
38509
38512
38519
38523
38544
38547
38553
38556
38561
38565
38570
38572
38573
38581
38590
38598
38600
38608
38610
38617
38619
38621
38626
38633
38635
38637
38639
38642
38645
38648
38649
38650
38652
38654
38658
38663
38669
38670
38672
38673
38675
38678
38679
38681
38683
38748
38774
38790
38840
38846
38847
38857
38873
38899
38901
38923
38957
39038
39045
39046
39048
39052
39055
39062
39069
39072
39075
39080
39081
39083
39085
39087
39089
39090
39092
39093
39094
39098
39100
39102
39103
39105
39107
39108
39111
39116
39118
39119
39120
39122
39123
39124
39125
39128
39131
39135
39136
39138
39141
39146
39148
39153
39154
39157
39159
39164
39165
39166
39207
39209
39214
39216
39217
39219
39223
39224
39225
39228
39229
39233
39236
39238
39241
39244
39245
39247
39248
39252
39254
39256
39259
39262
39263
39266
39267
39268
39272
39273
39274
39276
39279
39283
39284
39286
39287
39290
39293
39296
39299
39301
39303
39304
39305
39308
39310
39312
39315
39319
39322
39326
39331
39334
39336
39339
39341
39343
39345
39347
39407
39421
39424
39426
39427
39439
39441
39443
39446
39448
39449
39452
39454
39461
39467
39469
39474
39482
39486
39550
39581
39596
39597
39600
39602
39616
39621
39657
39688
39716
39794
39796
39819
39840
39846
39927
39935
39971
39975
39977
39979
39980
39982
39999
40005
40012
40022
40023
40030
40034
40075
40093
40116
40134
40135
40137
40139
40140
40150
40152
40155
40186
40291
40294
40296
40297
40304
40306
40308
40309
40313
40345
40347
40351
40365
40391
40394
40397
40401
40403
40405
40409
40412
40415
40416
40419
40423
40425
40429
40432
40436
40441
40445
40503
40510
40511
40513
40515
40516
40517
40521
40523
40525
40529
40530
40533
40538
40539
40542
40544
40707
40716
40717
40721
40723
40725
40726
40732
40734
40887
40888
40889
40894
40895
40896
40898
40901
40904
40908
40910
40913
40915
40916
40918
40921
40922
40923
40925
40931
40935
40939
40940
40942
40943
40945
40946
40948
40957
40959
40964
40965
40966
40969
40970
40974
40975
40978
40982
40983
40984
40988
40993
40994
40996
40998
41003
41005
41009
41011
41013
41017
41019
41025
41027
41029
41030
41031
41033
41039
41043
41046
41048
41049
41054
41055
41058
41108
41192
41193
41195
41199
41203
41207
41208
41212
41213
41215
41217
41219
41222
41223
41224
41226
41228
41230
41231
41234
41235
41355
41357
41409
41415
41460
41461
41465
41466
41481
41489
41490
41492
41494
41504
41510
41635
41650
41672
41702
41711
41713
41718
41721
41722
41725
41727
41731
41733
41735
41738
41747
41751
41766
41769
41773
41776
41786
41806
41812
41814
41817
41818
41823
41828
41831
41833
41845
41847
41849
41850
41853
41855
41856
41861
41866
41867
41872
41874
41877
41881
41885
41888
41898
41901
41902
41903
41905
41907
41913
41915
41917
41918
41923
41924
41925
41940
41941
41949
41952
41955
41958
41960
41963
41965
41972
42021
42022
42027
42029
42031
42037
42055
42071
42075
42079
42081
42092
42107
42140
42157
42165
42209
42216
42223
42239
42318
42323
42403
42496
42538
42554
42556
42562
42569
42587
42589
42593
42595
42597
42598
42609
42634
42676
42707
42723
42803
42805
42806
42808
42809
42836
42838
42840
42843
42844
42845
42848
42852
42853
42857
42858
42863
42865
42868
42870
42872
42873
42878
42880
42954
42956
42957
42959
42961
42963
42964
42965
42967
42969
42970
42974
42975
42978
42981
42986
42988
42992
42995
42999
43003
43005
43006
43044
43046
43071
43087
43089
43091
43095
43108
43119
43120
43176
43179
43180
43184
43189
43223
43243
43250
43296
43297
43299
43301
43302
43306
43308
43309
43312
43427
43455
43484
43544
43546
43586
43593
43594
43595
43597
43598
43600
43602
43605
43606
43608
43609
43612
43614
43617
43619
43622
43627
43629
43633
43634
43636
43637
43639
43640
43643
43644
43645
43724
43763
43766
43767
43771
43774
43775
43777
43778
43781
43785
43786
43789
43791
43792
43908
43909
43913
43914
43916
43918
43919
43920
43923
43925
43927
43931
43932
43933
43934
43969
44002
44006
44055
44069
44070
44072
44073
44075
44102
44105
44107
44108
44111
44112
44116
44118
44121
44122
44124
44125
44126
44128
44130
44131
44135
44137
44138
44143
44144
44148
44150
44153
44156
44158
44161
44162
44164
44167
44168
44171
44173
44176
44178
44179
44183
44184
44185
44187
44190
44191
44206
44216
44240
44243
44245
44263
44273
44375
44379
44396
44420
44582
44583
44588
44595
44606
44663
44732
44744
44798
44801
44802
44806
44807
44810
44811
44813
44816
44818
44821
44838
44842
44873
44883
44889
44894
44897
44900
44901
44904
44908
44911
44912
44942
45005
45042
45043
45102
45104
45105
45108
45127
45186
45189
45191
45193
45195
45199
45204
45239
45242
45248
45267
45280
45282
45288
45290
45296
45297
45308
45315
45325
45328
45334
45362
45364
45365
45368
45369
45370
45373
45375
45376
45377
45380
45382
45384
45387
45392
45396
45400
45401
45403
45408
45411
45413
45414
45417
45418
45419
45421
45423
45426
45427
45429
45433
45435
45438
45440
45500
45527
45529
45530
45533
45535
45537
45540
45543
45544
45545
45546
45548
45549
45550
45551
45554
45557
45558
45561
45562
45563
45566
45567
45570
45572
45573
45576
45577
45580
45581
45583
45586
45587
45589
45592
45595
45596
45599
45601
45602
45607
45609
45611
45616
45617
45621
45622
45625
45628
45629
45632
45633
45634
45638
45660
45713
45739
45824
45836
45882
45892
45971
46016
46030
46031
46046
46051
46059
46140
46228
46241
46248
46258
46291
46326
46330
46334
46341
46342
46343
46344
46377
46529
46530
46585
46725
46728
46730
46731
46757
46780
46781
46832
46833
46835
46837
46929
46975
47048
47192
47193
47196
47201
47203
47205
47206
47219
47231
47320
47322
47326
47328
47329
47331
47360
47376
47408
47458
47482
47510
47535
47546
47549
47550
47553
47556
47562
47565
47568
47569
47571
47572
47574
47579
47582
47585
47586
47588
47592
47595
47597
47602
47604
47611
47613
47615
47618
47620
47621
47627
47629
47633
47634
47642
47672
47689
47692
47693
47695
47701
47706
47710
47713
47714
47716
47717
47720
47728
47732
47734
47749
47752
47762
47783
47790
47800
48037
48054
48245
48259
48412
48417
48419
48427
48451
48477
48496
48531
48533
48534
48538
48540
48543
48547
48548
48550
48553
48556
48557
48558
48559
48560
48563
48567
48570
48571
48574
48578
48580
48583
48589
48590
48594
48595
48596
48600
48603
48605
48613
48619
48623
48624
48626
48631
48634
48636
48643
48646
48648
48649
48651
48654
48660
48662
48663
48665
48666
48668
48670
48674
48677
48678
48682
48683
48774
48869
48871
48874
48904
48907
48910
48931
48947
48950
48952
48956
48957
48958
48959
48960
48963
48966
48969
49035
49064
49066
49068
49070
49082
49102
49116
49127
49131
49133
49136
49140
49145
49150
49297
49320
49323
49340
49341
49636
49639
49640
49641
49649
49650
49652
49697
49724
49741
49748
49757
49759
49761
49802
49819
49884
49911
49912
49913
49924
49925
50056
50074
50125
50141
50205
50207
50210
50212
50218
50221
50222
50230
50234
50243
50245
50248
50251
50253
50258
50262
50266
50402
50405
50420
50422
50423
50424
50434
50463
50465
50480
50535
50537
50539
50544
50679
50801
50810
50811
50812
50813
50815
50923
50933
50943
50970
51041
51043
51045
51046
51047
51078
51095
51104
51106
51109
51151
51155
51157
51162
51173
51179
51184
51185
51188
51190
51193
51196
51198
51201
51202
51206
51213
51218
51221
51225
51227
51232
51234
51236
51237
51240
51244
51254
51420
51444
51458
51459
51464
51465
51469
51471
51516
51522
51525
51539
51647
51648
51649
51651
51653
51656
51658
51659
51662
51665
51669
51671
52047
52057
52065
52069
52089
52114
52129
52137
52302
52326
52331
52428
52514
52518
52674
52687
52689
52695
52696
52697
52702
52708
52709
52715
52716
52717
52726
52727
52730
52735
52740
52743
52744
52771
52782
52784
52786
52787
52788
52795
52800
52803
52805
52811
52815
52817
52820
52821
52822
52824
52825
52827
52832
52834
52836
52862
52974
53032
53035
53039
53044
53045
53054
53065
53070
53072
53073
53075
53088
53125
53126
53140
53144
53147
53149
53151
53154
53155
53177
53179
53193
53195
53211
53212
53214
53233
53243
53246
53248
53320
53359
53361
53363
53370
53371
53374
53393
53395
53570
53587
53590
53594
53599
53604
53605
53613
53639
53643
53682
53691
53702
53714
53718
53723
53725
53729
53737
53739
53740
53749
53751
53797
53800
53801
53802
53813
53831
53832
53837
53844
53848
53852
53853
53859
53860
53862
53863
53866
53869
53870
53871
53876
53879
53881
53883
53886
53888
53893
53897
53899
53900
53902
53903
53904
53905
53906
53910
53915
53920
53922
53928
53929
53934
53936
53937
53940
53942
53945
53946
53947
53949
53950
53953
53955
53958
53959
53997
53998
54000
54002
54003
54004
54006
54009
54010
54011
54015
54017
54020
54022
54025
54027
54028
54029
54089
54092
54096
54098
54100
54101
54104
54105
54106
54111
54115
54118
54119
54122
54124
54125
54128
54129
54131
54133
54139
54161
54235
54250
54301
54357
54442
54533
54538
54612
54617
54618
54623
54644
54650
54656
54674
54689
54735
54737
54861
54872
54873
54913
54915
54922
54932
54942
54949
54951
54959
54973
54989
55006
55160
55162
55164
55165
55169
55182
55188
55192
55194
55196
55197
55198
55213
55230
55236
55251
55256
55260
55269
55280
55281
55287
55291
55296
55298
55307
55312
55313
55323
55353
55355
55361
55370
55375
55411
55423
55477
55478
55480
55483
55490
55491
55493
55494
55495
55497
55499
55500
55504
55507
55508
55513
55516
55517
55520
55523
55526
55528
55530
55531
55535
55543
55547
55549
55553
55556
55559
55563
55567
55574
55577
55579
55580
55581
55585
55588
55589
55591
55594
55599
55601
55603
55607
55796
55798
55801
55803
55836
55880
55895
55898
55902
55905
56020
56047
56049
56050
56053
56057
56068
56069
56114
56219
56347
56366
56460
56464
56466
56468
56499
56541
56557
56635
56639
56642
56655
56667
56671
56722
56814
56855
56862
56865
56870
56892
56896
56899
56902
56904
56906
56908
56914
56919
56922
56924
56930
56932
56937
57003
57005
57007
57010
57027
57034
57036
57040
57063
57081
57086
57088
57118
57123
57161
57269
57271
57274
57278
57281
57282
57285
57342
57480
57585
57615
57616
57621
57622
57624
57627
57658
57687
57776
57800
57802
57832
57833
57836
57837
57838
57840
57848
57853
57855
57878
57945
57951
57971
57977
57982
57987
57990
57992
57993
58004
58006
58009
58010
58015
58042
58061
58066
58118
58152
58190
58328
58418
58425
58429
58435
58439
58443
58446
58449
58451
58515
58563
58662
58663
58679
58681
58683
58685
58686
58688
58695
58745
58749
58758
58818
58854
58857
58858
58860
58864
58866
58867
58901
58994
59083
59176
59177
59244
59248
59274
59317
59321
59322
59326
59336
59337
59341
59554
59611
59628
59629
59634
59635
59641
59659
59665
59672
59673
59675
59682
59688
59691
59692
59695
59696
59699
59701
59704
59709
59711
59715
59718
59754
59757
59759
59760
59764
59766
59767
59789
59791
59804
59806
59811
59817
59822
59922
59959
60010
60160
60161
60163
60165
60167
60168
60171
60193
60276
60279
60280
60282
60283
60285
60289
60292
60293
60297
60299
60300
60301
60303
60305
60306
60308
60309
60317
60318
60323
60324
60332
60336
60337
60339
60340
60344
60347
60351
60352
60355
60360
60363
60365
60375
60377
60379
60381
60383
60384
60385
60392
60408
60415
60424
60433
60436
60437
60509
60606
60701
60705
60800
60907
61012
61013
61015
61016
61019
61020
61023
61026
61098
61123
61126
61131
61136
61137
61139
61141
61142
61152
61153
61226
61240
61244
61270
61271
61272
61277
61324
61442
61443
61535
61563
61564
61567
61568
61575
61577
61584
61587
61590
61591
61596
61679
61795
61884
61885
61887
61890
61893
61895
61896
61903
61905
61906
61909
61913
61914
61915
61916
61919
61925
62097
62107
62189
62207
62267
62330
62331
62417
62446
62551
62652
62672
62745
62797
62805
62916
62945
62956
63143
63199
63211
63232
63233
63235
63237
63239
63242
63243
63246
63248
63250
63251
63252
63254
63255
63257
63476
63604
63606
63620
63634
63657
63660
63661
63684
63695
63702
63723
63727
63730
63731
63734
63738
63742
63743
63745
63746
63749
63753
63789
63796
63804
63807
63811
63818
63884
63885
63887
63890
63891
63893
63896
63899
63900
63902
63905
63906
63910
63913
63916
63923
63928
63935
63937
63939
63941
63947
63948
63949
63950
63953
63954
63958
63959
63962
63965
63967
63970
63972
63976
63981
63982
63983
63987
63988
63990
63992
63994
64001
64003
64005
64007
64008
64009
64011
64015
64017
64019
64023
64026
64028
64031
64033
64034
64036
64037
64041
64044
64045
64054
64056
64060
64061
64063
64064
64069
64071
64072
64073
64075
64081
64087
64093
64097
64100
64104
64106
64107
64108
64192
64238
64254
64427
64428
64584
64676
64824
64830
64833
64838
64847
64850
64855
65033
65051
65053
65056
65076
65124
65138
65174
65177
65180
65181
65184
65201
65206
65208
65216
65223
65224
65232
65235
65249
65255
65259
65260
65261
65269
65272
65274
65279
65280
65282
65284
65287
65291
65296
65300
65302
65303
65306
65310
65311
65313
65314
65315
65318
65320
65323
65326
65332
65334
65336
65342
65343
65346
65349
65352
65375
65393
65396
65588
65590
65614
65621
65759
65761
65766
65768
65788
65818
65819
65820
65824
65831
65851
65854
65858
65861
65867
65870
65876
65877
65885
65928
65961
65990
66007
66069
66083
66102
66103
66210
66216
66278
66311
66335
66336
66356
66360
66385
66388
66389
66402
66439
66442
66448
66477
66527
66571
66575
66711
66715
66716
66721
66722
66724
66725
66726
66728
66731
66732
66733
66751
66755
66758
66794
66913
66929
66945
66947
66948
66967
66972
66994
67047
67068
67073
67074
67076
67079
67080
67088
67090
67102
67103
67105
67110
67117
67119
67122
67123
67128
67132
67133
67135
67136
67141
67144
67146
67407
67451
67495
67498
67625
67631
67635
67636
67638
67639
67642
67644
67646
67650
67651
67653
67658
67659
67661
67662
67663
67666
67671
67674
67676
67678
67680
67684
67688
67690
67691
67695
67697
67701
67704
67706
67710
67715
67716
67734
67737
67902
67938
67942
67943
67945
67954
67966
67977
67979
67983
67985
67989
67991
68031
68054
68058
68068
68070
68071
68073
68077
68080
68098
68225
68227
68274
68276
68290
68293
68497
68533
68541
68560
68685
68690
68810
68919
69085
69113
69116
69118
69120
69123
69125
69127
69131
69133
69135
69138
69141
69143
69147
69150
69152
69153
69243
69245
69248
69249
69251
69255
69256
69260
69261
69321
69348
69458
69478
69484
69493
69498
69503
69516
69518
69521
69557
69649
69666
69671
69673
69675
69679
69683
69749
69752
69753
69754
69757
69933
69942
70035
70311
70399
70401
70413
70416
70431
70436
70440
70443
70446
70448
70453
70477
70482
70491
70520
70535
70538
70546
70547
70562
70565
70570
70571
70572
70575
70577
70583
70584
70590
70593
70597
70603
70606
70607
70608
70613
70625
70626
70628
70636
70640
70641
70644
70645
70647
70651
70667
70732
70737
70787
70790
70803
70830
70938
70952
71375
71385
71405
71474
71515
71524
71639
71849
71893
71900
72235
72279
72280
72288
72415
72434
72438
72457
72482
72726
72770
72808
72846
72859
72884
73005
73134
73256
73272
73353
73356
73359
73365
73367
73368
73369
73397
73400
73402
73403
73405
73407
73416
73498
73520
73766
73787
73874
74063
74094
74097
74245
74264
74284
74288
74289
74297
74298
74396
74398
74400
74414
74427
74430
74437
74529
74603
74629
74643
74653
74817
74819
74820
74823
74824
74849
74923
75082
75115
75116
75323
75430
75500
75537
75944
75962
75971
75974
75979
75982
75986
75998
76003
76016
76019
76026
76029
76032
76033
76035
76059
76062
76063
76065
76066
76092
76123
76124
76128
76133
76135
76142
76145
76148
76152
76154
76156
76159
76171
76237
76252
76266
76278
76323
76345
76554
76766
76880
76906
76971
77003
77024
77098
77303
77306
77308
77321
77326
77332
77333
77337
77339
77345
77346
77353
77362
77375
77381
77387
77389
77406
77414
77493
77495
77567
77698
77836
77839
77840
77842
77862
78024
78030
78102
78355
78420
78498
78500
78503
78507
78510
78526
78538
78540
78543
78544
78556
78561
78573
78574
78776
78863
79257
79561
79579
79955
79972
