0
5
8
9
10
11
12
54
58
68
81
111
116
131
132
134
141
147
157
158
159
172
187
194
196
197
199
209
211
213
214
215
218
228
233
237
251
265
270
285
303
307
309
316
323
324
325
326
327
332
336
338
356
360
377
380
396
398
405
409
415
422
427
431
432
443
456
468
471
476
484
487
491
493
495
499
504
505
512
517
520
527
531
534
545
549
555
560
569
589
604
605
636
656
668
672
680
686
697
701
720
721
736
770
789
797
811
812
837
838
839
841
842
843
862
868
888
890
891
892
908
916
918
935
936
945
953
954
981
984
999
1010
1011
1021
1029
1039
1057
1063
1065
1068
1074
1076
1078
1081
1083
1101
1113
1170
1185
1187
1194
1222
1235
1238
1254
1263
1269
1281
1286
1294
1295
1319
1326
1330
1334
1337
1340
1347
1350
1354
1366
1387
1390
1392
1393
1412
1413
1416
1417
1430
1432
1434
1453
1467
1484
1493
1501
1503
1513
1515
1518
1519
1520
1522
1528
1530
1533
1548
1549
1550
1552
1554
1556
1557
1563
1578
1581
1586
1591
1605
1606
1611
1665
1667
1671
1672
1675
1684
1688
1695
1702
1703
1712
1719
1720
1724
1725
1728
1729
1731
1741
1756
1790
1793
1796
1798
1799
1802
1810
1813
1818
1826
1835
1849
1860
1868
1871
1873
1894
1895
1903
1906
1914
1917
1940
1941
1944
1950
1951
1956
1957
1959
1961
1963
1964
1978
1982
1984
1989
1997
2002
2003
2007
2008
2022
2023
2029
2030
2032
2037
2049
2050
2060
2062
2063
2094
2110
2115
2120
2123
2139
2143
2157
2172
2173
2176
2196
2199
2214
2217
2240
2243
2258
2260
2261
2266
2270
2272
2274
2275
2277
2279
2280
2281
2282
2283
2285
2286
2290
2291
2297
2299
2300
2301
2303
2307
2311
2321
2331
2355
2395
2405
2408
2433
2441
2460
2463
2469
2490
2499
2507
2510
2513
2515
2519
2521
2544
2604
2610
2614
2636
2637
2638
2652
2670
2679
2691
2693
2722
2728
2732
2740
2749
2781
2794
2796
2797
2809
2836
2838
2854
2861
2863
2870
2893
2894
2899
2913
2914
2925
2949
2955
2968
2999
3007
3013
3014
3019
3050
3054
3069
3089
3100
3105
3119
3147
3179
3215
3225
3239
3241
3243
3246
3254
3255
3271
3272
3279
3322
3335
3342
3380
3387
3393
3395
3399
3420
3421
3423
3433
3444
3472
3473
3476
3478
3491
3521
3540
3549
3553
3560
3587
3592
3601
3634
3642
3643
3646
3676
3735
3741
3799
3809
3822
3840
3841
3850
3884
3885
3889
3909
3933
3940
3951
3967
3968
3972
3995
3998
4020
4047
4055
4056
4057
4076
4098
4113
4129
4130
4145
4178
4187
4215
4217
4224
4239
4247
4271
4311
4321
4322
4337
4341
4388
4422
4435
4455
4467
4473
4496
4540
4559
4560
4573
4574
4598
4676
4681
4719
4725
4730
4731
4734
4736
4746
4757
4769
4833
4836
4859
4865
4878
4920
4923
4966
4970
4973
5004
5016
5034
5040
5047
5049
5086
5092
5172
5194
5201
5216
5229
5244
5247
5259
5268
5328
5339
5341
5342
5346
5350
5352
5354
5355
5368
5439
5442
5443
5459
5472
5494
5518
5577
5594
5634
5646
5660
5662
5708
5725
5728
5737
5745
5755
5770
5774
5793
5809
5811
5871
5875
5877
5878
5889
5902
5903
5915
5957
5963
5983
6004
6022
6024
6025
6027
6036
6043
6047
6052
6112
6118
6148
6151
6231
6301
6319
6323
6339
6392
6394
6398
6412
6414
6422
6431
6461
6476
6495
6513
6548
6553
6575
6651
6661
6694
6716
6772
6838
6839
6852
6882
6889
6910
6969
6990
7025
7087
7114
7173
7210
7231
7236
7252
7317
7330
7404
7426
7483
7492
7537
7543
7574
7576
7577
7579
7583
7585
7587
7608
7609
7623
7654
7666
7693
7713
7753
7837
7839
7846
7848
7851
7852
7854
7855
7858
7864
7869
7886
7893
7899
7900
7903
7909
7912
7915
7916
7932
7957
8041
8066
8067
8068
8133
8202
8227
8265
8271
8307
8315
8322
8328
8389
8425
8455
8557
8587
8602
8610
8632
8647
8655
8693
8772
8783
8900
8929
8991
9047
9082
9119
9164
9177
9181
9204
9224
9246
9266
9273
9279
9313
9403
9406
9413
9454
9471
9506
9520
9521
9523
9525
9527
9531
9532
9534
9535
9538
9539
9544
9549
9556
9557
9559
9560
9568
9707
9719
9733
9746
9813
9814
9817
9819
9821
9824
9829
9832
9836
9837
9840
9844
9845
9849
9850
9852
9853
9859
9861
9864
9868
9869
9872
9874
9875
9876
9880
9881
9883
9886
9887
9891
9894
9895
9896
9900
9901
9902
9905
9907
9951
10020
10123
10156
10208
10244
10284
10303
10331
10350
10402
10411
10473
10486
10488
10529
10605
10657
10674
10759
10787
10807
10873
10900
10932
10976
10984
10988
11031
11121
11124
11177
11252
