0
10
60
62
71
74
86
93
97
101
103
111
129
151
157
165
169
174
179
216
224
262
268
273
278
293
310
337
339
364
383
391
399
405
427
437
476
477
491
494
498
502
509
537
540
559
572
585
589
607
611
634
635
650
651
661
675
679
685
692
714
745
756
760
765
795
798
803
810
818
821
835
846
850
852
863
866
867
870
871
874
886
893
897
906
928
929
930
931
934
938
944
947
948
952
1008
1046
1048
1052
1060
1078
1084
1086
1095
1097
1099
1100
1101
1105
1106
1107
1108
1122
1125
1130
1134
1142
1158
1170
1171
1178
1210
1215
1241
1246
1261
1280
1290
1325
1338
1342
1351
1357
1364
1366
1385
1387
1397
1401
1406
1407
1415
1419
1434
1436
1440
1442
1449
1461
1470
1478
1479
1487
1492
1522
1532
1539
1545
1553
1555
1570
1574
1585
1600
1602
1624
1629
1657
1662
1687
1688
1689
1691
1698
1708
1712
1713
1718
1720
1745
1762
1780
1782
1784
1808
1820
1856
1868
1873
1881
1908
1931
1967
1985
1994
2020
2025
2029
2032
2067
2082
2099
2123
2130
2133
2156
2157
2185
2198
2223
2240
2249
2270
2291
2318
2329
2373
2389
2402
2406
2433
2450
2463
2479
2481
2488
2519
2534
2535
2548
2584
2586
2594
2610
2621
2638
2648
2659
2667
2684
2719
2735
2739
2744
2747
2753
2764
2779
2795
2801
2830
2854
2856
2858
2876
2892
2898
2918
2949
2962
2996
3007
3060
3061
3108
3137
3151
3173
3188
3193
3211
3223
3232
3234
3270
3284
3310
3318
3323
3362
3367
3376
3377
3381
3394
3413
3432
3466
3494
3500
3503
3543
3545
3566
3601
3618
3634
3648
3655
3660
3677
3702
3712
3738
3779
3791
3794
3818
3832
3839
3840
3841
3870
3878
3914
3922
3960
4010
4070
4071
4102
4115
4130
4145
4164
4165
4168
4173
4196
4225
4246
4267
4277
4302
4332
4343
4355
4369
4376
4395
4399
4413
4417
4428
4444
4472
4475
4489
4495
4505
4581
4607
4615
4625
4673
4685
4704
4713
4776
4787
4790
4798
4819
4833
4850
4861
4864
4877
4922
4947
4967
4970
4997
5013
5016
5025
5030
5044
5048
5050
5054
5096
5097
5112
5172
5188
5193
5202
5207
5209
5223
5234
5256
5259
5270
5291
5307
5323
5375
5386
5406
5437
5454
5461
5469
5471
5479
5484
5521
5569
5631
5663
5673
5675
5715
5736
5740
5776
5780
5809
5874
5910
5949
5954
6023
6043
6092
6110
6144
6151
6217
6228
6235
6244
6246
6284
6292
6307
6309
6312
6351
6357
6389
6394
6395
6444
6450
6456
6457
6548
6549
6576
6603
6618
6620
6624
6649
6660
6720
6723
6738
6763
6767
6775
6797
6802
6823
6827
6869
6891
6897
6921
6946
6964
7033
7045
7098
7195
7207
7218
7234
7245
7293
7349
7355
7358
7363
7380
7397
7398
7420
7477
7482
7516
7534
7554
7556
7573
7587
7618
7649
7668
7685
7690
7712
7714
7813
7837
7877
7891
7926
7952
7962
7996
7997
7998
8006
8020
8092
8104
8164
8229
8263
8284
8302
8310
8314
8347
8380
8426
8462
8573
8600
8749
8775
8778
8788
8795
8806
