0 14
0 4
0 13
2 13
0 20
3 13
1 13
2 14
4 13
1 14
1 4
3 14
0 25
4 14
2 25
3 25
0 1
2 4
2 20
1 25
3 4
1 20
0 8
1 1
2 1
4 25
0 17
4 4
0 22
2 22
0 15
0 12
1 22
3 22
4 22
3 1
2 15
1 12
0 9
1 17
0 5
2 12
2 17
2 9
1 15
0 27
3 12
3 17
3 20
3 15
2 8
0 18
1 5
4 1
0 26
1 8
1 27
2 5
4 15
2 27
0 21
1 18
0 6
0 16
3 27
4 27
2 7
2 26
1 21
0 7
4 20
3 7
2 21
2 3
2 11
1 9
1 7
0 3
1 26
1 6
0 0
3 26
2 28
0 11
4 12
2 18
3 21
2 10
3 11
0 23
0 19
2 6
1 11
1 16
3 10
3 28
2 16
3 16
4 21
4 11
2 19
0 29
4 26
3 9
3 5
4 5
3 19
1 0
4 19
4 9
4 10
4 16
3 8
1 19
1 3
2 29
1 29
0 2
0 10
1 23
2 23
4 17
1 10
4 8
0 24
2 0
3 29
3 0
3 23
4 28
0 28
4 29
3 18
3 3
4 7
4 23
2 24
1 24
1 28
1 2
3 6
4 0
4 3
4 6
2 2
4 18
3 2
3 24
4 2
4 24

Score: 92.28