0
4
8
10
11
13
14
16
18
20
22
23
24
27
30
32
34
43
44
45
49
51
55
56
58
59
61
64
65
68
69
71
73
75
79
109
111
112
115
116
118
122
124
131
144
156
161
162
164
165
180
202
231
252
268
283
313
314
320
328
329
332
415
423
425
426
428
429
430
431
461
465
499
528
546
568
570
571
572
575
593
601
604
614
638
657
658
660
671
676
678
679
684
685
696
737
739
743
744
746
747
749
757
760
762
767
769
770
789
790
793
794
795
800
803
805
813
824
827
833
838
846
849
872
885
888
919
923
931
940
941
975
977
978
980
981
990
997
998
1027
1031
1034
1035
1037
1038
1040
1042
1043
1044
1046
1047
1050
1051
1053
1054
1058
1059
1062
1063
1065
1067
1072
1074
1075
1089
1127
1147
1157
1180
1185
1186
1187
1189
1193
1195
1197
1211
1219
1224
1227
1244
1245
1257
1276
1288
1291
1297
1300
1332
1339
1353
1360
1379
1395
1418
1419
1420
1422
1423
1427
1428
1431
1434
1438
1503
1519
1521
1523
1526
1527
1530
1534
1538
1540
1541
1543
1544
1546
1549
1551
1553
1554
1555
1556
1557
1559
1560
1564
1565
1566
1568
1570
1573
1576
1580
1581
1589
1601
1609
1612
1613
1615
1616
1618
1627
1641
1642
1643
1644
1718
1731
1736
1795
1796
1798
1808
1823
1824
1826
1828
1829
1831
1839
1849
1869
1871
1891
1922
1924
1928
1932
1935
1937
1940
1948
1974
1976
1979
1980
1981
2000
2005
2009
2012
2016
2020
2022
2026
2027
2029
2040
2078
2098
2111
2127
2128
2131
2133
2138
2140
2141
2144
2149
2150
2153
2154
2158
2163
2165
2172
2173
2180
2182
2185
2186
2188
2191
2206
2263
2289
2297
2298
2394
2402
2404
2407
2408
2411
2416
2418
2419
2429
2457
2503
2542
2566
2621
2639
2659
2668
2678
2679
2682
2685
2686
2690
2696
2702
2709
2712
2713
2747
2753
2761
2764
2767
2770
2771
2773
2774
2785
2791
2807
2810
2823
2847
2849
2850
2852
2853
2856
2863
2936
2951
2953
2954
2956
2957
2986
2998
3016
3026
3046
3053
3066
3068
3071
3072
3074
3091
3095
3098
3099
3131
3132
3141
3147
3150
3161
3164
3167
3170
3190
3191
3198
3211
3222
3233
3240
3326
3335
3344
3364
3373
3376
3378
3397
3469
3490
3494
3497
3505
3510
3518
3530
3533
3534
3535
3536
3558
3559
3561
3563
3564
3568
3570
3576
3597
3616
3620
3621
3624
3655
3683
3690
3710
3721
3731
3750
3811
3812
3820
3821
3825
3828
3829
3851
3867
3891
3910
3922
3930
3940
3943
3966
3974
3975
3977
4001
4002
4023
4048
4049
4064
4093
4100
4169
4180
4188
4196
4204
4231
4243
4329
4354
4369
4392
4396
4402
4416
4430
4431
4432
4441
4459
4476
4497
4499
4501
4502
4514
4528
4538
4542
4546
4596
4611
4620
4635
4644
4648
4649
4651
4658
4660
4662
4664
4668
4677
4687
4689
4691
4692
4697
4706
4751
4756
4758
4769
4775
4777
4779
4786
4789
4792
4794
4795
4796
4801
4808
4811
4814
4815
4818
4819
4832
4891
4893
4935
4946
4957
4981
4983
4986
4989
4990
4994
4996
4997
5007
5029
5043
5065
5079
5080
5088
5098
5109
5182
5198
5208
5235
5239
5240
5286
5299
5316
5319
5322
5335
5338
5339
5350
5358
5391
5417
5453
5461
5462
5486
5568
5624
5657
5663
5666
5667
5701
5713
5732
5738
5749
5781
5811
5813
5847
5849
5892
5899
5958
5959
6011
6024
6045
6048
6050
6052
6079
6087
6092
6101
6139
6170
6172
6174
6194
6197
6215
6252
6264
6266
6268
6305
6336
6343
6402
6405
6407
6412
6413
6414
6417
6420
6423
6424
6426
6427
6428
6430
6431
6432
6433
6434
6437
6438
6476
6484
6488
6490
6493
6500
6543
6544
6552
6561
6564
6582
6586
6598
6632
6637
6651
6682
6693
6745
6757
6759
6762
6763
6769
6770
6772
6773
6797
6831
6835
6867
6900
6923
6926
6939
6964
6966
6983
6985
6988
6989
7015
7033
7048
7078
7079
7082
7086
7123
7165
7168
7169
7192
7193
7209
7242
7244
7261
7285
7312
7388
7422
7423
7461
7463
7492
7494
7536
7658
7664
7668
7669
7687
7717
7737
7788
7789
7790
7797
7810
7830
7831
7835
7840
7874
7884
7896
7936
7978
8000
8006
8077
8094
8112
8121
8175
8215
8229
8231
8232
8233
8234
8286
8289
8293
8308
8310
8332
8351
8352
8377
8379
8421
8422
8425
8429
8433
8436
8437
8463
8464
8471
8473
8478
8479
8483
8485
8486
8493
8496
8499
8505
8547
8578
8581
8583
8616
8655
8663
8683
8739
8756
8810
8851
8858
8865
8877
8891
8928
8929
8933
8945
8959
8966
9047
9064
9108
9129
9177
9196
9261
9273
9311
9325
9347
9355
9392
9410
9423
9431
9436
9437
9451
9463
9484
9494
9546
9547
9569
9592
9597
9604
9641
9713
9748
9768
9797
9803
9927
9958
9976
9978
10003
10010
10012
10013
10016
10020
10024
10025
10027
10028
10031
10033
10034
10036
10037
10041
10094
10125
10126
10129
10148
10166
10183
10185
10186
10194
10196
10236
10240
10243
10252
10282
10283
10315
10323
10324
10371
10467
10471
10483
10511
10535
10538
10572
10601
10614
10639
10642
10652
10653
10656
10681
10682
10686
10705
10742
10803
10853
10898
10899
10900
10902
10974
10976
10977
11002
11022
11024
11054
11055
11056
11077
11084
11094
11131
11133
11150
11160
11171
11193
11196
11251
11260
11347
11350
11403
11430
11452
11470
11512
11569
11606
11636
11648
11651
11669
11685
11686
11732
11747
11750
11755
11757
11766
11772
11773
11774
11777
11785
11789
11803
11805
11807
11809
11811
11813
11814
11815
11818
11819
11863
11913
12045
12065
12066
12067
12069
12094
12111
12145
12156
12197
12200
12265
12267
12269
12270
12273
12274
12275
12378
12382
12396
12415
12416
12418
12419
12421
12424
12425
12429
12438
12458
12463
12490
12515
12570
12582
12591
12751
12761
12826
12954
12980
13045
13054
13090
13106
13135
13208
13209
13212
13219
13240
13251
13266
13279
13311
13326
13349
13375
13434
13482
13485
13510
13540
13543
13602
13603
13614
13618
13660
13695
13713
13724
13754
13776
13806
13853
13854
13908
13911
14049
14189
14191
14219
14237
14308
14374
14419
14423
14426
14427
14429
14434
14435
14468
14524
14585
14669
14695
14733
14735
14797
14811
14939
14987
14990
14991
14992
15025
15103
15104
15116
15135
15146
15159
15233
15252
15318
15325
15336
15420
15450
15478
15487
15489
15492
15493
15495
15496
15528
15532
15587
15592
15708
15793
15809
15874
15920
15928
15951
15963
16072
16129
16213
16238
16246
16276
16322
16336
16342
16366
16458
16489
16525
16527
16540
16621
16644
16717
16792
16840
16852
16857
16917
17007
17011
17036
17058
17059
17107
17165
17244
17264
17271
17288
17302
17314
17315
17338
17380
17381
17383
17388
17389
17391
17460
17474
17516
17623
17666
17793
17800
17809
17828
17830
17847
17895
17904
17935
17967
18029
18120
18179
18287
18516
18554
18616
18636
18710
18827
19007
19187
19205
19213
19247
19314
19410
19431
19508
19620
19656
19760
19764
19779
19804
20007
20059
20115
20183
20192
20205
20210
20271
20375
20425
20449
20562
20738
20742
20744
20746
20749
20772
20785
20846
20858
20859
20863
21004
21021
21022
21042
21105
21168
21177
21215
21231
21291
21339
21346
21359
21414
21472
21473
21673
21751
21804
21850
21857
21970
22057
22136
