0
694
703
706
709
712
717
718
721
722
723
724
728
736
737
739
740
762
763
764
769
770
772
775
777
778
830
862
885
887
891
892
894
899
920
938
939
949
980
993
1000
1001
1004
1006
1007
1018
1020
1021
1023
1025
1030
1034
1041
1045
1046
1047
1050
1085
1087
1089
1091
1095
1097
1107
1108
1110
1113
1126
1136
1147
1162
1168
1176
1199
1208
1235
1291
1296
1312
1325
1328
1335
1359
1379
1380
1383
1384
1385
1419
1421
1426
1433
1439
1441
1464
1469
1476
1490
1496
1508
1511
1515
1518
1541
1559
1561
1583
1584
1585
1590
1591
1593
1596
1601
1604
1609
1611
1615
1621
1623
1625
1627
1629
1631
1634
1636
1639
1640
1642
1644
1645
1647
1648
1650
1651
1659
1665
1666
1669
1726
1727
1767
1773
1782
1787
1788
1791
1793
1801
1802
1817
1818
1823
1824
1828
1829
1831
1847
1849
1851
1862
1882
1897
1904
1907
1910
1917
1924
1926
1927
1946
1978
1987
1992
2002
2011
2014
2016
2018
2074
2079
2094
2097
2100
2104
2138
2142
2172
2181
2184
2253
2258
2318
2325
2349
2355
2361
2385
2387
2395
2405
2406
2433
2444
2447
2467
2472
2512
2521
2541
2542
2543
2548
2572
2577
2579
2584
2586
2592
2599
2631
2633
2685
2688
2689
2692
2693
2694
2696
2698
2700
2702
2703
2707
2708
2709
2711
2713
2714
2715
2719
2720
2721
2722
2726
2727
2729
2732
2736
2738
2742
2744
2746
2749
2751
2752
2754
2756
2759
2760
2763
2768
2772
2773
2775
2778
2779
2784
2785
2787
2791
2796
2797
2800
2803
2804
2806
2808
2810
2814
2815
2818
2819
2822
2825
2861
2879
2896
2902
2908
2909
2912
2920
2922
2941
2949
2960
2963
2964
2970
2974
2977
2979
2980
2985
2987
2989
2992
2994
2996
3000
3001
3007
3025
3032
3053
3062
3085
3092
3108
3125
3133
3152
3157
3186
3195
3196
3201
3208
3213
3234
3242
3309
3310
3314
3325
3341
3354
3366
3368
3369
3397
3398
3411
3446
3456
3472
3483
3489
3493
3498
3501
3503
3504
3508
3511
3512
3514
3517
3518
3520
3521
3526
3529
3530
3532
3534
3535
3537
3539
3541
3556
3565
3574
3578
3668
3672
3673
3676
3680
3682
3684
3691
3692
3696
3700
3723
3745
3762
3779
3782
3805
3807
3809
3810
3813
3815
3816
3819
3836
3840
3852
3854
3856
3883
3897
3904
3929
3964
3966
3969
3972
3987
4019
4026
4030
4045
4047
4057
4079
4085
4093
4106
4151
4157
4264
4267
4269
4270
4306
4330
4342
4353
4373
4395
4400
4421
4469
4504
4508
4509
4510
4512
4513
4515
4517
4519
4565
4568
4589
4611
4647
4660
4747
4795
4797
4800
4804
4810
4821
4824
4833
4834
4835
4862
4868
4874
4959
4960
4976
4998
5003
5004
5007
5010
5015
5084
5091
5095
5096
5099
5103
5104
5109
5133
5182
5193
5210
5223
5263
5304
5348
5370
5400
5401
5425
5429
5435
5437
5439
5470
5471
5482
5484
5485
5486
5487
5492
5502
5515
5542
5577
5586
5619
5629
5636
5652
5653
5657
5658
5659
5661
5678
5680
5692
5699
5701
5705
5709
5710
5712
5713
5714
5718
5719
5721
5722
5724
5729
5730
5731
5732
5734
5738
5741
5743
5748
5750
5789
5800
5804
5806
5808
5813
5826
5827
5839
5842
5881
5944
5949
5963
5967
5988
5995
6000
6007
6014
6036
6074
6097
6146
6229
6233
6234
6235
6236
6241
6245
6252
6257
6260
6262
6264
6267
6270
6274
6307
6318
6331
6356
6395
6404
6407
6409
6412
6413
6426
6431
6437
6470
6493
6495
6544
6570
6617
6622
6634
6679
6745
6746
6755
6763
6772
6784
6795
6816
6823
6825
6829
6833
6837
6850
6879
6882
6942
6977
6982
7023
7038
7054
7073
7075
7076
7078
7080
7083
7086
7089
7091
7093
7094
7095
7097
7100
7169
7201
7205
7243
7245
7311
7315
7316
7332
7374
7396
7417
7449
7455
7461
7491
7506
7531
7556
7577
7630
7640
7675
7809
7815
7855
7864
7903
8061
8079
8101
8123
8134
8145
8151
8173
8179
8183
8186
8188
8191
8196
8202
8204
8209
8210
8212
8225
8229
8234
8236
8242
8247
8249
8251
8253
8255
8256
8259
8263
8267
8270
8275
8278
8279
8281
8282
8286
8288
8290
8291
8294
8298
8327
8373
8425
8474
8499
8535
8558
8590
8648
8650
8651
8653
8656
8659
8661
8663
8664
8667
8671
8674
8676
8689
8690
8693
8694
8695
8698
8699
8702
8704
8706
8707
8708
8807
8823
8844
8845
8850
8898
8935
8997
9025
9045
9078
9093
9122
9147
9181
9196
9230
9373
9376
9494
9501
9556
9622
9639
9761
9790
9794
9799
9800
9804
9808
9809
9810
9815
9865
10018
10025
10069
10096
10105
10115
10122
10125
10177
10276
10285
10296
10352
10354
10378
10411
10469
10470
10471
10473
10475
10477
10479
10482
10485
10486
10491
10497
10501
10502
10504
10508
10511
10513
10515
10518
10519
10522
10526
10527
10529
10532
10534
10537
10540
10541
10543
10545
10546
10547
10550
10551
10552
10557
10559
10560
10563
10565
10566
10569
10572
10573
10575
10577
10581
10583
10584
10585
10587
10593
10594
10598
10601
10604
10606
10609
10614
10643
10684
10686
10687
10689
10690
10695
10699
10702
10704
10706
10708
10712
10714
10716
10719
10720
10729
10752
10791
10793
10842
10892
10918
10949
10996
11024
11025
11030
11032
11033
11035
11043
11049
11050
11052
11055
11059
11061
11064
11068
11071
11097
11123
11261
11276
11281
11286
11288
11290
11291
11293
11294
11295
11297
11302
11304
11375
11439
11443
11445
11446
11447
11450
11453
11456
11457
11458
11459
11460
11461
11463
11468
11469
11480
11486
11487
11488
11491
11495
11496
11498
11501
11503
11505
11508
11509
11514
11516
11518
11524
11534
11538
11541
11542
11550
11552
11554
11559
11563
11589
11606
11607
11611
11613
11614
11615
11654
11685
11702
11726
11755
11824
11941
11943
11982
11985
11989
12026
12125
12131
12223
12226
12227
12228
12231
12233
12234
12236
12238
12243
12244
12246
12247
12251
12253
12255
12257
12261
12267
12274
12276
12279
12280
12288
12293
12330
12350
12363
12384
12433
12446
12450
12490
12530
12608
12822
12852
12938
13003
13008
13035
13047
13068
13073
13077
13082
13083
13086
13089
13090
13094
13096
13101
13104
13108
13113
13123
13124
13128
13131
13135
13138
13141
13147
13177
13183
13251
13384
13497
13502
13504
13506
13509
13514
13516
13530
13730
13732
13735
13791
13832
13852
13853
13858
13881
13885
13893
13896
13900
13904
13907
13913
13920
13924
13951
13956
13960
13961
13988
14012
14079
14158
14197
14204
14297
14380
14579
14585
14616
14758
14853
14915
14957
15004
15084
15162
15236
15263
15264
15266
