0 39
0 46
1 46
0 32
2 46
2 44
3 46
4 46
0 36
0 48
2 24
2 36
0 30
1 32
1 39
3 36
2 39
3 44
3 39
2 26
0 10
2 32
0 20
1 30
3 32
0 17
1 36
2 30
2 48
1 20
2 20
3 48
3 20
0 19
0 34
0 44
1 10
4 36
1 17
2 10
3 26
4 26
4 39
1 34
2 34
1 48
3 34
3 10
4 48
1 19
0 24
4 10
2 19
4 20
0 29
3 19
0 45
2 17
1 44
4 19
1 29
0 27
2 29
1 27
4 34
0 31
2 27
4 44
3 27
1 24
1 31
3 30
0 28
2 31
4 27
1 45
0 26
3 24
3 29
0 37
0 0
0 2
2 45
3 17
3 31
4 31
0 38
4 32
2 49
3 49
1 28
2 28
3 45
0 43
4 30
0 13
1 26
1 2
1 0
2 5
0 33
2 12
4 29
0 12
1 37
2 0
1 38
1 13
4 24
3 0
2 37
2 13
2 38
1 43
0 22
1 33
2 43
2 33
1 12
2 2
0 42
3 37
0 49
2 22
4 37
3 33
3 13
3 43
1 22
4 33
4 45
0 23
0 6
2 3
4 0
3 12
4 43
1 42
0 40
2 42
3 2
3 22
0 21
0 16
4 12
0 18
1 23
1 21
0 41
0 8
4 13
3 38
1 18
2 21
2 18
0 15
1 49
0 11
1 40
3 21
4 21
2 4
1 6
3 42
1 8
2 8
3 28
4 2
1 15
0 3
2 15
4 28
0 1
2 23
0 35
1 41
2 41
0 4
1 35
1 1
0 47
2 1
3 15
4 17
0 25
3 8
3 41
4 42
1 47
4 49
4 8
1 11
2 35
0 7
0 14
4 41
3 35
2 6
1 7
4 38
0 5
1 16
2 7
3 6
2 16
1 25
3 18
1 14
4 22
1 5
0 9
3 7
3 16
4 7
1 4
4 15
2 47
4 16
1 9
2 11
2 14
3 14
3 11
4 6
3 1
3 47
2 25
3 4
4 18
3 5
1 3
4 14
2 40
4 47
4 1
4 5
2 9
4 4
3 3
3 9
3 40
3 23
4 3
4 35
4 23
3 25
4 9
4 40
4 11
4 25

Score: 121.89000000000068