0
4
6
8
11
13
15
16
18
19
21
27
29
32
44
48
50
57
58
59
62
67
70
71
78
81
84
89
90
91
94
95
96
97
98
100
101
107
108
111
113
114
116
118
121
122
124
125
126
128
131
132
133
136
139
143
144
146
147
148
149
151
158
164
168
169
171
172
174
175
176
179
180
181
185
187
195
196
197
199
201
203
208
209
213
215
216
218
220
221
226
227
229
233
236
237
239
241
245
247
248
251
254
256
258
261
262
267
268
273
276
277
278
280
284
286
288
289
291
296
299
300
301
305
306
308
310
313
315
316
318
320
321
322
324
327
330
335
336
337
339
341
344
345
347
349
352
356
357
359
361
363
364
366
367
368
369
370
375
376
377
380
383
385
386
387
389
390
396
397
399
400
402
405
406
409
410
412
413
416
417
418
420
421
422
423
426
428
430
431
433
437
439
440
441
446
448
451
452
454
455
457
460
462
463
464
466
469
470
473
474
476
477
478
479
482
484
486
488
490
493
495
496
500
504
507
509
514
520
521
523
526
527
530
534
536
541
542
545
546
547
551
552
553
556
558
561
562
565
567
568
570
571
573
574
576
577
580
581
582
583
589
590
593
598
601
604
607
609
611
613
620
621
622
627
630
631
635
636
637
639
641
642
646
647
648
649
650
651
652
655
656
657
659
660
662
663
667
669
671
672
674
676
677
680
682
684
691
692
694
696
697
698
701
703
706
708
709
711
713
716
717
719
723
728
732
737
740
741
743
749
751
752
753
754
756
758
761
763
764
766
769
774
777
781
783
784
785
787
788
790
792
793
794
797
801
802
804
805
806
809
811
815
818
820
822
823
825
826
827
828
829
832
836
838
843
844
846
847
848
849
851
853
854
857
859
860
863
865
866
869
871
872
876
878
879
885
888
890
893
894
898
899
902
903
904
906
907
912
913
915
918
920
925
926
930
932
933
934
939
940
942
944
945
947
949
951
952
955
958
959
962
964
967
968
970
974
975
976
978
983
984
987
988
991
993
997
1003
1006
1007
1009
1015
1017
1020
1021
1025
1027
1036
1038
1040
1042
1045
1046
1049
1051
1052
1053
1059
1061
1065
1067
1068
1070
1073
1074
1075
1076
1077
1080
1081
1083
1084
1086
1087
1089
1091
1092
1098
1103
1105
1106
1112
1113
1116
1117
1118
1124
1125
1126
1130
1132
1140
1141
1142
1146
1147
1148
1149
1150
1152
1157
1158
1159
1163
1164
1165
1167
1169
1171
1175
1177
1178
1182
1183
1185
1186
1189
1190
1196
1200
1203
1207
1209
1211
1213
1214
1216
1218
1222
1223
1228
1232
1233
1234
1237
1238
1239
1240
1242
1244
1249
1252
1253
1254
1256
1257
1262
1263
1264
1265
1266
1269
1270
1271
1273
1278
1280
1282
1284
1286
1294
1295
1296
1302
1304
1306
1308
1310
1314
1317
1318
1319
1321
1322
1323
1324
1326
1328
1332
1333
1335
1338
1342
1343
1346
1348
1350
1355
1357
1358
1361
1362
1363
1365
1368
1370
1373
1375
1376
1378
1379
1384
1386
1388
1394
1397
1399
1400
1401
1404
1405
1410
1412
1413
1416
1420
1423
1428
1429
1433
1435
1444
1445
1447
1451
1452
1454
1455
1456
1457
1458
1460
1461
1463
1467
1469
1470
1471
1472
1474
1475
1477
1480
1481
1484
1487
1488
1489
1491
1496
1497
1499
1503
1504
1505
1506
1508
1515
1516
1521
1524
1525
1527
1533
1536
1540
1542
1547
1549
1550
1553
1555
1556
1558
1559
1561
1562
1563
1570
1572
1575
1577
1579
1581
1583
1585
1588
1590
1591
1592
1594
1596
1597
1602
1604
1605
1607
1608
1611
1612
1614
1616
1618
1621
1624
1626
1627
1628
1632
1633
1634
1636
1637
1638
1640
1642
1644
1646
1648
1649
1650
1651
1661
1663
1665
1670
1677
1681
1684
1685
1687
1690
1692
1693
1695
1696
1704
1709
1729
1730
1756
1775
1781
1784
1786
1789
1793
1798
1800
1802
1803
1804
1806
1809
1814
1823
1832
1839
1840
1842
1844
1846
1847
1848
1849
1852
1853
1854
1858
1859
1861
1862
1864
1865
1866
1867
1868
1869
1871
1872
1873
1874
1877
1878
1879
1880
1882
1885
1887
1890
1892
1893
1894
1895
1897
1898
1899
1902
1904
1905
1908
1913
1917
1922
1923
1925
1926
1928
1930
1931
1934
1935
1938
1939
1942
1946
1948
1952
1955
1956
1957
1959
1962
1964
1966
1968
1970
1971
1972
1974
1978
1980
1981
1983
1984
1985
1989
1992
1994
1995
1996
1998
2001
2003
2004
2006
2007
2009
2014
2018
2019
2020
2021
2023
2025
2029
2030
2031
2034
2036
2040
2045
2047
2050
2051
2053
2056
2059
2061
2062
2064
2065
2066
2070
2072
2073
2075
2076
2078
2081
2085
2086
2087
2088
2089
2091
2096
2098
2099
2101
2103
2105
2106
2111
2114
2115
2117
2119
2122
2124
2127
2137
2138
2140
2145
2147
2151
2152
2153
2159
2161
2163
2164
2166
2169
2171
2172
2175
2176
2177
2180
2182
2184
2188
2190
2194
2196
2198
2199
2203
2204
2207
2208
2210
2212
2213
2217
2218
2220
2223
2224
2226
2231
2237
2239
2252
2253
2254
2261
2262
2265
2271
2274
2276
2277
2279
2281
2283
2285
2287
2289
2290
2294
2295
2296
2297
2300
2304
2307
2309
2310
2315
2317
2320
2323
2328
2331
2334
2337
2341
2344
2345
2348
2349
2351
2363
2364
2366
2367
2369
2370
2375
2377
2381
2384
2386
2388
2390
2391
2393
2394
2400
2404
2412
2414
2415
2416
2419
2426
2428
2430
2433
2437
2438
2439
2442
2444
2449
2450
2451
2453
2455
2459
2460
2463
2464
2465
2466
2469
2470
2472
2475
2476
2477
2479
2480
2481
2483
2485
2486
2488
2490
2492
2499
2500
2503
2504
2510
2518
2519
2521
2527
2529
2531
2533
2534
2535
2536
2537
2538
2541
2543
2548
2549
2550
2551
2552
2554
2555
2557
2559
2561
2563
2565
2566
2568
2572
2574
2578
2582
2583
2586
2591
2593
2595
2596
2598
2600
2601
2603
2606
2609
2611
2613
2616
2617
2619
2622
2624
2625
2629
2631
2633
2637
2640
2643
2644
2646
2647
2650
2651
2652
2654
2656
2658
2659
2660
2661
2664
2666
2667
2669
2671
2676
2677
2678
2679
2680
2682
2684
2685
2687
2688
2691
2693
2694
2696
2698
2699
2700
2701
2702
2703
2706
2707
2708
2716
2717
2719
2720
2722
2724
2726
2729
2730
2735
2737
2738
2740
2746
2747
2751
2753
2754
2755
2757
2758
2760
2762
2763
2765
2769
2772
2774
2779
2782
2784
2789
2792
2793
2794
2796
2800
2801
2806
2808
2810
2812
2814
2816
2817
2819
2822
2824
2827
2831
2837
2839
2843
2844
2845
2846
2849
2850
2851
2852
2855
2856
2862
2868
2869
2871
2874
2876
2880
2881
2885
2892
2894
2898
2899
2902
2904
2906
2907
2909
2914
2915
2917
2918
2922
2926
2929
2931
2932
2933
2936
2938
2939
2946
2949
2950
2953
2954
2956
2958
2960
2963
2966
2968
2970
2971
2975
2978
2984
2985
2986
2991
2992
2995
2997
2998
3001
3002
3004
3005
3009
3011
3013
3015
3017
3019
3021
3024
3026
3028
3035
3039
3042
3049
3050
3055
3057
3059
3060
3062
3064
3066
3068
3069
3072
3073
3076
3077
3080
3081
3083
3085
3087
3092
3095
3096
3098
3099
3101
3103
3104
3105
3106
3109
3112
3113
3114
3115
3116
3118
3120
3121
3125
3129
3130
3131
3135
3137
3141
3143
3144
3145
3147
3149
3151
3152
3153
3154
3155
3157
3166
3167
3170
3172
3173
3175
3177
3178
3180
3182
3184
3186
3187
3192
3194
3195
3196
3197
3198
3200
3205
3208
3212
3217
3220
3221
3222
3225
3228
3234
3236
3237
3239
3241
3242
3243
3245
3247
3248
3249
3250
3252
3255
3256
3257
3260
3261
3263
3264
3267
3268
3270
3271
3276
3280
3283
3286
3288
3291
3294
3295
3298
3299
3302
3304
3305
3306
3310
3312
3316
3318
3321
3323
3327
3328
3345
3346
3348
3350
3356
3359
3360
3361
3367
3376
3381
3400
3402
3404
3405
3410
3411
3415
3417
3420
3425
3428
3430
3431
3437
3439
3441
3442
3443
3445
3446
3448
3450
3452
3454
3455
3456
3458
3460
3462
3465
3470
3471
3472
3473
3474
3477
3482
3483
3489
3491
3493
3497
3498
3500
3503
3504
3506
3508
3513
3515
3520
3522
3524
3525
3526
3532
3533
3536
3539
3540
3541
3542
3545
3550
3552
3554
3555
3557
3561
3562
3566
3567
3570
3572
3575
3579
3581
3582
3584
3585
3587
3590
3592
3594
3597
3599
3601
3608
3610
3612
3614
3616
3619
3620
3623
3625
3626
3628
3629
3631
3634
3635
3639
3640
3641
3643
3646
3648
3650
3651
3652
3653
3654
3656
3658
3662
3664
3666
3667
3669
3670
3671
3672
3674
3675
3676
3683
3684
3685
3689
3692
3693
3695
3700
3702
3704
3707
3709
3711
3713
3716
3719
3721
3723
3725
3728
3729
3735
3736
3737
3738
3739
3741
3747
3748
3752
3755
3757
3758
3761
3764
3765
3767
3769
3770
3773
3774
3777
3780
3781
3783
3784
3789
3795
3800
3801
3802
3804
3805
3808
3810
3814
3817
3818
3820
3823
3826
3827
3832
3834
3835
3837
3839
3841
3846
3850
3853
3855
3856
3857
3859
3862
3864
3865
3867
3868
3869
3871
3872
3878
3879
3880
3881
3883
3884
3886
3887
3888
3895
3897
3898
3900
3901
3904
3906
3907
3911
3912
3913
3915
3922
3924
3925
3926
3927
3934
3935
3938
3939
3943
3947
3948
3951
3952
3954
3955
3957
3961
3964
3966
3968
3969
3970
3972
3974
3977
3978
3980
3983
3985
3986
3987
3990
3992
3993
3997
3999
4000
4004
4006
4008
4010
4011
4012
4014
4015
4016
4017
4020
4022
4023
4024
4026
4027
4029
4030
4032
4033
4035
4037
4039
4043
4045
4048
4049
4052
4053
4055
4058
4064
4066
4067
4068
4069
4070
4072
4079
4080
4082
4083
4085
4087
4089
4091
4092
4094
4097
4100
4102
4106
4107
4109
4111
4113
4114
4117
4119
4122
4123
4127
4134
4136
4137
4139
4140
4143
4146
4149
4151
4153
4157
4159
4160
4162
4165
4166
4172
4174
4176
4177
4178
4179
4181
4183
4185
4186
4188
4189
4192
4194
4196
4200
4202
4203
4205
4210
4211
4213
4216
4219
4222
4228
4230
4231
4232
4233
4243
4249
4250
4251
4252
4255
4256
4261
4264
4266
4267
4268
4270
4273
4274
4278
4280
4282
4283
4286
4287
4289
4291
4292
4294
4296
4301
4303
4305
4306
4311
4314
4316
4318
4320
4322
4324
4327
4328
4334
4344
4354
4361
4362
4363
4365
4367
4370
4372
4376
4385
4387
4388
4391
4396
4397
4401
4409
4412
4419
4420
4421
4423
4424
4427
4428
4429
4430
4431
4437
4438
4440
4443
4444
4449
4450
4453
4456
4460
4463
4469
4471
4472
4474
4477
4479
4482
4483
4486
4488
4491
4494
4496
4497
4498
4500
4505
4510
4513
4515
4517
4518
4524
4527
4529
4530
4532
4535
4537
4539
4543
4544
4566
4604
4606
4608
4609
4612
4613
4618
4620
4624
4627
4628
4632
4634
4636
4640
4642
4643
4644
4645
4646
4647
4651
4655
4657
4659
4662
4664
4665
4667
4670
4672
4673
4674
4686
4687
4690
4693
4694
4696
4697
4699
4701
4707
4709
4710
4711
4712
4714
4717
4718
4719
4723
4729
4730
4733
4736
4742
4744
4745
4748
4750
4751
4754
4755
4759
4762
4764
4766
4769
4773
4776
4784
4785
4787
4791
4793
4795
4798
4801
4808
4809
4811
4813
4815
4819
4820
4823
4824
4825
4827
4828
4830
4833
4836
4839
4841
4844
4845
4848
4849
4851
4852
4854
4856
4860
4864
4867
4868
4869
4870
4872
4874
4876
4879
4882
4888
4889
4891
4892
4894
4896
4897
4898
4900
4902
4905
4906
4910
4911
4912
4914
4916
4919
4920
4921
4922
4924
4931
4933
4934
4935
4938
4944
4948
4954
4956
4959
4968
4971
4972
4974
4978
4990
4991
4994
4997
4998
4999
5003
5005
5025
5026
5027
5030
5032
5033
5036
5037
5038
5041
5042
5043
5049
5050
5051
5056
5058
5059
5060
5061
5064
5066
5068
5071
5073
5075
5076
5078
5081
5082
5086
5091
5095
5097
5099
5102
5104
5105
5106
5112
5115
5119
5122
5125
5127
5129
5135
5138
5139
5141
5142
5143
5146
5147
5148
5150
5153
5154
5155
5157
5158
5159
5161
5163
5166
5167
5169
5172
5175
5179
5181
5182
5185
5187
5188
5193
5194
5196
5198
5201
5203
5204
5205
5207
5212
5214
5216
5221
5222
5223
5225
5227
5231
5232
5235
5236
5237
5242
5244
5248
5252
5254
5255
5260
5261
5268
5273
5277
5278
5282
5285
5286
5288
5291
5293
5294
5299
5301
5303
5304
5308
5309
5310
5311
5312
5314
5318
5321
5322
5326
5329
5332
5333
5334
5337
5340
5345
5346
5348
5350
5351
5354
5357
5358
5359
5362
5365
5366
5367
5368
5371
5372
5376
5380
5384
5386
5387
5390
5391
5393
5396
5398
5399
5400
5404
5408
5410
5411
5413
5416
5417
5419
5420
5421
5425
5427
5428
5429
5430
5432
5436
5437
5438
5440
5441
5450
5451
5454
5459
5463
5468
5469
5477
5481
5483
5485
5491
5496
5504
5505
5507
5512
5514
5517
5540
5541
5546
5550
5553
5555
5556
5559
5560
5561
5564
5567
5572
5574
5576
5581
5584
5585
5587
5589
5591
5592
5596
5599
5601
5603
5605
5610
5614
5618
5619
5620
5621
5624
5625
5627
5630
5632
5636
5638
5639
5640
5641
5644
5646
5648
5650
5653
5654
5655
5656
5659
5661
5665
5668
5671
5673
5674
5677
5680
5682
5685
5686
5692
5693
5694
5697
5698
5702
5703
5707
5708
5711
5717
5721
5733
5734
5738
5741
5744
5748
5752
5755
5758
5769
5786
5851
5872
5876
5878
5896
5900
5903
5905
5910
5918
5920
5928
5929
5930
5932
5933
5934
5935
5937
5939
5941
5942
5944
5946
5947
5948
5950
5951
5952
5955
5960
5961
5963
5967
5970
5972
5974
5975
5979
5983
5984
5987
5988
5991
5992
5997
6000
6002
6003
6005
6007
6010
6013
6014
6015
6017
6019
6020
6022
6025
6026
6028
6037
6039
6041
6043
6046
6047
6051
6054
6055
6056
6059
6061
6062
6064
6066
6069
6070
6071
6072
6073
6074
6075
6076
6077
6079
6081
6084
6086
6088
6091
6094
6097
6099
6115
6122
6123
6128
6131
6132
6139
6140
6141
6142
6144
6145
6147
6148
6149
6151
6154
6157
6159
6163
6164
6166
6168
6171
6172
6177
6179
6181
6183
6186
6190
6191
6194
6195
6199
6204
6205
6212
6213
6216
6219
6220
6224
6225
6228
6230
6236
6239
6241
6242
6243
6245
6246
6248
6252
6254
6261
6266
6267
6268
6273
6274
6275
6277
6280
6283
6285
6288
6292
6295
6298
6301
6302
6303
6306
6307
6313
6318
6319
6323
6324
6327
6343
6345
6349
6354
6358
6364
6365
6366
6367
6369
6370
6372
6377
6383
6385
6388
6392
6393
6395
6403
6404
6406
6409
6410
6412
6413
6415
6416
6417
6419
6422
6423
6426
6430
6435
6436
6438
6439
6441
6443
6445
6446
6451
6457
6461
6464
6467
6468
6471
6474
6475
6476
6482
6486
6491
6493
6494
6502
6504
6506
6511
6512
6514
6518
6521
6522
6539
6558
6565
6567
6570
6571
6576
6578
6579
6583
6585
6588
6592
6593
6596
6597
6599
6600
6604
6609
6612
6614
6615
6616
6617
6622
6623
6627
6628
6630
6633
6636
6638
6640
6642
6645
6647
6649
6651
6654
6658
6660
6661
6663
6665
6666
6667
6668
6671
6672
6673
6676
6677
6680
6683
6684
6689
6690
6692
6694
6696
6697
6698
6704
6705
6706
6710
6712
6713
6717
6729
6732
6734
6752
6761
6762
6763
6764
6767
6769
6771
6774
6779
6785
6787
6794
6803
6804
6806
6811
6817
6820
6823
6825
6826
6829
6830
6833
6834
6840
6841
6842
6843
6845
6850
6855
6858
6860
6861
6868
6870
6873
6874
6887
6893
6894
6898
6907
6918
6920
6921
6925
6926
6931
6935
6936
6937
6938
6940
6948
6951
6953
6955
6956
6962
6965
6970
6974
6976
6977
6984
6986
6988
6990
6998
7000
7003
7008
7011
7019
7020
7021
7023
7029
7032
7035
7037
7039
7041
7044
7045
7047
7048
7051
7053
7054
7058
7062
7064
7065
7067
7069
7072
7074
7076
7077
7079
7081
7086
7088
7091
7093
7094
7097
7100
7101
7103
7104
7106
7108
7110
7111
7114
7116
7117
7118
7121
7123
7126
7130
7131
7132
7134
7137
7138
7143
7144
7145
7146
7147
7148
7149
7151
7155
7156
7157
7159
7164
7165
7167
7170
7171
7175
7179
7185
7188
7190
7191
7192
7195
7198
7199
7200
7201
7203
7204
7205
7206
7207
7210
7212
7215
7221
7223
7224
7225
7228
7230
7234
7238
7240
7241
7243
7247
7248
7251
7254
7256
7257
7259
7260
7262
7266
7268
7270
7274
7276
7277
7281
7285
7287
7291
7296
7297
7302
7307
7308
7311
7312
7318
7319
7322
7325
7326
7328
7330
7331
7335
7336
7337
7340
7341
7342
7343
7344
7346
7348
7350
7352
7353
7355
7356
7360
7363
7366
7368
7369
7376
7378
7383
7386
7388
7390
7393
7394
7399
7402
7403
7404
7410
7411
7412
7414
7415
7419
7420
7422
7424
7425
7427
7429
7432
7433
7436
7440
7444
7448
7450
7451
7452
7454
7458
7460
7463
7464
7470
7473
7476
7481
7482
7486
7488
7489
7491
7494
7496
7500
7501
7502
7505
7508
7514
7517
7518
7521
7524
7529
7531
7532
7533
7537
7538
7539
7540
7545
7547
7549
7551
7552
7554
7558
7562
7566
7568
7571
7572
7577
7579
7580
7581
7582
7584
7585
7586
7588
7594
7599
7603
7604
7605
7607
7608
7612
7613
7615
7617
7619
7620
7621
7622
7626
7632
7633
7635
7638
7640
7642
7644
7645
7653
7656
7657
7660
7663
7664
7665
7667
7671
7675
7676
7682
7683
7686
7687
7691
7694
7697
7702
7704
7705
7706
7708
7710
7711
7712
7714
7719
7721
7722
7723
7725
7727
7729
7732
7733
7758
7760
7762
7765
7770
7771
7773
7774
7778
7780
7783
7784
7786
7788
7792
7795
7803
7808
7809
7817
7835
7839
7840
7841
7842
7844
7847
7848
7850
7851
7853
7854
7858
7862
7870
7872
7873
7877
7879
7880
7881
7884
7887
7890
7893
7895
7896
7899
7903
7904
7907
7908
7910
7914
7915
7917
7929
7954
7965
7979
7982
7985
8031
8033
8034
8038
8042
8049
8050
8056
8062
8063
8064
8066
8067
8070
8071
8073
8074
8075
8076
8078
8080
8082
8085
8086
8089
8091
8092
8094
8096
8097
8099
8108
8110
8113
8115
8118
8119
8121
8125
8127
8131
8134
8135
8139
8143
8150
8153
8155
8156
8159
8162
8165
8167
8168
8172
8174
8175
8176
8182
8183
8186
8187
8188
8191
8193
8194
8197
8198
8199
8201
8206
8208
8209
8214
8218
8222
8234
8235
8237
8243
8246
8247
8248
8250
8255
8256
8275
8279
8281
8284
8286
8287
8288
8290
8293
8294
8295
8299
8302
8304
8305
8306
8310
8311
8315
8319
8320
8323
8324
8326
8333
8339
8341
8342
8343
8345
8349
8351
8357
8360
8361
8364
8370
8371
8373
8377
8379
8380
8384
8387
8389
8390
8392
8397
8407
8410
8413
8448
8469
8496
8497
8500
8503
8507
8509
8519
8523
8524
8525
8530
8532
8534
8536
8538
8543
8546
8547
8550
8553
8555
8557
8559
8560
8561
8562
8564
8566
8567
8568
8572
8574
8577
8580
8585
8588
8594
8603
8614
8622
8632
8633
8635
8636
8639
8642
8645
8650
8652
8653
8655
8656
8659
8665
8669
8673
8683
8688
8700
8715
8727
8741
8756
8764
8765
8781
8787
8790
8791
8794
8799
8800
8801
8802
8804
8806
8809
8811
8812
8813
8816
8817
8819
8824
8825
8826
8828
8832
8834
8838
8841
8844
8846
8847
8849
8854
8857
8860
8861
8863
8864
8867
8869
8871
8874
8875
8886
8890
8891
8902
8904
8906
8908
8909
8911
8912
8918
8919
8926
8927
8929
8934
8937
8940
8942
8943
8954
8957
8960
8964
8966
8967
8968
8971
8974
8977
8979
8980
8983
8986
8987
8988
8991
8995
8996
8997
8998
9000
9003
9004
9008
9009
9012
9013
9017
9019
9020
9023
9026
9027
9030
9031
9032
9034
9035
9038
9040
9041
9043
9044
9046
9049
9052
9054
9055
9056
9059
9062
9065
9067
9068
9069
9078
9081
9082
9086
9089
9091
9092
9095
9096
9099
9101
9104
9105
9107
9112
9114
9116
9121
9123
9127
9129
9131
9135
9137
9138
9143
9152
9155
9158
9159
9162
9163
9167
9168
9170
9172
9175
9177
9181
9183
9185
9186
9189
9190
9195
9196
9197
9198
9200
9208
9209
9212
9216
9217
9219
9220
9221
9222
9225
9226
9229
9231
9233
9236
9238
9240
9244
9246
9250
9253
9259
9262
9263
9265
9267
9268
9270
9274
9275
9277
9278
9280
9289
9292
9294
9297
9300
9301
9307
9313
9320
9321
9338
9342
9351
9353
9354
9356
9357
9361
9364
9365
9366
9373
9375
9376
9381
9389
9391
9405
9406
9410
9415
9416
9420
9426
9427
9429
9430
9434
9435
9436
9440
9442
9444
9446
9447
9448
9453
9456
9458
9462
9465
9469
9474
9480
9485
9497
9506
9532
9534
9536
9537
9546
9547
9548
9554
9556
9557
9562
9564
9566
9568
9570
9572
9576
9577
9579
9582
9584
9593
9597
9599
9600
9602
9605
9609
9611
9613
9614
9620
9622
9625
9626
9631
9632
9633
9634
9636
9637
9639
9642
9644
9645
9646
9648
9649
9650
9661
9662
9664
9666
9669
9670
9672
9674
9679
9684
9687
9688
9690
9693
9694
9696
9698
9701
9703
9706
9708
9710
9715
9718
9721
9723
9724
9730
9736
9738
9739
9741
9743
9744
9746
9750
9752
9759
9760
9762
9765
9768
9771
9775
9779
9781
9783
9785
9787
9789
9794
9799
9803
9806
9807
9810
9813
9814
9816
9818
9819
9822
9824
9827
9828
9834
9835
9836
9840
9841
9842
9847
9848
9849
9851
9854
9855
9856
9860
9861
9864
9867
9870
9872
9875
9876
9877
9879
9881
9882
9884
9886
9887
9889
9893
9894
9895
9897
9898
9902
9903
9904
9906
9907
9909
9913
9917
9920
9922
9929
9932
9935
9943
9945
9949
9952
9954
9960
9962
9964
9965
9967
9972
9974
9979
9980
9982
9983
9985
9988
9989
9990
9991
9999
10003
10010
10013
10017
10024
10037
10042
10045
10047
10050
10053
10054
10057
10058
10059
10060
10062
10067
10068
10071
10075
10077
10078
10079
10080
10085
10087
10090
10092
10093
10094
10096
10098
10102
10105
10108
10109
10112
10113
10117
10119
10120
10121
10125
10126
10127
10128
10133
10134
10135
10137
10138
10140
10143
10144
10146
10148
10151
10152
10153
10155
10157
10161
10162
10163
10166
10168
10169
10171
10174
10176
10181
10183
10184
10186
10189
10192
10193
10195
10197
10198
10202
10204
10205
10207
10208
10209
10212
10213
10218
10222
10223
10224
10227
10231
10233
10237
10244
10245
10247
10249
10250
10251
10266
10268
10273
10274
10276
10279
10284
10287
10288
10295
10298
10299
10303
10304
10307
10309
10313
10317
10318
10322
10325
10330
10332
10334
10335
10337
10346
10349
10353
10354
10356
10357
10362
10363
10366
10370
10373
10375
10376
10382
10384
10389
10391
10394
10398
10400
10405
10406
10407
10410
10411
10413
10421
10422
10424
10426
10429
10431
10432
10433
10435
10439
10440
10442
10443
10445
10447
10451
10456
10457
10460
10462
10464
10466
10468
10472
10474
10475
10476
10477
10478
10480
10482
10484
10486
10492
10494
10497
10505
10509
10510
10513
10515
10517
10522
10523
10525
10528
10533
10535
10536
10538
10541
10543
10545
10547
10549
10553
10554
10555
10556
10560
10562
10563
10566
10568
10573
10579
10582
10585
10587
10588
10589
10590
10593
10594
10596
10597
10599
10603
10606
10608
10609
10610
10613
10617
10618
10620
10621
10622
10627
10631
10632
10633
10635
10638
10640
10641
10645
10647
10648
10650
10651
10652
10654
10655
10657
10663
10666
10667
10674
10678
10682
10683
10689
10690
10693
10694
10696
10699
10700
10701
10704
10705
10707
10711
10713
10716
10717
10718
10720
10722
10723
10725
10726
10729
10734
10737
10740
10741
10743
10744
10745
10746
10748
10749
10750
10755
10761
10762
10768
10770
10771
10775
10777
10778
10779
10782
10785
10787
10789
10793
10794
10795
10801
10803
10805
10808
10809
10811
10814
10816
10818
10819
10821
10823
10826
10830
10831
10834
10836
10837
10839
10843
10845
10846
10849
10852
10853
10854
10856
10857
10859
10861
10862
10864
10873
10874
10877
10880
10881
10888
10891
10893
10894
10895
10896
10898
10902
10905
10906
10911
10917
10919
10921
10926
10928
10929
10933
10935
10936
10937
10938
10943
10947
10948
10949
10950
10955
10957
10958
10960
10961
10963
10965
10967
10969
10971
10973
10976
10977
10979
10982
10984
10985
10989
10990
10992
10995
10996
10997
11000
11001
11002
11006
11007
11012
11014
11017
11022
11024
11033
11034
11036
11040
11044
11045
11047
11048
11049
11050
11059
11061
11062
11065
11067
11068
11074
11075
11077
11079
11083
11085
11092
11093
11096
11098
11102
11107
11108
11110
11113
11116
11117
11126
11127
11129
11133
11134
11136
11138
11140
11144
11147
11148
11150
11152
11153
11155
11160
11161
11163
11169
11170
11173
11176
11177
11179
11180
11181
11185
11191
11194
11195
11197
11199
11202
11203
11204
11205
11211
11216
11217
11218
11223
11225
11229
11239
11250
11252
11255
11259
11261
11264
11266
11270
11272
11273
11274
11276
11278
11281
11283
11285
11289
11292
11294
11303
11311
11313
11316
11320
11325
11330
11335
11336
11337
11342
11343
11345
11348
11349
11353
11356
11358
11359
11361
11363
11365
11371
11372
11373
11376
11378
11380
11382
11383
11388
11391
11393
11395
11396
11399
11403
11409
11414
11417
11419
11422
11426
11431
11432
11433
11437
11438
11439
11442
11444
11447
11449
11451
11457
11458
11459
11472
11473
11477
11478
11479
11481
11482
11483
11490
11493
11495
11497
11499
11502
11504
11512
11514
11515
11516
11520
11523
11526
11528
11530
11532
11534
11535
11540
11546
11547
11550
11551
11554
11556
11559
11561
11569
11572
11575
11582
11583
11587
11588
11589
11595
11597
11600
11603
11607
11617
11624
11626
11627
11628
11631
11633
11635
11643
11650
11651
11656
11658
11663
11668
11670
11677
11678
11679
11680
11683
11688
11690
11692
11694
11695
11696
11698
11699
11700
11703
11708
11710
11712
11717
11718
11720
11721
11728
11730
11732
11733
11737
11740
11742
11744
11746
11749
11750
11751
11752
11755
11756
11758
11759
11760
11762
11763
11766
11769
11771
11772
11779
11780
11783
11786
11788
11790
11791
11794
11799
11801
11802
11803
11805
11806
11807
11813
11815
11817
11818
11823
11826
11833
11834
11837
11841
11843
11846
11848
11853
11856
11857
11861
11862
11863
11865
11868
11870
11872
11875
11879
11880
11882
11883
11885
11886
11889
11898
11905
11907
11909
11912
11918
11921
11925
11929
11931
11935
11940
11944
11947
11952
11954
11959
11961
11962
11967
11970
11977
11985
11989
11994
11996
12003
12011
12016
12022
12024
12026
12028
12032
12034
12037
12041
12042
12047
12050
12058
12066
12068
12069
12070
12073
12074
12078
12091
12099
12106
12108
12109
12112
12116
12118
12121
12122
12124
12127
12128
12129
12130
12132
12135
12136
12137
12140
12142
12146
12153
12155
12157
12158
12159
12163
12165
12168
12170
12171
12173
12174
12176
12182
12185
12186
12187
12190
12193
12194
12196
12199
12203
12205
12207
12208
12211
12213
12217
12224
12226
12227
12228
12229
12231
12234
12239
12244
12245
12250
12251
12253
12259
12261
12262
12263
12264
12266
12267
12270
12273
12276
12279
12282
12289
12291
12293
12295
12300
12301
12305
12308
12309
12311
12312
12314
12315
12316
12320
12321
12322
12324
12325
12330
12333
12335
12336
12337
12342
12343
12347
12348
12349
12351
12352
12353
12354
12357
12359
12360
12364
12365
12366
12367
12370
12372
12373
12374
12380
12381
12382
12390
12391
12392
12401
12402
12405
12410
12412
12413
12414
12416
12418
12421
12424
12426
12429
12430
12432
12433
12435
12437
12438
12441
12446
12449
12457
12463
12465
12468
12469
12470
12472
12473
12476
12484
12485
12488
12489
12490
12491
12493
12499
12500
12505
12506
12508
12512
12519
12524
12538
12544
12553
12554
12558
12561
12568
12577
12579
12582
12584
12588
12591
12593
12595
12602
12608
12612
12613
12617
12620
12621
12626
12627
12632
12636
12638
12640
12642
12644
12645
12646
12648
12649
12650
12657
12658
12659
12665
12666
12672
12676
12678
12680
12682
12684
12685
12686
12687
12688
12692
12695
12697
12700
12701
12702
12704
12706
12708
12710
12713
12720
12723
12724
12726
12727
12730
12735
12739
12742
12743
12747
12753
12755
12757
12758
12760
12762
12765
12767
12770
12773
12774
12778
12781
12784
12785
12786
12788
12795
12796
12802
12804
12805
12806
12809
12812
12814
12815
12820
12824
12825
12826
12832
12835
12840
12853
12861
12874
12875
12893
12898
12899
12901
12902
12903
12905
12907
12909
12915
12917
12919
12930
12940
12952
12959
12965
12970
12973
12974
12976
12978
12979
12982
12985
13013
13015
13017
13021
13031
13038
13039
13041
13045
13055
13057
13060
13063
13069
13073
13084
13086
13087
13088
13096
13098
13102
13103
13108
13109
13116
13130
13135
13138
13139
13140
13142
13144
13145
13147
13149
13156
13161
13162
13164
13165
13166
13168
13171
13172
13174
13175
13176
13177
13179
13181
13184
13187
13189
13191
13193
13194
13195
13198
13200
13202
13209
13214
13216
13218
13219
13222
13223
13225
13238
13248
13254
13255
13260
13269
13274
13277
13279
13281
13288
13291
13292
13296
13303
13306
13310
13323
13324
13326
13335
13339
13341
13344
13351
13353
13354
13359
13367
13399
13409
13438
13441
13443
13450
13451
13458
13460
13462
13465
13466
13474
13477
13481
13484
13525
13530
13531
13535
13576
13587
13614
13616
13618
13621
13624
13626
13627
13628
13631
13632
13633
13638
13641
13645
13650
13652
13655
13657
13663
13664
13668
13669
13673
13679
13682
13685
13687
13688
13690
13691
13692
13693
13697
13704
13708
13709
13711
13718
13720
13722
13725
13727
13734
13736
13737
13739
13742
13743
13744
13749
13758
13761
13766
13769
13772
13773
13779
13786
13790
13791
13795
13805
13816
13821
13840
13845
13885
13900
13930
13943
13959
13976
14002
14004
14009
14020
14039
14043
14048
14054
14055
14058
14059
14061
14062
14063
14066
14085
14113
14118
14137
14139
14150
14151
14154
14157
14158
14162
14164
14165
14168
14172
14173
14177
14179
14184
14190
14192
14195
14198
14200
14202
14203
14204
14206
14208
14209
14210
14217
14219
14224
14225
14229
14231
14235
14236
14237
14240
14242
14243
14248
14249
14260
14263
14265
14266
14267
14271
14277
14278
14287
14305
14323
14324
14328
14336
14339
14346
14349
14350
14354
14358
14363
14367
14370
14381
14383
14392
14396
14397
14401
14404
14408
14414
14415
14416
14418
14424
14425
14438
14441
14445
14448
14449
14451
14456
14457
14458
14461
14462
14465
14467
14471
14472
14481
14484
14487
14489
14490
14495
14496
14497
14499
14500
14504
14505
14507
14508
14509
14511
14522
14524
14525
14526
14529
14532
14535
14537
14538
14539
14540
14545
14546
14547
14549
14552
14557
14558
14559
14560
14561
14563
14566
14567
14569
14570
14571
14574
14581
14585
14587
14588
14590
14592
14595
14598
14600
14601
14602
14604
14606
14609
14610
14611
14615
14617
14625
14630
14631
14634
14636
14639
14643
14645
14646
14648
14649
14651
14652
14658
14663
14667
14674
14681
14683
14689
14690
14695
14700
14705
14710
14719
14723
14729
14745
14757
14760
14771
14775
14780
14781
14792
14794
14800
14802
14817
14819
14822
14823
14827
14833
14835
14841
14842
14844
14848
14850
14851
14854
14858
14862
14865
14867
14868
14869
14874
14875
14877
14879
14883
14885
14891
14892
14893
14895
14896
14898
14899
14902
14903
14906
14907
14909
14911
14912
14913
14914
14919
14920
14923
14925
14926
14927
14928
14930
14931
14935
14936
14938
14942
14944
14946
14948
14950
14952
14955
14957
14959
14962
14966
14969
14972
14975
14978
14981
14982
14984
14985
14986
14989
14991
14992
14994
14995
14996
14999
15002
15006
15007
15008
15010
15011
15012
15014
15025
15026
15030
15032
15034
15035
15036
15039
15040
15044
15051
15052
15054
15057
15059
15061
15063
15065
15069
15071
15072
15074
15075
15076
15077
15078
15080
15086
15087
15091
15094
15095
15098
15099
15102
15104
15107
15111
15113
15120
15123
15125
15130
15137
15139
15143
15145
15147
15156
15158
15161
15162
15166
15167
15170
15175
15178
15179
15181
15182
15184
15188
15200
15203
15206
15214
15217
15219
15222
15227
15228
15232
15236
15240
15245
15249
15257
15258
15260
15263
15266
15267
15270
15273
15275
15276
15278
15280
15282
15283
15286
15288
15290
15294
15295
15297
15300
15307
15308
15319
15323
15329
15331
15336
15340
15344
15350
15355
15358
15359
15361
15369
15375
15381
15383
15386
15390
15395
15398
15399
15401
15403
15404
15405
15407
15411
15417
15418
15423
15424
15428
15433
15434
15439
15440
15444
15447
15449
15450
15451
15453
15456
15457
15461
15465
15466
15470
15471
15474
15477
15478
15482
15483
15484
15486
15488
15492
15493
15495
15497
15499
15502
15503
15506
15509
15511
15517
15518
15519
15520
15522
15526
15527
15528
15531
15534
15535
15539
15540
15543
15545
15546
15550
15552
15553
15554
15557
15564
15568
15569
15570
15571
15572
15575
15577
15581
15584
15587
15591
15594
15597
15602
15603
15605
15607
15612
15615
15616
15618
15619
15622
15624
15627
15630
15635
15638
15641
15643
15645
15647
15648
15649
15651
15656
15658
15660
15661
15663
15667
15669
15672
15673
15675
15676
15678
15681
15682
15685
15689
15691
15692
15696
15697
15701
15702
15706
15708
15716
15718
15719
15720
15722
15724
15728
15729
15730
15733
15735
15736
15737
15739
15741
15743
15744
15748
15754
15755
15758
15759
15762
15764
15766
15767
15769
15772
15773
15774
15778
15781
15784
15787
15791
15792
15793
15795
15803
15806
15807
15815
15823
15826
15829
15842
15845
15851
15852
15856
15859
15864
15867
15870
15872
15875
15876
15884
15887
15890
15893
15894
15896
15897
15901
15902
15904
15905
15907
15908
15910
15911
15912
15914
15918
15920
15922
15923
15924
15925
15932
15933
15934
15942
15945
15946
15949
15950
15955
15957
15958
15959
15965
15966
15967
15971
15975
15977
15979
15981
15985
15987
15989
15992
15994
15995
15996
15999
16003
16008
16011
16013
16017
16019
16021
16026
16027
16029
16033
16034
16036
16037
16039
16040
16042
16048
16049
16051
16052
16054
16058
16059
16061
16063
16069
16072
16074
16075
16076
16078
16081
16083
16085
16087
16092
16093
16095
16096
16097
16099
16100
16107
16109
16110
16111
16112
16113
16115
16117
16119
16120
16123
16126
16130
16132
16135
16136
16138
16139
16142
16143
16145
16148
16151
16153
16155
16158
16159
16163
16164
16167
16168
16172
16175
16176
16183
16185
16186
16190
16192
16195
16196
16200
16201
16204
16207
16208
16210
16213
16218
16224
16225
16227
16228
16230
16231
16233
16236
16240
16245
16246
16247
16248
16250
16252
16254
16256
16258
16263
16264
16265
16266
16269
16270
16274
16275
16278
16281
16284
16285
16288
16289
16290
16292
16293
16295
16297
16301
16309
16311
16315
16317
16320
16322
16326
16328
16330
16335
16336
16338
16343
16346
16347
16353
16357
16389
16406
16412
16424
16426
16430
16432
16436
16438
16440
16441
16443
16444
16447
16449
16477
16481
16482
16485
16488
16489
16490
16493
16495
16496
16499
16503
16504
16506
16509
16510
16511
16515
16516
16519
16522
16525
16526
16527
16529
16530
16532
16534
16540
16541
16543
16545
16546
16547
16550
16552
16553
16554
16558
16560
16561
16563
16566
16567
16569
16572
16573
16575
16576
16577
16581
16584
16586
16587
16594
16596
16598
16603
16606
16610
16612
16615
16618
16619
16620
16621
16622
16623
16625
16627
16632
16634
16637
16640
16641
16642
16648
16650
16651
16652
16655
16661
16670
16696
16702
16705
16712
16715
16721
16723
16724
16728
16730
16733
16735
16736
16743
16746
16750
16757
16760
16765
16768
16770
16772
16775
16779
16782
16785
16788
16791
16797
16799
16805
16806
16809
16811
16815
16816
16819
16820
16822
16830
16832
16833
16836
16837
16841
16843
16846
16851
16852
16853
16855
16857
16859
16861
16865
16870
16874
16877
16880
16888
16898
16905
16908
16909
16912
16919
16920
16921
16925
16927
16929
16931
16934
16936
16939
16944
16950
16955
16957
16962
16968
16974
16976
16977
16981
16987
16991
16993
17003
17006
17007
17011
17012
17013
17014
17017
17021
17027
17028
17029
17032
17040
17041
17043
17046
17048
17054
17056
17079
17086
17087
17088
17103
17112
17114
17118
17119
17123
17126
17127
17129
17131
17132
17133
17136
17137
17140
17145
17146
17149
17152
17159
17160
17161
17164
17166
17167
17176
17177
17181
17184
17188
17192
17193
17195
17201
17238
17259
17323
17325
17327
17331
17334
17335
17336
17338
17339
17341
17342
17343
17345
17347
17351
17352
17355
17357
17360
17361
17362
17365
17368
17369
17371
17372
17375
17379
17382
17385
17387
17398
17405
17407
17423
17437
17454
17536
17537
17539
17553
17555
17556
17586
17589
17594
17625
17642
17643
17649
17656
17660
17661
17664
17678
17684
17687
17690
17691
17692
17694
17696
17698
17699
17700
17705
17708
17713
17714
17716
17718
17721
17722
17756
17785
17786
17787
17788
17790
17791
17792
17793
17795
17797
17800
17803
17806
17807
17809
17810
17814
17819
17820
17824
17825
17826
17833
17834
17835
17838
17843
17844
17847
17854
17857
17858
17859
17862
17866
17867
17870
17879
17884
17888
17889
17891
17892
17894
17895
17897
17901
17904
17906
17910
17911
17912
17915
17917
17919
17922
17923
17925
17926
17927
17928
17930
17933
17938
17946
17952
17953
17954
17956
17958
17959
17960
17963
17968
17970
17971
17977
17981
17985
17986
17991
17992
17995
17997
17998
17999
18004
18005
18008
18011
18013
18015
18016
18019
18021
18028
18030
18031
18033
18047
18071
18077
18100
18105
18108
18109
18110
18113
18117
18118
18124
18127
18128
18129
18131
18133
18137
18139
18140
18142
18144
18145
18147
18153
18154
18157
18160
18162
18192
18215
18220
18260
18261
18264
18266
18267
18270
18271
18273
18282
18291
18295
18296
18303
18324
18352
18398
18421
18455
18475
18488
18494
18499
18507
18508
18511
18513
18515
18518
18519
18520
18524
18526
18530
18531
18550
18556
18561
18567
18585
18592
18596
18598
18600
18608
18611
18612
18614
18616
18619
18632
18633
18634
18637
18641
18645
18646
18649
18660
18662
18663
18664
18666
18668
18673
18674
18678
18681
18685
18686
18687
18688
18696
18697
18699
18700
18701
18705
18730
18733
18736
18738
18741
18742
18743
18748
18750
18751
18754
18759
18760
18763
18764
18767
18768
18772
18774
18776
18778
18779
18783
18788
18795
18797
18799
18801
18803
18805
18808
18810
18815
18818
18823
18827
18828
18833
18838
18841
18848
18896
18905
18936
18937
18939
18942
18944
18948
18949
18950
18951
18955
18957
18958
18960
18961
18965
18966
18967
18972
18975
18976
18979
18982
18984
18990
18993
18995
18997
18999
19000
19031
19033
19035
19038
19041
19044
19045
19051
19052
19054
19056
19057
19058
19060
19074
19087
19113
19115
19119
19121
19123
19124
19125
19127
19130
19131
19133
19140
19142
19145
19147
19149
19150
19154
19155
19156
19159
19160
19161
19162
19163
19169
19172
19175
19180
19181
19185
19188
19189
19195
19197
19198
19201
19209
19226
19235
19242
19244
19246
19249
19252
19255
19257
19259
19262
19263
19268
19269
19270
19273
19278
19281
19285
19288
19291
19293
19295
19296
19297
19299
19311
19313
19317
19320
19322
19327
19329
19333
19335
19337
19340
19343
19348
19350
19353
19354
19358
19360
19362
19365
19371
19373
19378
19381
19387
19391
19394
19396
19401
19404
19405
19408
19412
19413
19416
19417
19419
19421
19422
19425
19426
19427
19428
19430
19434
19435
19439
19440
19445
19447
19448
19450
19451
19453
19454
19455
19464
19466
19467
19469
19471
19477
19478
19480
19481
19483
19485
19489
19490
19491
19493
19495
19496
19503
19505
19508
19512
19514
19516
19524
19527
19530
19532
19533
19537
19539
19542
19544
19553
19555
19556
19558
19561
19563
19570
19578
19584
19586
19587
19589
19591
19592
19615
19616
19636
19640
19647
19651
19656
19665
19669
19673
19675
19710
19720
19724
19726
19743
19750
19757
19761
19765
19766
19771
19774
19776
19778
19780
19786
19788
19791
19796
19799
19806
19808
19815
19816
19819
19820
19821
19822
19824
19827
19831
19834
19836
19837
19841
19845
19848
19857
19862
19865
19869
19872
19873
19874
19884
19885
19887
19889
19894
19896
19899
19902
19905
19906
19908
19911
19917
19918
19923
19929
19933
19934
19935
19941
19945
19946
19949
19952
19957
19961
19968
19970
19971
19972
19978
19982
19983
19985
19988
19989
19990
19994
20005
20006
20013
20016
20017
20018
20020
20023
20035
20042
20047
20050
20053
20074
20075
20079
20081
20083
20084
20087
20093
20094
20099
20100
20101
20104
20108
20109
20111
20112
20117
20119
20120
20121
20122
20123
20124
20125
20126
20127
20129
20132
20137
20139
20142
20143
20146
20148
20168
20201
20205
20206
20207
20210
20212
20228
20237
20238
20257
20260
20296
20324
20337
20343
20345
20388
20392
20409
20428
20431
20442
20453
20456
20457
20460
20463
20464
20465
20470
20473
20475
20482
20483
20485
20487
20488
20489
20490
20491
20494
20497
20498
20501
20502
20503
20509
20513
20516
20518
20522
20529
20533
20556
20558
20559
20571
20591
20597
20599
20605
20610
20612
20620
20621
20622
20632
20637
20638
20649
20652
20658
20659
20665
20671
20692
20693
20697
20698
20703
20704
20709
20712
20716
20717
20718
20721
20724
20726
20727
20729
20731
20732
20733
20735
20739
20740
20742
20746
20750
20753
20755
20759
20760
20763
20764
20765
20766
20767
20771
20772
20774
20776
20779
20780
20783
20787
20791
20798
20799
20800
20802
20803
20807
20809
20811
20812
20816
20817
20819
20820
20825
20828
20832
20837
20840
20842
20848
20853
20855
20860
20861
20868
20870
20875
20876
20878
20882
20884
20887
20889
20897
20898
20899
20900
20902
20910
20913
20917
20922
20925
20926
20929
20935
20943
20948
20949
20952
20953
20955
20956
20959
20964
20965
20966
20974
20978
20989
20992
21008
21013
21017
21026
21027
21038
21039
21041
21048
21049
21051
21052
21059
21062
21079
21082
21085
21090
21092
21094
21103
21106
21107
21111
21112
21118
21125
21138
21139
21143
21145
21147
21148
21152
21153
21174
21179
21180
21183
21186
21195
21200
21202
21203
21206
21208
21215
21216
21220
21222
21224
21230
21232
21233
21235
21236
21238
21239
21241
21243
21244
21248
21254
21255
21261
21263
21264
21267
21268
21270
21274
21275
21277
21279
21280
21281
21282
21283
21284
21287
21288
21289
21292
21298
21304
21305
21306
21309
21312
21313
21315
21316
21317
21331
21343
21351
21357
21362
21369
21373
21386
21391
21404
21421
21426
21429
21430
21433
21434
21435
21436
21439
21442
21448
21452
21457
21461
21463
21469
21475
21477
21482
21487
21488
21489
21490
21492
21495
21497
21499
21500
21505
21511
21527
21552
21555
21556
21568
21587
21590
21593
21600
21604
21617
21619
21621
21622
21623
21624
21625
21626
21629
21655
21661
21666
21672
21680
21683
21686
21688
21690
21692
21694
21700
21701
21704
21709
21710
21713
21717
21718
21720
21724
21725
21726
21727
21728
21730
21732
21733
21738
21739
21742
21743
21744
21747
21749
21753
21754
21764
21782
21786
21795
21804
21807
21816
21834
21835
21840
21845
21846
21847
21848
21852
21865
21870
21875
21881
21887
21892
21905
21910
21912
21917
21929
21938
21944
21948
21950
21951
21954
21957
21967
21969
21970
21977
21979
21980
21985
21988
21993
22009
22012
22013
22018
22022
22024
22031
22036
22039
22044
22099
22101
22118
22128
22134
22144
22145
22149
22154
22156
22164
22166
22170
22173
22174
22175
22176
22178
22180
22186
22189
22192
22194
22200
22207
22212
22214
22218
22220
22229
22234
22241
22248
22251
22257
22275
22283
22289
22293
22297
22309
22315
22318
22338
22346
22350
22352
22355
22358
22382
22447
22448
22453
22455
22485
22486
22502
22521
22524
22526
22529
22530
22532
22542
22547
22548
22551
22554
22555
22559
22568
22572
22575
22582
22586
22587
22599
22602
22659
22680
22700
22707
22708
22710
22712
22715
22718
22721
22723
22726
22732
22734
22735
22736
22738
22751
22752
22768
22770
22775
22776
22796
22814
22817
22820
22824
22827
22830
22847
22849
22863
22873
22908
22909
22918
22920
22940
22951
22980
22986
22994
23008
23010
23022
23032
23042
23045
23047
23054
23056
23058
23064
23067
23071
23074
23085
23090
23094
23097
23101
23102
23114
23115
23123
23126
23133
23138
23146
23152
23153
23156
23162
23163
23166
23167
23168
23177
23179
23181
23182
23183
23184
23189
23191
23196
23197
23200
23206
23209
23210
23211
23214
23223
23226
23231
23235
23239
23247
23255
23257
23258
23260
23263
23268
23270
23273
23274
23287
23291
23301
23319
23322
23342
23347
23349
23357
23362
23376
23379
23381
23415
23427
23431
23439
23463
23473
23490
23507
23528
23530
23534
23536
23537
23541
23543
23544
23596
23598
23624
23642
23644
23648
23649
23651
23662
23707
23714
23722
23729
23745
23767
23792
23809
23823
23824
23828
23831
23837
23840
23850
23862
23865
23867
23868
23870
23872
23875
23877
23879
23882
23885
23888
23889
23890
23892
23895
23901
23904
23910
23911
23912
23918
23919
23920
23932
23933
23934
23938
23940
23941
23945
23946
23949
23950
23955
23959
23963
23971
23974
23976
23977
23979
23981
23982
23984
23986
23991
23995
23997
24001
24004
24006
24007
24010
24011
24022
24023
24024
24027
24029
24030
24031
24034
24038
24039
24040
24041
24043
24045
24048
24049
24052
24053
24054
24056
24062
24065
24068
24069
24071
24072
24077
24078
24080
24081
24084
24085
24088
24096
24098
24101
24102
24104
24106
24108
24110
24112
24115
24118
24122
24123
24125
24126
24128
24129
24131
24133
24134
24139
24143
24144
24145
24148
24150
24152
24153
24158
24166
24170
24172
24181
24182
24192
24195
24197
24202
24206
24209
24211
24212
24213
24214
24217
24218
24224
24225
24230
24232
24234
24237
24240
24248
24251
24261
24264
24295
24297
24301
24355
24357
24372
24381
24384
24386
24389
24394
24400
24402
24406
24411
24415
24416
24418
24425
24426
24430
24434
24441
24445
24452
24456
24457
24459
24465
24469
24472
24474
24475
24480
24483
24484
24486
24489
24493
24495
24497
24500
24502
24503
24508
24511
24513
24514
24520
24521
24525
24527
24528
24529
24531
24536
24538
24539
24543
24544
24545
24547
24549
24552
24554
24555
24557
24561
24564
24565
24570
24572
24576
24578
24579
24582
24583
24584
24592
24593
24596
24597
24600
24602
24606
24607
24608
24611
24612
24614
24615
24616
24618
24619
24621
24624
24630
24631
24632
24634
24635
24636
24642
24645
24647
24650
24651
24652
24654
24656
24658
24661
24662
24664
24665
24666
24668
24671
24673
24676
24678
24680
24685
24687
24689
24691
24693
24695
24697
24698
24699
24700
24703
24705
24707
24708
24713
24715
24716
24724
24726
24727
24731
24770
24793
24795
24796
24797
24798
24802
24805
24806
24812
24816
24822
24828
24836
24838
24843
24844
24846
24848
24852
24857
24859
24861
24868
24874
24882
24888
24890
24892
24893
24898
24901
24903
24906
24908
24914
24920
24922
24924
24928
24930
24934
24935
24944
24972
24987
24989
24991
24997
25004
25007
25010
25015
25019
25020
25022
25025
25026
25036
25038
25039
25048
25049
25050
25051
25054
25057
25059
25063
25068
25071
25073
25075
25079
25081
25082
25085
25086
25102
25105
25109
25117
25119
25128
25138
25176
25188
25191
25204
25205
25213
25226
25290
25291
25292
25293
25295
25300
25304
25305
25307
25309
25310
25312
25313
25314
25315
25318
25321
25326
25334
25346
25347
25354
25355
25356
25359
25360
25361
25365
25373
25375
25383
25384
25387
25391
25393
25405
25407
25409
25413
25418
25420
25421
25422
25425
25427
25428
25431
25436
25443
25444
25445
25446
25450
25456
25457
25458
25459
25460
25464
25466
25471
25472
25476
25488
25495
25513
25514
25525
25528
25531
25540
25541
25576
25593
25596
25623
25628
25632
25633
25651
25690
25693
25695
25697
25713
25740
25769
25778
25779
25796
25805
25818
25821
25835
25868
25905
25909
25912
25913
25915
25931
25939
25943
25944
25950
25952
25953
25970
25977
25980
25982
25985
25987
25994
25996
26000
26002
26003
26016
26022
26034
26061
26065
26092
26143
26165
26168
26173
26190
26191
26194
26197
26199
26202
26203
26206
26216
26217
26225
26229
26233
26235
26238
26241
26246
26250
26255
26257
26261
26263
26265
26266
26269
26273
26275
26276
26280
26281
26282
26283
26284
26295
26314
26316
26322
26333
26355
26358
26359
26376
26438
26441
26442
26447
26452
26453
26456
26457
26461
26467
26468
26469
26474
26476
26478
26479
26481
26484
26485
26490
26493
26527
26545
26548
26551
26552
26554
26556
26557
26558
26561
26563
26564
26567
26571
26574
26576
26577
26578
26580
26581
26583
26584
26586
26591
26595
26597
26598
26600
26601
26602
26605
26608
26614
26616
26617
26619
26622
26624
26630
26631
26633
26636
26641
26642
26644
26648
26649
26652
26659
26660
26662
26665
26670
26671
26675
26678
26683
26684
26688
26690
26691
26701
26703
26706
26707
26709
26712
26715
26721
26726
26729
26733
26736
26739
26741
26742
26745
26753
26756
26757
26759
26790
26793
26799
26802
26806
26811
26814
26828
26841
26845
26849
26852
26853
26855
26858
26859
26862
26863
26868
26869
26871
26873
26876
26879
26880
26882
26883
26885
26889
26890
26891
26895
26898
26900
26904
26907
26909
26911
26916
26917
26919
26926
26927
26931
26933
26937
26939
26941
26965
26983
26985
26995
27004
27017
27026
27047
27057
27061
27062
27065
27067
27070
27073
27076
27078
27079
27108
27114
27139
27152
27158
27190
27194
27202
27216
27225
27242
27246
27247
27249
27251
27253
27256
27262
27263
27266
27268
27271
27274
27277
27280
27288
27292
27296
27304
27307
27308
27311
27313
27316
27320
27321
27328
27331
27333
27335
27336
27340
27343
27348
27353
27356
27358
27360
27363
27364
27366
27367
27369
27370
27375
27377
27379
27382
27388
27391
27394
27398
27402
27403
27404
27406
27408
27416
27423
27432
27434
27439
27445
27449
27457
27458
27466
27470
27472
27475
27477
27478
27480
27483
27484
27489
27492
27495
27496
27498
27499
27502
27503
27505
27506
27509
27511
27515
27523
27524
27529
27531
27536
27537
27539
27542
27544
27547
27549
27552
27553
27555
27556
27557
27564
27565
27567
27568
27569
27572
27573
27574
27577
27580
27584
27588
27589
27593
27594
27596
27598
27600
27603
27604
27607
27612
27615
27616
27619
27633
27638
27654
27655
27662
27665
27668
27672
27675
27683
27686
27690
27693
27694
27695
27696
27697
27706
27713
27717
27731
27734
27738
27740
27741
27749
27750
27754
27761
27766
27770
27772
27774
27775
27776
27778
27780
27785
27787
27793
27794
27796
27797
27799
27801
27807
27812
27813
27817
27818
27822
27826
27828
27830
27832
27833
27836
27841
27842
27843
27845
27846
27848
27850
27851
27852
27854
27856
27859
27863
27871
27874
27876
27877
27878
27879
27880
27882
27885
27886
27890
27896
27900
27901
27903
27908
27910
27913
27918
27921
27924
27926
27931
27937
27950
27954
27956
27959
27965
27968
27969
27978
27980
27981
27987
27988
27989
27992
27996
28000
28001
28003
28009
28010
28015
28017
28019
28023
28029
28043
28045
28046
28047
28048
28055
28056
28058
28060
28065
28067
28071
28074
28075
28083
28092
28095
28097
28100
28101
28104
28105
28107
28110
28112
28113
28115
28118
28120
28123
28124
28135
28142
28150
28155
28156
28159
28164
28170
28171
28177
28178
28181
28183
28184
28186
28199
28202
28203
28205
28211
28216
28217
28221
28222
28227
28229
28232
28235
28238
28241
28243
28254
28257
28258
28266
28268
28269
28271
28273
28278
28280
28282
28283
28286
28289
28292
28301
28302
28309
28315
28316
28319
28335
28340
28342
28350
28355
28395
28405
28407
28409
28412
28416
28418
28432
28439
28443
28447
28451
28468
28473
28490
28525
28529
28531
28571
28576
28584
28588
28597
28628
28631
28637
28639
28641
28644
28646
28647
28648
28651
28652
28655
28659
28661
28662
28664
28666
28669
28672
28674
28678
28680
28684
28685
28690
28692
28694
28695
28700
28703
28708
28710
28713
28717
28720
28722
28723
28728
28731
28734
28736
28738
28740
28741
28743
28744
28751
28754
28757
28759
28762
28769
28772
28774
28782
28785
28788
28789
28794
28798
28801
28805
28807
28811
28815
28822
28825
28826
28828
28830
28832
28836
28841
28844
28849
28850
28852
28854
28858
28859
28860
28862
28864
28867
28869
28871
28873
28875
28876
28877
28882
28890
28892
28897
28903
28906
28908
28909
28910
28912
28918
28921
28926
28928
28932
28935
28936
28937
28939
28943
28944
28945
28948
28952
28953
28957
28967
28968
28973
28980
28987
28991
28992
28996
29001
29003
29008
29012
29017
29018
29020
29024
29025
29026
29027
29028
29030
29033
29039
29042
29043
29044
29046
29048
29049
29053
29058
29064
29067
29069
29071
29081
29082
29084
29085
29087
29097
29100
29105
29106
29110
29112
29114
29115
29123
29124
29143
29148
29150
29152
29158
29160
29204
29205
29206
29210
29211
29212
29216
29217
29224
29248
29252
29254
29255
29257
29258
29261
29262
29263
29264
29266
29267
29270
29274
29277
29278
29280
29283
29284
29287
29290
29298
29301
29306
29307
29309
29315
29317
29322
29323
29325
29328
29329
29330
29332
29335
29338
29341
29342
29380
29381
29425
29429
29488
29492
29522
29523
29525
29561
29581
29662
29671
29673
29678
29696
29699
29701
29713
29726
29732
29738
29742
29748
29756
29759
29761
29775
29807
29809
29822
29861
29885
29913
29916
29929
29933
29934
29945
29949
29952
29958
29963
29966
29969
29970
29973
29976
29982
29984
29986
29990
29991
30001
30003
30005
30006
30016
30049
30050
30062
30073
30118
30138
30139
30141
30149
30150
30157
30160
30161
30165
30173
30176
30180
30183
30186
30193
30197
30199
30200
30201
30203
30206
30209
30213
30215
30221
30234
30277
30318
30325
30327
30329
30334
30339
30342
30343
30348
30349
30387
30413
30416
30439
30454
30473
30491
30499
30500
30515
30517
30540
30542
30550
30566
30594
30598
30600
30601
30603
30604
30605
30606
30607
30608
30609
30613
30616
30618
30624
30632
30635
30637
30641
30667
30684
30687
30697
30700
30705
30706
30709
30712
30729
30733
30737
30739
30742
30744
30748
30751
30778
30797
30801
30804
30840
30850
30951
30955
30989
31000
31010
31024
31131
31136
31138
31152
31177
31241
31284
31321
31327
31335
31366
31373
31374
31377
31381
31383
31385
31390
31393
31395
31396
31397
31399
31401
31403
31408
31410
31415
31418
31420
31422
31427
31429
31432
31434
31435
31439
31440
31452
31455
31456
31459
31464
31469
31471
31474
31475
31478
31480
31496
31517
31614
31641
31653
31656
31658
31665
31669
31671
31673
31675
31678
31682
31684
31685
31687
31690
31696
31697
31698
31701
31704
31718
31722
31732
31733
31747
31749
31757
31762
31779
31790
31803
31804
31812
31816
31817
31819
31822
31825
31826
31830
31835
31836
31839
31843
31844
31845
31849
31855
31858
31860
31862
31865
31866
31867
31870
31875
31876
31877
31878
31881
31885
31887
31892
31894
31896
31898
31902
31904
31907
31928
32004
32006
32013
32020
32026
32062
32065
32083
32090
32142
32146
32160
32172
32181
32190
32197
32211
32213
32225
32242
32248
32269
32273
32279
32283
32287
32305
32314
32327
32337
32343
32349
32351
32382
32385
32398
32400
32401
32402
32405
32410
32425
32489
32491
32492
32515
32559
32565
32603
32659
32667
32684
32731
32743
32746
32749
32766
32767
32769
32771
32773
32776
32778
32782
32784
32786
32788
32789
32790
32792
32793
32794
32796
32797
32798
32799
32820
32834
32835
32849
32873
32899
32900
32901
32905
32909
32914
32916
32921
32923
32929
32931
32934
32935
32941
32946
32957
32963
32967
32968
32970
32971
32975
32979
32986
32992
33005
33009
33014
33016
33019
33023
33027
33029
33031
33032
33148
33200
33219
33231
33232
33233
33264
33274
33278
33280
33306
33307
33309
33321
33325
33327
33341
33352
33361
33362
33364
33365
33367
33372
33376
33381
33382
33385
33387
33390
33393
33397
33398
33405
33410
33413
33415
33419
33420
33421
33425
33426
33428
33432
33433
33435
33440
33454
33460
33464
33521
33620
33650
33651
33653
33656
33658
33664
33667
33670
33674
33675
33678
33681
33683
33688
33690
33693
33694
33696
33697
33699
33707
33710
33711
33715
33717
33718
33721
33727
33728
33729
33735
33737
33738
33739
33744
33746
33750
33751
33752
33758
33759
33760
33762
33764
33765
33767
33770
33771
33775
33777
33780
33783
33785
33786
33787
33788
33790
33794
33799
33802
33805
33806
33808
33810
33811
33812
33816
33818
33820
33823
33824
33827
33828
33832
33833
33835
33841
33844
33845
33846
33848
33849
33850
33852
33883
33931
33946
34005
34023
34025
34026
34029
34031
34032
34033
34036
34040
34041
34050
34055
34056
34060
34061
34062
34086
34094
34110
34113
34119
34146
34151
34173
34177
34184
34194
34195
34215
34226
34233
34278
34330
34371
34402
34418
34448
34449
34454
34455
34456
34459
34494
34547
34576
34589
34600
34633
34690
34708
34711
34724
34747
34770
34816
34857
34861
34864
34902
34911
34926
34927
34928
34951
34953
34957
34958
34960
34964
34968
34981
35010
35017
35023
35026
35034
35035
35037
35040
35042
35045
35046
35050
35054
35056
35062
35064
35076
35092
35096
35097
35098
35100
35101
35102
35106
35107
35109
35111
35114
35115
35117
35123
35128
35129
35130
35131
35132
35148
35152
35165
35169
35180
35181
35185
35192
35206
35212
35247
35263
35308
35324
35361
35383
35386
35394
35401
35408
35410
35413
35416
35423
35432
35436
35441
35444
35447
35449
35451
35457
35459
35462
35464
35466
35471
35475
35481
35485
35486
35487
35531
35591
35594
35596
35614
35666
35687
35689
35692
35693
35702
35711
35713
35736
35773
35786
35794
35797
35798
35799
35801
35803
35804
35806
35811
35815
35824
35834
35844
35847
35849
35852
35854
35859
35861
35862
35871
35880
35892
35899
35905
35906
35923
35930
35933
35936
35959
35960
35965
35971
35973
35977
35991
36002
36009
36034
36051
36071
36074
36075
36076
36077
36079
36080
36082
36093
36095
36098
36101
36104
36107
36109
36112
36126
36130
36156
36170
36172
36175
36178
36179
36181
36183
36186
36188
36190
36211
36245
36272
36286
36288
36292
36333
36334
36337
36340
36341
36344
36353
36355
36399
36403
36428
36434
36436
36469
36518
36525
36528
36539
36541
36544
36548
36551
36552
36557
36558
36560
36564
36568
36573
36575
36578
36579
36580
36581
36587
36591
36594
36598
36602
36605
36607
36608
36609
36610
36611
36614
36617
36619
36620
36621
36625
36627
36629
36632
36633
36636
36640
36641
36642
36643
36649
36653
36655
36658
36660
36663
36665
36668
36669
36674
36678
36680
36681
36685
36686
36689
36690
36692
36698
36703
36704
36705
36713
36718
36724
36727
36733
36735
36736
36738
36739
36740
36742
36744
36747
36753
36755
36759
36764
36769
36772
36781
36787
36793
36796
36800
36802
36805
36806
36810
36815
36816
36819
36847
36848
36854
36867
36871
36873
36900
36908
36940
36969
36977
36979
37009
37029
37033
37065
37101
37103
37104
37105
37108
37115
37117
37118
37119
37122
37126
37128
37134
37136
37137
37139
37140
37142
37168
37173
37176
37179
37185
37198
37200
37230
37233
37237
37239
37247
37248
37264
37270
37275
37279
37301
37306
37345
37393
37406
37410
37425
37428
37429
37463
37484
37491
37539
37544
37580
37613
37616
37618
37620
37621
37623
37624
37648
37650
37655
37658
37676
37687
37696
37702
37711
37713
37716
37717
37721
37725
37733
37739
37740
37742
37759
37783
37792
37801
37803
37804
37806
37823
37875
37880
37902
37904
37911
37922
37927
37939
37966
38013
38027
38042
38045
38048
38050
38051
38058
38060
38063
38064
38067
38071
38076
38077
38079
38081
38083
38084
38089
38093
38098
38103
38106
38107
38114
38115
38116
38117
38126
38130
38132
38135
38137
38139
38144
38145
38148
38151
38152
38161
38162
38164
38166
38169
38174
38177
38180
38182
38183
38187
38190
38194
38199
38203
38206
38209
38215
38220
38222
38225
38227
38230
38232
38235
38237
38238
38244
38247
38250
38255
38257
38258
38262
38263
38264
38270
38274
38279
38287
38291
38292
38298
38299
38300
38301
38305
38306
38310
38315
38322
38325
38327
38328
38331
38333
38336
38339
38340
38344
38347
38350
38351
38352
38356
38360
38362
38365
38367
38368
38370
38372
38373
38374
38376
38382
38383
38384
38388
38393
38394
38398
38402
38407
38409
38413
38415
38417
38418
38422
38425
38468
38547
38551
38558
38575
38584
38587
38594
38595
38596
38603
38606
38612
38633
38641
38653
38676
38677
38678
38704
38705
38710
38715
38718
38720
38722
38724
38725
38726
38727
38729
38731
38732
38734
38738
38743
38747
38748
38752
38753
38755
38758
38759
38761
38765
38772
38773
38775
38780
38782
38790
38795
38798
38799
38800
38805
38806
38808
38810
38812
38815
38817
38819
38820
38823
38824
38829
38830
38832
38835
38836
38839
38840
38841
38843
38844
38846
38849
38853
38856
38858
38859
38860
38864
38865
38867
38868
38872
38873
38874
38876
38878
38881
38883
38885
38886
38888
38892
38893
38909
38928
38944
38946
38952
38954
38958
38961
38964
38969
38986
39049
39058
39072
39086
39099
39113
39118
39151
39194
39201
39291
39299
39309
39383
39388
39393
39407
39432
39450
39488
39507
39545
39603
39605
39606
39621
39682
39686
39690
39698
39700
39730
39775
39800
39813
39833
39868
39880
39887
39891
39892
39893
39900
39903
39906
39908
39909
39911
39912
39914
39919
39921
39923
39927
39934
39936
39975
40019
40037
40038
40039
40047
40082
40083
40110
40111
40115
40140
40142
40147
40161
40175
40197
40239
40244
40272
40285
40286
40290
40291
40308
40333
40409
40410
40415
40416
40420
40421
40425
40427
40436
40438
40439
40442
40446
40448
40450
40452
40454
40455
40458
40459
40462
40464
40465
40467
40468
40469
40471
40472
40481
40482
40483
40484
40485
40486
40489
40511
40518
40580
40584
40607
40628
40638
40639
40640
40641
40644
40645
40654
40657
40658
40663
40681
40685
40689
40693
40697
40710
40716
40742
40747
40750
40753
40757
40764
40765
40775
40780
40782
40783
40787
40804
40826
40848
40860
40868
40869
40871
40872
40875
40878
40880
40881
40897
40915
40926
40929
40978
41036
41064
41071
41084
41120
41159
41166
41167
41181
41189
41286
41291
41297
41311
41381
41388
41393
41396
41404
41406
41408
41409
41415
41418
41419
41422
41425
41433
41434
41444
41445
41448
41459
41505
41517
41520
41521
41538
41544
41545
41547
41548
41558
41567
41579
41591
41623
41625
41642
41771
41780
41855
41857
41860
41863
41904
41956
42024
42034
42042
42070
42114
42119
42128
42192
42200
42223
42236
42266
42272
42273
42331
42333
42349
42356
42382
42384
42386
42387
42392
42393
42420
42452
42466
42468
42472
42477
42481
42485
42491
42493
42494
42496
42502
42503
42505
42509
42510
42512
42513
42515
42524
42525
42527
42528
42531
42532
42535
42536
42538
42540
42543
42545
42548
42551
42558
42577
42594
42608
42651
42655
42656
42657
42703
42704
42757
42758
42767
42779
42791
42795
42815
42845
42848
42849
42850
42855
42859
42874
42890
42897
42936
42941
42960
42976
42977
42991
43013
43015
43071
43086
43111
43122
43128
43144
43147
43154
43160
43162
43169
43174
43175
43177
43179
43185
43193
43194
43196
43198
43200
43223
43224
43228
43231
43232
43233
43235
43241
43244
43257
43262
43266
43271
43278
43288
43290
43293
43300
43307
43311
43327
43331
43334
43343
43353
43354
43356
43360
43369
43374
43381
43383
43386
43391
43393
43400
43401
43403
43406
43415
43416
43420
43421
43422
43426
43431
43446
43448
43454
43463
43467
43495
43503
43511
43516
43555
43561
43594
43644
43648
43675
43679
43725
43726
43751
43796
43798
43800
43802
43806
43816
43856
43862
43865
43866
43868
43870
43872
43873
43884
43915
43947
43971
43979
44000
44032
44034
44040
44042
44045
44049
44050
44054
44055
44057
44059
44064
44070
44072
44082
44087
44089
44090
44093
44109
44123
44156
44167
44179
44191
44194
44197
44204
44207
44238
44256
44284
44285
44293
44308
44312
44322
44327
44368
44425
44428
44450
44491
44499
44500
44508
44532
44533
44536
44538
44541
44547
44550
44554
44558
44563
44572
44573
44582
44586
44592
44594
44598
44602
44604
44606
44613
44616
44617
44628
44633
44658
44660
44668
44672
44680
44681
44682
44684
44687
44690
44692
44697
44699
44704
44719
44720
44756
44767
44794
44881
44893
44902
44938
44955
44959
44964
44969
44973
44974
44977
44980
44981
45040
45068
45080
45085
45088
45104
45114
45117
45118
45122
45127
45133
45138
45149
45156
45169
45178
45182
45184
45192
45193
45196
45197
45198
45202
45210
45214
45218
45220
45225
45227
45237
45244
45248
45252
45256
45257
45258
45259
45263
45264
45268
45270
45271
45276
45279
45284
45293
45331
45358
45433
45459
45468
45485
45488
45509
45533
45661
45672
45684
45687
45690
45693
45695
45699
45706
45708
45710
45715
45721
45735
45737
45764
45766
45787
45805
45810
45846
45853
45874
45882
45892
45894
45895
45896
45899
45903
45904
45905
45906
45909
45912
45913
45924
45928
45935
45938
45940
45942
45949
45950
45952
45954
45957
45962
45976
45979
45982
45983
46003
46033
46038
46058
46064
46071
46078
46079
46082
46084
46085
46093
46102
46104
46108
46124
46128
46132
46133
46134
46138
46139
46143
46144
46147
46150
46155
46157
46164
46194
46196
46207
46212
46219
46225
46235
46255
46256
46262
46272
46273
46280
46315
46362
46367
46370
46372
46376
46380
46383
46385
46390
46394
46397
46403
46407
46409
46410
46420
46425
46429
46450
46453
46469
46470
46473
46477
46550
46624
46658
46665
46677
46680
46686
46688
46689
46691
46694
46697
46699
46701
46703
46706
46708
46712
46716
46718
46722
46723
46727
46729
46734
46737
46743
46745
46903
46973
47085
47151
47177
47182
47183
47186
47187
47222
47232
47234
47239
47242
47244
47247
47254
47256
47260
47268
47270
47277
47284
47355
47367
47390
47393
47456
47469
47520
47535
47536
47591
47612
47621
47624
47625
47626
47627
47629
47631
47635
47640
47643
47646
47647
47649
47651
47674
47675
47755
47876
47897
47903
47907
47937
47990
48054
48072
48104
48126
48142
48146
48149
48151
48153
48182
48201
48202
48218
48219
48220
48221
48223
48225
48227
48228
48229
48231
48236
48238
48239
48242
48245
48256
48260
48262
48263
48265
48267
48269
48286
48343
48359
48363
48462
48466
48507
48520
48544
48546
48676
48679
48716
48736
48761
48788
48806
48813
48830
48855
48857
48858
48864
48865
48868
48871
48876
48879
48881
48885
48886
48888
48890
48895
48896
48897
48902
48904
48906
48910
48913
48916
48918
48923
48945
48952
48981
48997
49000
49018
49127
49168
49174
49191
49241
49275
49276
49278
49285
49295
49312
49315
49319
49327
49368
49432
49443
49511
49512
49524
49551
49654
49694
49695
49699
49701
49702
49705
49706
49709
49710
49713
49717
49718
49720
49722
49723
49727
49731
49737
49739
49743
49744
49747
49748
49751
49752
49753
49754
49756
49759
49762
49765
49766
49768
49769
49771
49772
49793
49799
49800
49801
49802
49806
49810
49814
49815
49817
49818
49820
49824
49826
49827
49834
49837
49838
49842
49844
49846
49855
49856
49870
49871
49874
49876
49880
49884
49885
49889
49892
49897
49899
49938
49940
49946
49948
49959
49974
49975
49980
49981
49990
49998
50000
50002
50005
50009
50010
50016
50018
50025
50031
50039
50043
50047
50052
50057
50059
50061
50064
50067
50075
50086
50100
50107
50123
50126
50127
50128
50130
50133
50135
50138
50142
50151
50160
50171
50180
50182
50189
50192
50216
50219
50221
50230
50235
50256
50258
50260
50265
50270
50275
50276
50281
50288
50289
50291
50296
50302
50307
50310
50311
50314
50354
50370
50444
50494
50497
50498
50501
50505
50507
50512
50514
50515
50518
50520
50522
50524
50525
50528
50529
50534
50536
50539
50540
50544
50548
50549
50551
50552
50553
50555
50556
50558
50562
50578
50602
50663
50699
50700
50712
50718
50725
50799
50808
50810
50888
50896
50922
50930
50933
50936
50940
50945
50954
50956
50958
50961
50964
50966
50970
50975
50978
50979
50988
50996
51000
51001
51005
51007
51008
51012
51015
51016
51017
51019
51021
51023
51028
51029
51032
51033
51035
51047
51067
51115
51149
51154
51158
51159
51161
51168
51169
51171
51173
51178
51183
51186
51190
51192
51193
51195
51196
51199
51200
51201
51202
51205
51209
51210
51211
51218
51222
51226
51230
51231
51235
51237
51240
51282
51287
51315
51319
51338
51368
51381
51385
51411
51445
51452
51478
51513
51527
51531
51591
51596
51606
51635
51653
51658
51660
51677
51727
51762
51822
51851
51913
51941
52003
52095
52096
52178
52181
52209
52236
52269
52293
52295
52364
52368
52371
52372
52373
52375
52379
52382
52386
52388
52390
52392
52394
52397
52400
52401
52402
52429
52474
52495
52542
52543
52571
52603
52631
52632
52659
52724
52736
52750
52786
52791
52849
52850
52864
52868
52874
52894
53017
53080
53100
53114
53133
53142
53166
53239
53361
53363
53368
53381
53387
53389
53409
53416
53419
53423
53432
53434
53436
53441
53461
53499
53539
53550
53552
53554
53555
53556
53564
53565
53566
53569
53570
53577
53578
53579
53580
53581
53584
53588
53590
53591
53593
53612
53630
53643
53669
53671
53675
53678
53681
53683
53685
53687
53690
53692
53694
53696
53697
53720
53740
53797
53870
53874
53917
53923
53950
53999
54007
54025
54070
54169
54172
54174
54179
54196
54197
54202
54227
54230
54232
54233
54236
54240
54257
54259
54261
54286
54300
54311
54501
54504
54527
54576
54579
54582
54590
54594
54597
54637
54639
54671
54673
54696
54715
54719
54720
54780
54792
54799
54813
54876
54894
54907
54944
55070
55228
55299
55344
55350
55353
55370
55373
55383
55386
55387
55394
55424
55469
55567
55570
55579
55580
55588
55589
55592
55603
55609
55613
55615
55616
55622
55627
55630
55631
55634
55638
55646
55655
55665
55679
55700
55717
55718
55719
55721
55724
55727
55750
55761
55776
55803
55880
55915
55981
56071
56072
56081
56084
56086
56090
56093
56095
56157
56197
56243
56277
56290
56307
56309
56436
56519
56543
56638
56662
56708
56772
56880
56964
56965
56984
57010
57094
57108
57258
57325
57349
57434
57483
57512
57523
57565
57621
57632
57727
57802
57831
57836
57868
57883
57990
57997
58001
58003
58004
58008
58111
58180
58200
58210
58289
58302
58340
58419
58486
58538
58541
58576
58595
58597
58607
58611
58613
58625
58652
58667
58676
58690
58695
58697
58699
58703
58707
58708
58711
58715
58716
58733
58734
58737
58738
58742
58827
58889
58891
58898
58899
58902
58906
58912
58923
58924
58931
58935
58940
58946
58948
59008
59011
59033
59195
59209
59251
59307
59324
59454
59622
59625
59627
59632
59634
59635
59639
59644
59646
59648
59649
59653
59656
59662
59664
59665
59668
59670
59689
59697
59721
59731
59807
59810
59813
59814
59817
59819
59821
59826
59827
59831
59833
59889
59899
59920
59929
59970
59973
60158
60203
60206
60223
60350
60390
60404
60426
60427
60429
60436
60437
60441
60466
60471
60482
60524
60572
60597
60654
60668
60708
60725
60741
60743
60746
60748
60751
60755
60759
60766
60768
60822
60862
60899
60909
61044
61054
61059
61067
61068
61071
61079
61081
61097
61105
61106
61111
61114
61118
61124
61126
61129
61133
61139
61178
61181
61186
61205
61218
61221
61240
61254
61267
61286
61295
61301
61312
61328
61352
61366
61401
61403
61508
61547
61567
61673
61730
61744
61749
61794
61849
61858
61863
61868
61965
62032
62038
62171
62172
62175
62207
62350
62361
62381
62387
62389
62430
62456
62470
62483
62485
62650
62653
62731
62776
62834
62856
62895
62897
62898
62933
62976
62985
62988
63015
63029
63047
63050
63055
63196
63242
63290
63331
63335
63386
63455
63512
63651
63706
63715
63848
63867
63902
63920
63924
63966
63993
64011
64029
64109
64168
64215
64244
64339
64386
64468
64519
64539
64609
64629
64740
64758
64764
64790
64799
64815
64834
64866
64874
65032
65049
65075
65212
65253
65255
65349
65363
65424
65440
65451
65462
65483
65484
65506
65557
65619
65630
65652
65737
65780
65786
65816
65970
66020
66029
66033
66090
66117
66170
66276
66285
66297
66353
66370
66401
66486
66654
66659
66665
66675
66731
66806
66810
66889
66894
66896
66939
67066
67143
67319
67395
67495
67559
67646
67721
67771
67936
67961
67985
68022
68044
68165
68166
68172
68175
68177
68178
68181
68185
68186
68188
68193
68194
68195
68196
68226
68440
68512
68756
68761
68762
68763
68767
68769
68771
68773
68780
68781
68782
68785
68833
68938
69081
69193
69251
69267
69287
69325
69565
69570
69597
69750
69821
69946
69951
69965
69969
70132
70146
70179
70218
70233
70256
70306
70560
70568
70687
70862
71060
71086
71104
71177
71189
71231
71235
71237
71248
71252
71278
71381
71383
71385
71387
71389
71401
71402
71420
71448
71465
71474
71483
71497
71500
71508
71516
71542
71584
71590
71595
71602
71636
71643
71656
71668
71679
71682
71684
71692
71722
71812
71814
71819
71844
71886
71900
71904
71906
71907
71917
71925
71931
71936
71955
71959
71960
71966
71976
71978
71980
71985
71988
71995
72002
72004
72008
72023
72026
72060
72080
72081
72093
72094
72102
72108
72145
72146
72166
72171
72193
72226
72236
72247
72248
72261
72269
72273
72278
72286
72288
72289
72290
72292
72309
72319
72330
72334
72339
72340
72352
72356
72358
72362
72366
72370
72376
72384
72390
72392
72395
72396
72399
72407
72411
72415
72440
72451
72474
72477
72479
72485
72487
72488
72492
72535
72577
72597
72603
72606
72662
72667
72674
72704
72715
72786
72792
73079
73168
73171
73172
73186
73194
73210
73212
73216
73220
73237
73240
73243
73245
73249
73253
73256
73261
73265
73298
73325
73327
73347
73351
73359
73360
73414
73499
73624
73644
73654
73663
73694
73711
73721
73735
73927
74111
74222
74254
74286
74427
74445
74455
74457
74554
74642
74723
74924
75155
75164
75545
75550
75632
75687
75721
75995
75997
76008
76010
76011
76015
76019
76029
76036
76037
76050
76052
76054
76059
76063
76065
76072
76078
76089
76093
76098
76099
76105
76111
76112
76115
76127
76128
76148
76156
76180
76192
76313
76346
76357
76404
76701
76796
76809
76971
76993
77226
77443
77492
77666
77723
77774
77833
77835
78022
78027
78149
78186
78298
78324
78337
78370
78436
78444
78485
78539
78731
78812
78954
79257
79279
79306
79436
79531
79549
79716
79717
79735
79931
79943
79995
