0
0
5
7
11
13
14
18
19
20
26
27
30
32
35
37
39
41
42
44
46
49
52
57
58
59
62
63
74
78
79
80
84
85
86
87
92
93
97
100
106
108
109
115
116
119
121
122
123
124
125
130
131
133
134
136
137
140
143
145
146
147
148
149
152
153
155
159
160
162
163
168
169
172
175
177
178
186
191
193
197
203
206
208
209
210
211
213
214
216
218
221
222
227
228
229
232
235
236
238
239
243
245
247
249
250
253
254
258
262
265
266
267
269
271
275
278
281
282
284
285
286
289
290
292
295
297
298
299
301
302
304
305
306
312
315
319
320
323
326
330
331
332
333
336
337
346
347
351
353
356
357
359
360
361
364
366
370
372
377
379
381
382
384
385
387
390
403
406
410
413
414
418
419
421
423
425
426
429
430
432
433
435
440
441
448
450
454
458
459
460
461
462
464
466
467
470
471
473
476
478
479
480
481
482
483
484
486
488
490
492
493
498
501
503
507
509
511
514
517
518
523
526
529
533
535
536
537
541
542
546
547
549
551
553
554
555
558
563
566
567
576
578
580
582
584
586
587
588
589
590
591
592
594
598
606
608
614
616
619
620
623
626
627
633
636
638
639
641
644
645
648
653
654
656
657
658
660
661
666
667
668
674
675
676
678
681
682
683
684
687
688
695
698
699
701
702
703
707
708
714
718
720
722
724
725
729
732
733
734
736
738
745
746
747
749
752
764
770
773
779
782
784
787
788
790
792
793
795
798
799
800
802
804
809
810
813
816
817
820
822
824
830
832
833
836
838
841
843
846
849
854
855
856
858
862
863
864
868
869
870
872
873
875
876
880
881
882
883
885
887
888
889
890
892
894
896
897
900
901
903
904
906
909
912
913
915
924
926
929
933
934
937
944
951
953
954
959
960
966
971
972
973
976
977
978
981
982
985
986
987
990
992
995
997
999
1002
1004
1006
1007
1008
1010
1015
1016
1019
1022
1023
1024
1027
1029
1031
1035
1036
1037
1040
1041
1045
1046
1047
1048
1051
1053
1057
1058
1062
1064
1066
1067
1070
1073
1075
1076
1078
1079
1080
1086
1087
1090
1091
1093
1097
1101
1108
1112
1115
1117
1121
1124
1127
1129
1130
1132
1133
1134
1139
1142
1144
1147
1150
1151
1153
1155
1159
1164
1166
1167
1171
1172
1176
1178
1181
1183
1184
1185
1186
1190
1192
1195
1197
1199
1200
1201
1203
1206
1207
1209
1210
1211
1212
1213
1215
1216
1218
1219
1220
1221
1224
1233
1234
1236
1238
1240
1243
1245
1246
1248
1253
1255
1259
1260
1263
1265
1267
1268
1269
1271
1276
1279
1282
1287
1291
1292
1293
1294
1297
1299
1302
1303
1307
1309
1311
1314
1316
1319
1320
1323
1325
1326
1329
1333
1335
1336
1338
1339
1340
1341
1343
1350
1351
1352
1353
1356
1357
1360
1363
1368
1370
1371
1372
1373
1377
1380
1381
1384
1385
1387
1389
1390
1392
1393
1396
1397
1398
1400
1401
1403
1410
1412
1414
1416
1427
1428
1430
1434
1436
1437
1438
1440
1442
1450
1451
1452
1457
1462
1467
1469
1470
1474
1477
1478
1479
1482
1486
1487
1490
1492
1497
1498
1499
1501
1502
1505
1507
1509
1511
1513
1531
1532
1539
1544
1546
1547
1552
1553
1554
1557
1562
1570
1572
1574
1578
1581
1582
1590
1609
1610
1611
1612
1615
1622
1623
1625
1628
1629
1635
1638
1642
1647
1649
1651
1652
1654
1657
1661
1662
1665
1666
1667
1668
1669
1671
1673
1675
1676
1680
1683
1688
1689
1691
1692
1697
1702
1714
1718
1721
1730
1744
1759
1775
1776
1777
1778
1779
1783
1784
1787
1789
1790
1791
1792
1800
1803
1806
1807
1809
1810
1811
1812
1816
1817
1820
1821
1824
1828
1830
1832
1833
1835
1838
1839
1844
1845
1846
1848
1850
1851
1852
1854
1859
1864
1866
1867
1869
1870
1871
1872
1873
1874
1875
1877
1878
1879
1881
1883
1884
1885
1888
1889
1893
1895
1897
1899
1902
1906
1907
1912
1913
1915
1917
1918
1924
1927
1928
1929
1931
1935
1943
1944
1948
1949
1951
1955
1959
1962
1964
1965
1966
1969
1970
1973
1974
1980
1982
1987
1993
1994
1995
1999
2002
2003
2006
2008
2016
2021
2022
2024
2026
2028
2032
2039
2041
2042
2048
2053
2057
2058
2059
2062
2064
2068
2070
2072
2075
2076
2080
2082
2083
2084
2088
2090
2092
2093
2094
2095
2098
2105
2106
2107
2108
2112
2115
2118
2120
2122
2123
2125
2126
2128
2129
2133
2137
2139
2144
2148
2155
2159
2162
2163
2165
2166
2171
2174
2175
2177
2178
2183
2187
2193
2195
2197
2200
2202
2204
2209
2211
2214
2216
2219
2221
2222
2224
2225
2228
2229
2230
2231
2233
2234
2236
2239
2241
2245
2248
2249
2253
2256
2258
2261
2262
2264
2267
2268
2270
2272
2273
2276
2278
2280
2285
2287
2288
2292
2293
2295
2298
2301
2311
2312
2315
2317
2320
2323
2324
2327
2330
2331
2333
2336
2340
2341
2343
2345
2347
2348
2350
2356
2357
2361
2363
2372
2374
2376
2386
2388
2390
2392
2393
2394
2396
2398
2400
2402
2403
2405
2407
2409
2412
2414
2417
2418
2419
2425
2426
2428
2433
2435
2438
2439
2443
2445
2446
2447
2452
2455
2461
2462
2464
2465
2466
2467
2471
2488
2492
2494
2496
2497
2499
2500
2504
2505
2507
2508
2510
2511
2512
2514
2520
2522
2523
2525
2527
2528
2530
2532
2533
2535
2536
2539
2543
2545
2546
2548
2549
2552
2554
2556
2559
2560
2562
2565
2566
2567
2568
2571
2572
2573
2574
2575
2577
2579
2585
2591
2593
2597
2598
2599
2603
2604
2605
2607
2613
2614
2615
2616
2617
2621
2624
2629
2631
2634
2635
2637
2641
2642
2645
2648
2650
2651
2652
2655
2659
2661
2662
2663
2665
2672
2674
2675
2678
2679
2685
2686
2688
2691
2692
2694
2696
2698
2699
2700
2702
2703
2705
2706
2709
2712
2716
2717
2720
2722
2724
2727
2733
2736
2738
2740
2744
2745
2750
2751
2755
2757
2762
2764
2766
2767
2775
2779
2782
2784
2785
2787
2788
2789
2791
2795
2796
2797
2799
2803
2804
2811
2813
2815
2819
2820
2826
2827
2831
2838
2842
2845
2846
2847
2851
2856
2857
2858
2861
2862
2865
2869
2870
2873
2874
2877
2878
2886
2891
2894
2898
2901
2904
2905
2907
2908
2912
2914
2917
2918
2920
2922
2923
2924
2925
2926
2927
2928
2929
2930
2934
2935
2937
2943
2946
2949
2951
2953
2954
2958
2961
2963
2967
2968
2970
2971
2976
2981
2983
2984
2988
2989
2990
2991
2992
2994
2996
2998
3004
3007
3009
3012
3015
3016
3020
3024
3026
3028
3030
3035
3037
3044
3045
3046
3050
3051
3053
3054
3055
3059
3061
3066
3067
3068
3077
3080
3083
3084
3089
3090
3098
3099
3102
3105
3106
3109
3111
3113
3118
3120
3125
3127
3129
3130
3131
3132
3133
3134
3135
3136
3137
3138
3141
3142
3143
3145
3151
3176
3184
3198
3203
3218
3219
3236
3251
3253
3255
3256
3257
3265
3268
3271
3273
3276
3280
3281
3282
3285
3287
3289
3291
3293
3295
3296
3298
3301
3305
3308
3312
3313
3316
3325
3327
3330
3335
3340
3345
3369
3380
3382
3386
3393
3399
3411
3414
3415
3416
3425
3427
3431
3435
3437
3440
3441
3443
3445
3448
3449
3450
3451
3452
3453
3457
3459
3462
3464
3466
3469
3471
3473
3474
3475
3478
3479
3483
3486
3487
3490
3493
3494
3496
3499
3506
3511
3512
3515
3516
3518
3522
3524
3529
3534
3536
3542
3555
3556
3561
3562
3563
3564
3569
3572
3573
3574
3578
3582
3583
3587
3588
3589
3590
3593
3597
3599
3602
3604
3607
3609
3612
3616
3619
3621
3622
3624
3627
3628
3629
3633
3635
3637
3644
3647
3648
3651
3653
3655
3657
3658
3659
3661
3663
3664
3666
3668
3670
3672
3675
3679
3680
3681
3682
3683
3684
3689
3690
3692
3696
3697
3699
3700
3701
3702
3704
3705
3709
3711
3715
3717
3718
3719
3720
3723
3724
3725
3726
3727
3729
3732
3734
3737
3741
3745
3748
3750
3751
3753
3754
3755
3757
3761
3763
3767
3770
3772
3774
3775
3776
3777
3778
3779
3780
3785
3786
3789
3790
3792
3793
3794
3799
3803
3804
3806
3809
3810
3812
3814
3817
3819
3821
3823
3825
3827
3828
3829
3830
3833
3835
3836
3838
3840
3845
3850
3853
3855
3860
3862
3864
3867
3869
3871
3872
3874
3875
3877
3879
3881
3883
3884
3888
3890
3891
3892
3897
3898
3899
3902
3903
3905
3906
3909
3915
3918
3921
3922
3924
3927
3928
3930
3932
3935
3937
3940
3942
3945
3946
3947
3951
3958
3963
3967
3968
3969
3971
3975
3978
3979
3982
3983
3984
3986
3991
3995
3998
3999
4000
4002
4004
4006
4007
4008
4011
4012
4013
4014
4016
4017
4019
4022
4025
4027
4028
4031
4032
4034
4035
4037
4039
4040
4043
4048
4049
4051
4053
4054
4058
4060
4061
4064
4065
4066
4067
4069
4071
4073
4075
4076
4077
4080
4083
4088
4090
4091
4095
4096
4097
4099
4106
4108
4110
4111
4113
4114
4118
4122
4124
4125
4126
4128
4132
4133
4135
4136
4137
4138
4141
4146
4148
4151
4153
4155
4156
4161
4162
4163
4164
4167
4168
4173
4174
4177
4178
4180
4181
4184
4185
4190
4191
4194
4196
4199
4201
4202
4203
4205
4208
4209
4210
4217
4236
4243
4245
4250
4251
4252
4255
4258
4259
4262
4266
4268
4272
4273
4276
4278
4281
4286
4288
4294
4295
4300
4301
4310
4315
4331
4334
4336
4339
4346
4352
4353
4358
4362
4376
4378
4382
4389
4393
4400
4404
4410
4411
4412
4414
4420
4422
4424
4431
4432
4434
4436
4440
4441
4443
4444
4448
4449
4451
4453
4455
4459
4460
4463
4464
4467
4471
4472
4474
4475
4477
4479
4482
4484
4485
4487
4490
4492
4495
4496
4497
4498
4499
4501
4504
4505
4508
4511
4512
4514
4518
4521
4524
4526
4527
4528
4531
4532
4536
4540
4543
4546
4548
4549
4550
4552
4554
4555
4557
4558
4564
4565
4567
4568
4570
4571
4572
4573
4580
4584
4592
4594
4598
4599
4601
4603
4608
4612
4614
4617
4624
4625
4627
4629
4630
4648
4653
4654
4657
4659
4662
4666
4669
4670
4672
4674
4679
4680
4681
4682
4688
4692
4698
4715
4716
4717
4723
4726
4730
4734
4737
4741
4742
4743
4745
4748
4749
4751
4755
4758
4759
4760
4762
4765
4766
4770
4772
4774
4776
4779
4781
4782
4784
4785
4786
4798
4800
4801
4802
4804
4806
4809
4812
4817
4824
4828
4832
4834
4835
4839
4851
4856
4858
4859
4861
4865
4869
4874
4879
4883
4884
4890
4899
4901
4906
4920
4923
4926
4927
4929
4942
4944
4946
4947
4948
4961
4962
4963
4966
4968
4970
4972
4974
4980
4987
4994
4996
4998
4999
5001
5003
5006
5011
5014
5017
5021
5024
5030
5035
5037
5041
5053
5079
5098
5099
5100
5103
5106
5110
5114
5115
5119
5123
5125
5129
5131
5132
5134
5139
5140
5143
5144
5146
5147
5148
5151
5155
5158
5160
5161
5163
5169
5171
5173
5175
5176
5177
5178
5181
5182
5184
5186
5187
5188
5189
5194
5195
5198
5199
5204
5209
5213
5216
5222
5224
5225
5229
5230
5232
5234
5235
5239
5240
5242
5243
5245
5249
5252
5253
5256
5257
5259
5261
5266
5267
5269
5271
5272
5275
5280
5282
5284
5285
5286
5287
5288
5290
5292
5293
5296
5297
5299
5301
5303
5304
5307
5308
5309
5310
5311
5317
5318
5319
5322
5324
5325
5326
5329
5331
5332
5334
5335
5336
5339
5341
5344
5347
5350
5356
5359
5361
5363
5364
5365
5369
5371
5372
5374
5378
5380
5383
5385
5386
5387
5389
5390
5392
5395
5397
5401
5405
5406
5407
5408
5410
5412
5413
5414
5419
5420
5421
5422
5424
5426
5428
5430
5434
5435
5436
5441
5443
5446
5447
5448
5450
5454
5455
5456
5458
5467
5472
5475
5476
5483
5487
5492
5500
5503
5540
5544
5547
5548
5549
5551
5552
5553
5555
5558
5559
5561
5562
5563
5569
5584
5593
5598
5606
5609
5632
5635
5639
5640
5645
5650
5652
5655
5656
5659
5665
5682
5687
5689
5691
5692
5696
5697
5698
5699
5702
5705
5708
5713
5716
5719
5720
5722
5725
5727
5730
5733
5734
5743
5744
5745
5746
5747
5752
5754
5756
5760
5763
5767
5768
5770
5772
5774
5776
5779
5780
5782
5784
5787
5789
5790
5791
5792
5794
5801
5803
5807
5809
5810
5814
5815
5818
5822
5823
5825
5827
5830
5838
5841
5842
5847
5849
5852
5853
5855
5856
5860
5861
5866
5869
5871
5904
5907
5908
5913
5916
5920
5927
5928
5935
5939
5942
5944
5946
5947
5949
5950
5952
5958
5959
5963
5968
5969
5970
5972
5977
5980
5985
5987
5988
5991
5992
5998
6000
6001
6002
6004
6006
6007
6010
6012
6013
6014
6018
6020
6021
6024
6026
6032
6035
6038
6041
6043
6047
6048
6051
6053
6056
6058
6059
6064
6070
6073
6075
6076
6088
6090
6093
6095
6096
6100
6101
6107
6109
6115
6126
6128
6131
6133
6135
6136
6138
6139
6140
6143
6145
6147
6152
6153
6154
6156
6157
6162
6163
6166
6168
6171
6174
6175
6178
6181
6182
6185
6187
6189
6190
6191
6192
6194
6195
6196
6199
6200
6202
6203
6205
6210
6215
6216
6219
6221
6223
6230
6231
6235
6236
6237
6239
6242
6243
6245
6248
6249
6255
6256
6257
6261
6262
6265
6267
6270
6273
6275
6276
6277
6278
6280
6281
6282
6283
6285
6288
6290
6316
6319
6320
6325
6328
6330
6339
6340
6344
6346
6349
6354
6357
6358
6361
6364
6365
6366
6368
6373
6374
6375
6377
6381
6382
6383
6384
6385
6386
6388
6398
6401
6404
6405
6406
6409
6411
6423
6427
6445
6447
6453
6474
6476
6478
6480
6481
6482
6485
6488
6490
6492
6494
6496
6497
6499
6501
6502
6503
6504
6510
6520
6521
6522
6525
6533
6536
6537
6540
6541
6544
6547
6564
6569
6570
6587
6593
6596
6597
6599
6600
6603
6606
6608
6610
6613
6615
6616
6621
6622
6628
6630
6632
6634
6638
6640
6643
6645
6646
6648
6650
6651
6652
6654
6656
6661
6662
6674
6703
6706
6712
6713
6717
6718
6725
6726
6728
6731
6733
6734
6736
6738
6741
6744
6746
6748
6750
6752
6755
6758
6759
6762
6765
6766
6771
6772
6775
6778
6779
6781
6784
6786
6788
6790
6793
6796
6798
6801
6802
6806
6809
6810
6811
6815
6816
6819
6821
6822
6826
6827
6833
6838
6839
6841
6842
6843
6844
6849
6868
6869
6881
6883
6884
6894
6895
6898
6901
6903
6910
6912
6914
6917
6918
6923
6927
6929
6931
6933
6935
6938
6943
6945
6946
6949
6950
6952
6955
6956
6957
6958
6961
6966
6972
6976
7015
7043
7046
7054
7057
7062
7063
7065
7066
7069
7070
7071
7075
7077
7082
7084
7090
7092
7094
7097
7098
7101
7102
7103
7105
7107
7109
7112
7115
7116
7120
7121
7133
7149
7155
7158
7167
7170
7172
7178
7179
7185
7187
7188
7193
7194
7229
7230
7232
7235
7237
7240
7243
7245
7250
7255
7258
7281
7289
7291
7292
7293
7294
7305
7308
7309
7313
7316
7319
7346
7355
7358
7361
7377
7379
7381
7383
7385
7386
7387
7390
7392
7395
7397
7399
7400
7403
7404
7405
7411
7413
7415
7416
7418
7422
7424
7428
7429
7432
7434
7435
7438
7440
7442
7448
7450
7451
7453
7454
7455
7457
7458
7459
7462
7463
7464
7468
7472
7473
7475
7479
7482
7484
7485
7486
7491
7502
7519
7533
7535
7538
7550
7551
7564
7590
7602
7611
7616
7623
7645
7654
7662
7667
7669
7670
7672
7673
7675
7676
7677
7681
7690
7691
7692
7695
7696
7697
7698
7700
7701
7705
7729
7775
7780
7782
7785
7790
7791
7793
7796
7800
7802
7803
7804
7808
7819
7821
7831
7862
7880
7883
7889
7891
7912
7916
7923
7929
7942
7944
7958
7960
7963
7965
7967
7971
7972
7973
7976
7977
7978
7979
7982
7983
7986
7991
7992
7993
7995
7996
8000
8001
8006
8009
8010
8012
8017
8020
8023
8026
8028
8033
8035
8037
8040
8044
8047
8059
8062
8079
8080
8081
8085
8092
8093
8102
8106
8110
8111
8112
8115
8117
8120
8127
8130
8132
8136
8140
8144
8145
8147
8150
8151
8153
8154
8155
8157
8159
8161
8163
8166
8172
8173
8178
8180
8183
8186
8187
8189
8197
8198
8202
8207
8208
8211
8213
8215
8217
8218
8219
8220
8221
8223
8230
8232
8233
8236
8239
8241
8244
8246
8248
8250
8272
8304
8332
8333
8360
8367
8370
8377
8379
8412
8418
8425
8428
8437
8442
8444
8446
8447
8451
8454
8458
8459
8461
8464
8468
8469
8471
8477
8479
8480
8485
8487
8488
8491
8494
8496
8498
8499
8500
8502
8506
8507
8513
8521
8523
8525
8530
8531
8532
8534
8537
8541
8544
8547
8548
8549
8551
8555
8559
8562
8565
8568
8569
8573
8574
8576
8578
8579
8583
8587
8591
8597
8599
8605
8607
8608
8612
8613
8614
8616
8621
8624
8626
8628
8633
8634
8635
8636
8638
8642
8643
8651
8653
8660
8663
8669
8670
8673
8674
8677
8678
8680
8682
8685
8700
8702
8745
8748
8753
8756
8758
8759
8762
8766
8768
8771
8775
8779
8812
8817
8832
8836
8839
8840
8842
8850
8851
8854
8855
8858
8861
8867
8868
8869
8871
8872
8877
8878
8881
8882
8886
8890
8894
8896
8898
8900
8901
8903
8905
8907
8908
8911
8916
8920
8926
8928
8931
8934
8936
8937
8939
8941
8942
8947
8954
8957
8958
8982
8989
8991
8994
8997
9001
9004
9006
9010
9013
9015
9019
9023
9025
9026
9028
9029
9033
9035
9036
9042
9044
9046
9048
9055
9056
9064
9069
9072
9074
9076
9079
9080
9084
9086
9092
9097
9099
9104
9105
9109
9114
9115
9116
9120
9121
9122
9123
9125
9127
9130
9134
9136
9137
9140
9142
9146
9148
9149
9150
9153
9154
9155
9156
9158
9161
9170
9171
9176
9178
9181
9183
9185
9186
9191
9193
9194
9197
9203
9204
9205
9207
9208
9213
9215
9217
9235
9238
9239
9244
9246
9247
9250
9252
9253
9256
9258
9260
9263
9264
9266
9269
9274
9278
9280
9281
9282
9284
9287
9289
9291
9296
9297
9298
9299
9300
9301
9303
9308
9309
9310
9311
9317
9319
9321
9323
9324
9325
9326
9327
9332
9334
9337
9340
9341
9346
9347
9349
9354
9359
9362
9363
9365
9370
9371
9372
9374
9376
9377
9380
9381
9384
9390
9392
9394
9396
9436
9439
9440
9443
9447
9448
9452
9454
9456
9459
9462
9463
9465
9467
9472
9473
9475
9478
9480
9481
9483
9484
9499
9515
9519
9522
9527
9529
9530
9534
9538
9540
9546
9552
9561
9562
9565
9570
9571
9575
9576
9580
9582
9588
9589
9592
9597
9599
9600
9605
9609
9610
9613
9614
9620
9621
9623
9625
9628
9629
9630
9631
9633
9636
9639
9640
9642
9644
9645
9647
9650
9651
9660
9662
9665
9666
9668
9670
9672
9674
9680
9681
9685
9686
9688
9690
9691
9694
9696
9697
9700
9702
9703
9705
9735
9738
9785
9791
9793
9810
9826
9829
9857
9862
9897
9907
9910
9913
9918
9919
9924
9927
9929
9934
9935
9936
9939
9941
9943
9944
9945
9946
9947
9950
9951
9952
9954
9955
9957
9958
9961
9963
9965
9966
9968
9970
9974
9977
9978
9979
9986
9988
9990
9993
9994
9997
10001
10002
10005
10007
10012
10014
10017
10018
10022
10024
10030
10035
10036
10037
10038
10039
10043
10047
10049
10050
10051
10053
10054
10063
10070
10071
10072
10073
10075
10077
10082
10083
10087
10089
10090
10092
10093
10101
10104
10129
10132
10135
10136
10138
10141
10147
10148
10149
10151
10155
10157
10166
10168
10175
10178
10182
10183
10188
10194
10198
10201
10204
10207
10208
10219
10222
10226
10231
10232
10237
10238
10239
10245
10248
10253
10257
10263
10268
10270
10274
10275
10277
10282
10284
10288
10289
10292
10294
10301
10304
10307
10308
10314
10315
10317
10318
10321
10328
10330
10332
10333
10336
10337
10339
10343
10347
10348
10349
10351
10353
10354
10355
10358
10365
10366
10371
10373
10376
10377
10378
10379
10381
10382
10383
10384
10386
10387
10389
10390
10393
10394
10398
10399
10402
10403
10404
10405
10409
10410
10414
10417
10421
10425
10429
10445
10458
10475
10485
10497
10504
10507
10509
10511
10514
10516
10517
10519
10520
10523
10526
10529
10530
10534
10538
10541
10554
10557
10560
10561
10562
10567
10580
10584
10588
10591
10592
10595
10596
10597
10598
10599
10600
10601
10607
10609
10616
10624
10630
10631
10632
10639
10644
10647
10652
10659
10661
10664
10673
10675
10677
10682
10692
10694
10697
10699
10700
10714
10719
10723
10724
10726
10727
10730
10745
10750
10754
10759
10765
10768
10769
10771
10774
10778
10779
10782
10788
10790
10793
10797
10798
10800
10802
10804
10805
10806
10807
10808
10809
10812
10814
10815
10818
10819
10820
10823
10825
10826
10829
10831
10832
10834
10835
10837
10840
10866
10887
10904
10912
10913
10924
10929
10931
10933
10934
10947
10949
10950
10951
10953
10954
10955
10956
10957
10958
10961
10962
10965
10967
10968
10969
10977
10978
10981
10989
10992
10996
10999
11000
11006
11012
11014
11021
11026
11029
11030
11033
11040
11042
11045
11046
11049
11050
11051
11054
11064
11066
11074
11080
11091
11092
11094
11105
11108
11115
11128
11129
11131
11134
11137
11138
11139
11142
11145
11146
11147
11150
11151
11152
11156
11161
11162
11164
11168
11170
11172
11174
11176
11181
11186
11190
11191
11193
11197
11198
11201
11202
11204
11206
11208
11212
11216
11217
11220
11221
11222
11223
11267
11268
11273
11278
11279
11286
11289
11290
11291
11294
11298
11305
11316
11335
11345
11351
11358
11368
11372
11384
11385
11387
11409
11410
11422
11423
11437
11448
11460
11472
11476
11509
11511
11521
11525
11529
11532
11533
11534
11535
11536
11542
11545
11547
11550
11552
11556
11558
11559
11562
11563
11565
11566
11567
11572
11574
11575
11577
11578
11580
11585
11589
11590
11592
11597
11600
11601
11608
11609
11613
11615
11616
11617
11618
11621
11627
11629
11631
11632
11637
11638
11640
11641
11643
11645
11649
11650
11651
11654
11660
11663
11664
11665
11667
11672
11704
11715
11741
11745
11748
11749
11752
11754
11755
11759
11760
11764
11765
11767
11768
11776
11779
11780
11781
11785
11791
11795
11797
11800
11801
11808
11815
11819
11821
11823
11825
11827
11828
11830
11835
11836
11839
11841
11843
11846
11849
11853
11854
11855
11856
11858
11859
11860
11862
11863
11865
11866
11867
11868
11869
11873
11875
11877
11883
11884
11887
11888
11889
11890
11892
11893
11896
11897
11898
11902
11906
11908
11910
11912
11916
11921
11922
11925
11926
11928
11931
11932
11933
11935
11940
11941
11942
11944
11949
11954
11957
11960
11962
11963
11966
11968
11971
11973
11976
11978
11981
11985
11987
11988
11991
11995
11996
11998
12001
12002
12003
12004
12007
12009
12010
12011
12013
12016
12020
12023
12025
12030
12036
12063
12064
12068
12078
12085
12086
12091
12099
12102
12104
12106
12108
12111
12112
12117
12119
12122
12123
12126
12129
12130
12131
12134
12139
12145
12152
12153
12155
12156
12161
12164
12167
12171
12174
12176
12178
12185
12186
12187
12191
12194
12195
12200
12202
12209
12211
12216
12219
12220
12221
12224
12226
12228
12237
12241
12245
12246
12250
12251
12255
12263
12269
12272
12305
12309
12315
12318
12338
12340
12344
12348
12359
12364
12379
12381
12389
12393
12402
12407
12408
12414
12435
12437
12438
12443
12449
12450
12453
12459
12464
12466
12471
12475
12476
12479
12480
12483
12485
12487
12508
12520
12530
12532
12534
12535
12552
12562
12574
12577
12581
12584
12586
12591
12593
12594
12596
12598
12605
12608
12612
12613
12618
12623
12626
12631
12632
12634
12637
12640
12644
12646
12648
12651
12655
12656
12662
12664
12665
12666
12670
12673
12676
12679
12682
12683
12684
12688
12690
12691
12693
12695
12696
12697
12699
12705
12706
12707
12709
12715
12716
12721
12723
12725
12727
12729
12730
12733
12736
12739
12740
12741
12742
12743
12746
12748
12749
12751
12756
12758
12763
12764
12785
12788
12795
12798
12799
12800
12801
12806
12807
12810
12814
12815
12816
12820
12821
12822
12824
12826
12828
12829
12830
12833
12836
12842
12844
12847
12848
12852
12853
12858
12862
12865
12868
12870
12871
12872
12875
12879
12880
12884
12887
12889
12891
12893
12896
12897
12899
12901
12903
12907
12909
12910
12916
12919
12924
12942
12943
12947
12951
12965
12974
12975
12977
12982
12983
12985
12987
12990
12991
12995
12998
12999
13000
13002
13003
13005
13008
13012
13013
13017
13020
13023
13030
13034
13036
13038
13042
13043
13048
13050
13051
13078
13080
13094
13095
13103
13107
13110
13111
13114
13119
13120
13121
13124
13128
13133
13134
13138
13141
13152
13156
13161
13164
13166
13168
13171
13174
13178
13180
13181
13185
13190
13194
13195
13198
13199
13205
13208
13209
13212
13213
13214
13217
13219
13220
13221
13222
13223
13224
13225
13226
13227
13228
13230
13234
13239
13241
13243
13246
13250
13253
13255
13257
13258
13260
13262
13264
13265
13269
13270
13279
13280
13282
13284
13286
13287
13291
13294
13296
13298
13299
13301
13305
13306
13310
13311
13315
13317
13352
13375
13377
13379
13392
13393
13397
13399
13400
13402
13403
13405
13411
13412
13413
13415
13418
13420
13423
13427
13428
13438
13440
13445
13452
13453
13454
13460
13469
13470
13471
13477
13481
13485
13486
13490
13492
13504
13515
13534
13546
13569
13575
13576
13577
13587
13625
13629
13634
13635
13637
13638
13640
13641
13644
13645
13646
13650
13651
13652
13654
13662
13663
13664
13667
13669
13671
13672
13674
13678
13680
13684
13688
13689
13690
13692
13696
13697
13700
13702
13704
13707
13709
13712
13713
13715
13716
13721
13724
13725
13728
13730
13732
13734
13736
13737
13739
13741
13744
13747
13750
13754
13757
13758
13759
13771
13772
13773
13774
13776
13779
13782
13784
13788
13790
13794
13796
13798
13801
13803
13807
13811
13814
13816
13817
13819
13820
13821
13826
13830
13832
13833
13837
13839
13843
13845
13849
13850
13851
13854
13858
13860
13862
13865
13867
13869
13871
13872
13874
13875
13876
13877
13880
13881
13882
13883
13885
13886
13892
13898
13899
13900
13903
13905
13906
13908
13912
13919
13921
13923
13925
13926
13929
13930
13933
13936
13937
13938
13941
13944
13947
13950
13954
13963
13970
13971
13973
13975
13976
13979
13980
13983
13987
13990
13992
13994
13995
13996
13998
13999
14000
14005
14007
14009
14010
14015
14022
14023
14024
14026
14027
14028
14032
14034
14035
14036
14037
14042
14043
14045
14046
14049
14058
14061
14064
14066
14068
14096
14098
14099
14101
14102
14103
14111
14115
14117
14122
14123
14125
14128
14131
14134
14138
14140
14142
14146
14147
14149
14153
14155
14164
14165
14167
14171
14175
14179
14181
14183
14185
14186
14187
14191
14193
14204
14205
14206
14209
14211
14216
14220
14227
14231
14236
14237
14238
14242
14244
14248
14252
14257
14261
14262
14264
14279
14284
14286
14288
14291
14292
14297
14298
14299
14300
14303
14304
14308
14317
14325
14333
14334
14336
14338
14340
14347
14348
14351
14352
14355
14356
14358
14361
14373
14374
14378
14382
14383
14384
14386
14388
14390
14392
14394
14396
14400
14405
14410
14412
14435
14436
14437
14439
14440
14441
14445
14446
14449
14451
14454
14457
14459
14461
14462
14465
14468
14471
14473
14474
14475
14479
14480
14482
14488
14492
14495
14500
14504
14507
14508
14510
14512
14517
14520
14522
14528
14530
14536
14541
14542
14543
14544
14545
14548
14550
14552
14569
14585
14603
14615
14636
14658
14663
14666
14669
14672
14673
14676
14677
14678
14679
14682
14683
14686
14688
14690
14691
14696
14697
14701
14705
14707
14708
14710
14717
14720
14725
14727
14729
14735
14754
14772
14783
14788
14789
14794
14795
14796
14804
14806
14812
14813
14815
14817
14818
14821
14822
14828
14831
14833
14835
14837
14841
14842
14844
14846
14852
14857
14858
14864
14865
14866
14868
14872
14873
14877
14880
14881
14882
14884
14886
14888
14889
14890
14892
14894
14898
14900
14903
14905
14906
14910
14913
14914
14915
14918
14922
14924
14928
14933
14935
14936
14938
14945
14952
14954
14956
14957
14958
14963
14966
14967
14969
14970
14975
14977
14978
14983
14985
14986
14989
14999
15002
15006
15007
15008
15012
15013
15014
15016
15018
15020
15023
15024
15028
15032
15034
15036
15040
15041
15044
15047
15050
15054
15058
15060
15061
15064
15066
15070
15072
15073
15077
15078
15079
15080
15082
15085
15086
15090
15093
15096
15097
15100
15102
15103
15106
15108
15109
15111
15112
15118
15120
15122
15128
15130
15157
15159
15196
15197
15199
15222
15226
15232
15275
15299
15307
15309
15310
15321
15324
15325
15327
15328
15330
15332
15336
15344
15346
15349
15352
15356
15357
15363
15368
15369
15371
15376
15377
15378
15381
15382
15385
15392
15396
15397
15400
15405
15406
15412
15413
15419
15424
15428
15430
15447
15461
15467
15470
15473
15476
15480
15484
15487
15491
15513
15514
15530
15536
15550
15572
15578
15582
15583
15587
15591
15596
15598
15600
15602
15604
15607
15608
15612
15613
15618
15619
15622
15624
15625
15626
15628
15630
15633
15635
15640
15641
15643
15645
15647
15650
15651
15654
15657
15658
15659
15660
15663
15664
15666
15669
15670
15672
15673
15676
15678
15684
15685
15691
15693
15695
15698
15700
15701
15703
15706
15708
15712
15721
15738
15739
15744
15746
15748
15753
15754
15755
15760
15763
15764
15765
15766
15769
15775
15801
15818
15819
15820
15841
15843
15847
15851
15860
15865
15869
15873
15877
15879
15880
15896
15915
15924
15925
15926
15928
15931
15933
15943
15944
15945
15950
15951
15955
15961
16008
16023
16034
16061
16063
16065
16066
16067
16070
16072
16075
16076
16078
16088
16115
16116
16121
16122
16132
16133
16134
16137
16139
16141
16143
16145
16146
16147
16152
16153
16158
16159
16162
16169
16171
16177
16180
16183
16184
16185
16186
16190
16192
16196
16197
16199
16200
16202
16205
16208
16209
16212
16214
16217
16219
16221
16223
16226
16228
16230
16233
16234
16236
16237
16238
16239
16242
16244
16247
16249
16250
16255
16258
16259
16261
16263
16264
16266
16267
16270
16273
16276
16277
16279
16281
16287
16289
16292
16293
16295
16297
16298
16310
16316
16317
16321
16324
16325
16327
16328
16331
16332
16334
16342
16366
16373
16377
16388
16392
16416
16418
16420
16422
16428
16429
16440
16441
16442
16444
16448
16450
16451
16467
16481
16489
16494
16510
16511
16514
16515
16516
16517
16518
16522
16523
16524
16525
16526
16531
16533
16535
16537
16539
16540
16542
16543
16545
16546
16548
16551
16552
16554
16563
16565
16567
16569
16571
16574
16575
16577
16580
16583
16585
16586
16589
16590
16592
16597
16598
16601
16604
16605
16607
16610
16616
16617
16618
16619
16620
16622
16624
16626
16627
16629
16630
16631
16634
16636
16638
16645
16646
16647
16650
16663
16666
16678
16697
16716
16719
16741
16751
16811
16828
16830
16831
16835
16836
16839
16841
16843
16860
16864
16866
16867
16871
16872
16875
16885
16886
16887
16889
16890
16893
16897
16910
16916
16919
16923
16924
16927
16928
16930
16931
16934
16940
16956
16957
16965
16995
16998
17016
17021
17024
17037
17041
17054
17066
17068
17070
17071
17076
17077
17080
17082
17084
17086
17087
17095
17096
17099
17100
17101
17107
17109
17112
17114
17117
17118
17119
17121
17125
17131
17136
17138
17147
17148
17149
17152
17154
17158
17162
17164
17166
17171
17172
17232
17264
17265
17266
17267
17287
17292
17294
17295
17297
17301
17302
17303
17305
17308
17312
17313
17315
17318
17319
17320
17324
17325
17326
17327
17333
17345
17356
17371
17379
17383
17386
17391
17392
17395
17402
17403
17406
17409
17425
17427
17428
17439
17445
17448
17457
17467
17470
17471
17472
17477
17480
17481
17483
17486
17487
17488
17490
17492
17499
17501
17503
17504
17505
17508
17509
17513
17517
17519
17521
17522
17523
17524
17526
17528
17529
17530
17533
17535
17538
17540
17541
17555
17557
17563
17568
17573
17585
17602
17604
17605
17624
17625
17630
17633
17636
17640
17641
17642
17650
17651
17653
17655
17659
17660
17661
17668
17672
17673
17674
17678
17681
17687
17690
17693
17697
17699
17703
17704
17710
17711
17722
17726
17729
17731
17733
17747
17771
17785
17790
17792
17795
17799
17801
17802
17806
17808
17809
17811
17812
17815
17817
17818
17820
17822
17825
17827
17830
17831
17832
17834
17836
17840
17841
17845
17861
17895
17900
17901
17904
17905
17907
17910
17916
17918
17936
17949
17953
17955
17958
17959
17963
17964
17965
17966
17969
17972
17975
17981
17982
17984
17987
17990
17992
17993
17995
17997
18011
18018
18020
18022
18026
18028
18030
18032
18035
18037
18039
18040
18042
18045
18047
18049
18051
18053
18056
18057
18064
18066
18067
18069
18074
18077
18080
18081
18084
18086
18087
18089
18090
18113
18116
18118
18120
18198
18200
18202
18204
18210
18213
18214
18216
18221
18222
18225
18236
18237
18252
18255
18274
18276
18279
18281
18286
18288
18290
18291
18295
18296
18297
18300
18308
18316
18320
18321
18323
18324
18325
18326
18329
18333
18334
18335
18337
18338
18341
18343
18344
18345
18349
18354
18356
18360
18361
18362
18363
18365
18368
18371
18372
18373
18377
18378
18384
18386
18387
18389
18390
18391
18392
18403
18405
18407
18408
18416
18418
18419
18428
18443
18462
18465
18466
18469
18473
18477
18483
18492
18494
18505
18508
18509
18517
18522
18523
18524
18525
18531
18533
18544
18576
18594
18596
18598
18607
18611
18614
18615
18622
18659
18664
18665
18676
18678
18682
18684
18688
18691
18692
18698
18700
18703
18712
18718
18727
18731
18759
18778
18782
18796
18797
18800
18802
18803
18804
18808
18809
18810
18816
18817
18819
18820
18825
18826
18827
18830
18831
18834
18835
18839
18840
18841
18851
18865
18897
18913
18938
18957
18958
18960
18982
18985
18987
18992
18994
18997
18999
19000
19001
19005
19007
19010
19013
19015
19018
19023
19024
19026
19027
19029
19035
19037
19041
19049
19050
19052
19054
19056
19057
19058
19062
19063
19066
19069
19070
19071
19072
19075
19077
19078
19079
19082
19083
19086
19089
19090
19092
19097
19099
19101
19102
19104
19105
19107
19109
19111
19113
19114
19118
19120
19122
19125
19128
19129
19130
19132
19133
19136
19137
19142
19143
19144
19148
19149
19150
19151
19153
19158
19164
19165
19166
19175
19177
19182
19186
19187
19188
19191
19194
19197
19200
19202
19204
19206
19207
19209
19211
19213
19218
19225
19227
19229
19232
19235
19238
19241
19244
19247
19251
19294
19306
19321
19337
19361
19366
19368
19370
19375
19376
19415
19417
19460
19462
19468
19470
19493
19500
19526
19527
19532
19569
19573
19633
19648
19727
19748
19751
19764
19783
19787
19791
19804
19807
19808
19848
19851
19853
19858
19861
19862
19866
19867
19870
19872
19875
19902
19903
19921
19927
19928
19931
19935
19936
19941
19942
19948
19956
19958
19960
19963
19965
19966
19967
19971
19978
19979
19983
20011
20015
20018
20021
20024
20026
20027
20031
20032
20040
20041
20044
20045
20049
20052
20054
20056
20058
20062
20063
20065
20070
20072
20086
20090
20103
20113
20125
20127
20130
20155
20163
20211
20212
20222
20223
20231
20255
20276
20279
20282
20283
20285
20286
20288
20289
20290
20295
20297
20300
20301
20304
20305
20307
20309
20311
20316
20323
20324
20326
20330
20332
20335
20338
20342
20345
20348
20349
20350
20353
20354
20359
20360
20361
20364
20365
20366
20368
20373
20379
20380
20391
20400
20402
20404
20405
20408
20410
20411
20413
20414
20425
20428
20429
20433
20434
20435
20436
20439
20442
20443
20444
20447
20450
20452
20454
20457
20459
20464
20476
20477
20491
20494
20496
20515
20523
20525
20528
20533
20537
20538
20539
20542
20545
20546
20548
20549
20551
20554
20556
20557
20562
20563
20565
20573
20577
20582
20583
20596
20599
20603
20613
20634
20636
20640
20641
20646
20647
20651
20653
20655
20658
20663
20665
20668
20671
20673
20676
20679
20683
20687
20689
20696
20700
20703
20704
20740
20741
20761
20798
20799
20801
20803
20805
20806
20807
20809
20811
20813
20815
20821
20822
20826
20831
20833
20836
20837
20840
20842
20845
20846
20853
20854
20856
20863
20868
20869
20871
20873
20876
20877
20879
20880
20881
20884
20886
20887
20891
20898
20902
20904
20905
20908
20909
20910
20912
20915
20916
20922
20925
20927
20928
20930
20933
20939
20943
20944
20959
20966
20982
21001
21006
21029
21030
21031
21033
21035
21037
21039
21046
21053
21059
21099
21103
21109
21124
21170
21171
21201
21202
21203
21207
21208
21212
21215
21225
21229
21240
21243
21262
21264
21275
21303
21306
21308
21333
21336
21353
21356
21357
21370
21384
21397
21404
21430
21435
21440
21442
21451
21454
21463
21464
21472
21475
21476
21477
21481
21482
21483
21487
21489
21491
21492
21493
21495
21498
21499
21502
21505
21507
21510
21513
21515
21516
21528
21532
21547
21613
21619
21649
21651
21656
21658
21663
21686
21695
21711
21713
21719
21720
21726
21728
21731
21732
21737
21740
21745
21750
21751
21754
21755
21756
21759
21762
21766
21769
21772
21773
21775
21776
21783
21785
21786
21787
21794
21796
21797
21800
21804
21806
21811
21813
21816
21817
21823
21824
21826
21828
21833
21834
21838
21843
21853
21856
21860
21862
21864
21868
21871
21873
21877
21880
21881
21883
21888
21891
21894
21897
21900
21903
21905
21907
21909
21910
21912
21914
21916
21919
21925
21928
21931
21932
21933
21936
21939
21941
21942
21945
21948
21950
21954
21955
21959
21960
21962
21964
21968
21971
21978
21979
21980
21985
21990
21992
21998
22000
22003
22005
22010
22017
22025
22028
22033
22035
22037
22041
22048
22050
22053
22055
22059
22062
22064
22068
22069
22079
22080
22082
22085
22087
22088
22096
22097
22098
22101
22108
22110
22115
22118
22126
22129
22130
22132
22133
22136
22139
22140
22141
22142
22143
22145
22155
22159
22164
22165
22167
22169
22174
22176
22177
22179
22183
22187
22189
22191
22195
22202
22203
22205
22207
22209
22211
22212
22217
22221
22223
22224
22228
22235
22244
22245
22251
22253
22254
22255
22257
22259
22260
22291
22296
22297
22306
22326
22332
22333
22341
22361
22372
22374
22377
22381
22382
22386
22387
22392
22417
22421
22427
22428
22430
22434
22436
22446
22464
22468
22470
22475
22486
22490
22491
22493
22495
22496
22497
22513
22515
22516
22521
22523
22527
22531
22536
22541
22543
22544
22548
22572
22586
22588
22589
22590
22595
22596
22599
22600
22604
22606
22611
22625
22626
22636
22660
22665
22670
22680
22686
22688
22691
22703
22705
22724
22734
22750
22753
22760
22762
22763
22775
22779
22786
22790
22791
22802
22832
22845
22852
22853
22858
22864
22891
22894
22896
22897
22901
22907
22916
22924
22936
22939
22940
22942
22949
22953
22956
22959
22969
22976
22980
22985
22992
22995
22997
23004
23026
23030
23034
23039
23041
23042
23062
23063
23088
23092
23096
23098
23099
23104
23105
23111
23114
23117
23121
23125
23130
23135
23139
23141
23147
23148
23158
23160
23162
23163
23166
23173
23174
23177
23178
23179
23181
23182
23183
23185
23187
23188
23189
23190
23195
23197
23199
23200
23203
23206
23207
23208
23211
23216
23218
23224
23226
23227
23232
23233
23235
23243
23273
23314
23327
23330
23348
23358
23362
23391
23402
23411
23416
23434
23450
23468
23528
23548
23552
23553
23559
23562
23573
23586
23592
23593
23595
23597
23609
23611
23616
23621
23624
23627
23633
23636
23638
23643
23644
23649
23651
23654
23656
23657
23660
23665
23666
23670
23671
23673
23677
23678
23680
23684
23687
23692
23693
23695
23699
23702
23703
23705
23708
23712
23721
23725
23741
23742
23745
23747
23748
23753
23758
23759
23761
23764
23793
23794
23795
23799
23800
23802
23856
23857
23860
23861
23908
23910
23923
23933
23934
23940
23943
23944
23945
23947
23964
23967
23971
23972
23985
23988
23993
23997
24031
24083
24084
24107
24108
24112
24113
24118
24119
24121
24124
24125
24129
24131
24133
24134
24135
24136
24139
24144
24146
24148
24151
24155
24161
24185
24206
24242
24256
24279
24294
24299
24301
24304
24307
24310
24311
24313
24314
24318
24319
24320
24321
24323
24326
24330
24335
24338
24343
24355
24376
24381
24385
24386
24407
24409
24411
24412
24413
24416
24418
24422
24427
24430
24434
24436
24437
24439
24440
24461
24463
24468
24491
24512
24515
24520
24528
24529
24535
24544
24611
24615
24653
24704
24706
24707
24712
24736
24772
24786
24792
24795
24799
24800
24801
24802
24803
24805
24808
24810
24815
24818
24819
24822
24825
24827
24829
24831
24834
24835
24837
24845
24846
24850
24852
24853
24856
24857
24859
24863
24872
24875
24878
24879
24882
24885
24887
24889
24893
24897
24898
24901
24904
24905
24906
24909
24911
24913
24917
24921
24925
24937
24942
24946
24947
24959
24961
24963
24969
24972
24976
24979
24981
24983
24989
24991
24992
24995
24999
25005
25008
25009
25012
25014
25015
25016
25021
25022
25023
25025
25032
25051
25115
25118
25119
25122
25133
25136
25137
25145
25148
25150
25151
25152
25155
25159
25164
25167
25170
25173
25176
25177
25178
25179
25184
25189
25194
25198
25220
25238
25251
25254
25264
25268
25297
25301
25325
25336
25351
25391
25421
25436
25463
25465
25466
25471
25472
25473
25474
25477
25479
25485
25486
25487
25489
25491
25494
25500
25501
25502
25503
25506
25508
25512
25514
25516
25518
25519
25521
25522
25523
25528
25529
25533
25534
25537
25543
25544
25546
25548
25553
25562
25563
25566
25570
25572
25573
25574
25577
25578
25581
25583
25585
25587
25589
25593
25594
25595
25605
25610
25616
25620
25622
25623
25624
25626
25628
25630
25632
25635
25639
25651
25660
25663
25665
25666
25668
25669
25670
25671
25677
25679
25680
25687
25690
25692
25695
25704
25705
25710
25713
25735
25741
25745
25747
25750
25754
25757
25758
25760
25761
25767
25769
25780
25787
25795
25846
25862
25865
25868
25870
25871
25872
25875
25876
25898
25900
25903
25908
25910
25914
25915
25919
25921
25926
25933
25937
25940
25952
25970
25989
25991
25995
26007
26008
26012
26014
26017
26019
26022
26026
26027
26029
26033
26034
26044
26062
26065
26067
26073
26097
26110
26120
26122
26128
26129
26132
26137
26139
26151
26152
26157
26158
26161
26163
26167
26179
26181
26196
26231
26237
26248
26250
26255
26257
26259
26262
26265
26268
26270
26274
26276
26277
26278
26282
26283
26290
26293
26295
26297
26300
26301
26305
26308
26309
26313
26317
26320
26321
26323
26325
26328
26329
26330
26332
26339
26340
26343
26344
26346
26347
26354
26358
26362
26368
26370
26373
26374
26375
26380
26382
26386
26388
26391
26392
26393
26397
26400
26403
26410
26411
26413
26416
26417
26418
26420
26424
26427
26428
26434
26437
26438
26441
26447
26449
26450
26453
26455
26458
26470
26473
26475
26477
26492
26504
26505
26511
26514
26527
26528
26562
26564
26566
26570
26574
26575
26577
26580
26582
26584
26594
26598
26599
26600
26601
26602
26608
26610
26611
26613
26614
26621
26625
26630
26632
26633
26634
26637
26642
26644
26646
26649
26651
26655
26656
26657
26659
26663
26665
26667
26670
26672
26674
26678
26679
26684
26686
26690
26693
26697
26701
26705
26710
26711
26713
26718
26741
26749
26759
26765
26771
26780
26792
26795
26796
26800
26803
26808
26810
26813
26816
26844
26862
26873
26879
26880
26885
26888
26898
26902
26903
26907
26917
26933
26935
26936
26940
26943
26955
26962
26963
26967
26974
26981
26983
26996
27020
27039
27040
27074
27086
27103
27116
27123
27158
27193
27210
27212
27213
27214
27215
27218
27219
27221
27224
27225
27232
27238
27241
27244
27246
27250
27255
27271
27275
27279
27286
27306
27346
27366
27369
27370
27371
27375
27378
27379
27382
27385
27386
27388
27391
27394
27403
27404
27405
27408
27409
27412
27416
27419
27421
27426
27428
27429
27430
27432
27442
27446
27451
27452
27454
27467
27472
27476
27477
27480
27481
27483
27485
27488
27493
27495
27497
27504
27507
27509
27511
27513
27516
27524
27529
27534
27537
27538
27541
27546
27547
27549
27550
27565
27566
27570
27572
27581
27587
27588
27593
27594
27596
27598
27601
27604
27605
27608
27614
27618
27621
27622
27624
27625
27628
27630
27633
27634
27635
27636
27648
27676
27706
27711
27720
27732
27737
27752
27785
27804
27830
27832
27833
27836
27840
27842
27845
27849
27850
27851
27855
27857
27859
27863
27864
27866
27893
27924
27973
27977
27997
28014
28019
28037
28048
28091
28107
28129
28131
28133
28136
28142
28144
28145
28147
28148
28150
28152
28153
28155
28159
28160
28161
28166
28169
28173
28174
28178
28179
28182
28185
28188
28192
28201
28202
28211
28213
28217
28218
28234
28236
28240
28244
28253
28269
28274
28276
28277
28286
28293
28324
28335
28342
28376
28382
28395
28398
28401
28403
28405
28409
28413
28428
28430
28445
28463
28464
28469
28471
28472
28475
28480
28483
28485
28489
28495
28504
28515
28532
28553
28554
28555
28558
28559
28561
28563
28567
28568
28571
28575
28578
28579
28581
28584
28590
28592
28595
28596
28598
28599
28600
28601
28602
28603
28605
28607
28608
28609
28611
28617
28619
28623
28626
28627
28629
28632
28633
28634
28637
28641
28642
28645
28648
28650
28653
28655
28656
28658
28660
28661
28665
28666
28668
28669
28673
28674
28676
28679
28683
28690
28691
28698
28701
28702
28703
28705
28707
28708
28712
28715
28717
28719
28721
28724
28726
28727
28728
28733
28734
28740
28749
28755
28761
28763
28789
28790
28793
28803
28817
28821
28882
28895
28897
28900
28903
28905
28913
28915
28917
28923
28925
28927
28928
28952
28955
28957
28959
28963
28966
28967
28971
28974
28975
28976
28984
28985
28986
28987
28989
28993
28997
29003
29008
29012
29018
29024
29025
29037
29045
29046
29047
29058
29090
29097
29124
29125
29128
29136
29138
29139
29140
29200
29218
29220
29223
29224
29227
29228
29229
29233
29234
29236
29237
29238
29242
29246
29248
29271
29291
29299
29300
29303
29330
29331
29334
29342
29345
29366
29388
29394
29409
29411
29412
29416
29421
29422
29433
29437
29438
29440
29444
29448
29452
29453
29455
29456
29458
29460
29464
29466
29470
29471
29474
29477
29500
29502
29512
29530
29533
29564
29567
29572
29582
29589
29638
29644
29651
29670
29686
29690
29699
29720
29767
29776
29777
29795
29804
29806
29817
29848
29855
29873
29888
29902
29907
29918
29920
29921
29923
29926
29929
29932
29937
29942
29944
29951
29960
29979
29982
30000
30013
30021
30024
30044
30045
30065
30074
30088
30116
30118
30124
30127
30129
30131
30137
30138
30143
30145
30148
30153
30156
30158
30160
30210
30213
30221
30231
30238
30245
30259
30260
30264
30272
30276
30297
30305
30347
30349
30353
30354
30361
30365
30366
30369
30372
30377
30378
30381
30382
30384
30385
30387
30389
30393
30397
30403
30405
30408
30411
30414
30415
30417
30419
30422
30424
30429
30434
30436
30439
30443
30444
30446
30447
30449
30450
30451
30453
30454
30455
30462
30465
30467
30468
30469
30471
30473
30474
30475
30478
30481
30482
30485
30488
30489
30492
30493
30495
30496
30499
30502
30505
30506
30507
30522
30541
30543
30547
30550
30558
30561
30562
30563
30565
30566
30571
30586
30618
30647
30675
30698
30711
30717
30725
30729
30743
30748
30758
30762
30766
30767
30772
30782
30787
30793
30832
30834
30850
30866
30869
30870
30873
30903
30905
30909
30913
30919
30923
30924
30931
30943
30944
30949
30956
30957
30959
30961
30967
30970
30987
30988
31035
31054
31084
31097
31110
31132
31145
31162
31173
31183
31185
31189
31192
31195
31198
31200
31204
31210
31216
31217
31225
31246
31296
31301
31306
31338
31343
31371
31372
31374
31377
31379
31380
31382
31385
31386
31388
31390
31392
31395
31401
31403
31405
31410
31412
31414
31419
31424
31427
31430
31431
31434
31436
31439
31440
31444
31446
31449
31451
31452
31454
31456
31457
31462
31466
31467
31470
31473
31475
31479
31480
31483
31489
31494
31498
31500
31501
31502
31503
31507
31511
31512
31514
31515
31517
31522
31528
31534
31535
31538
31539
31543
31546
31547
31548
31571
31572
31574
31576
31578
31579
31581
31584
31586
31587
31588
31594
31597
31598
31600
31603
31607
31614
31615
31618
31622
31624
31626
31628
31629
31634
31635
31637
31640
31646
31647
31649
31655
31661
31664
31672
31712
31717
31781
31853
31860
31900
31901
31905
31916
31917
31959
31961
31963
31965
31966
31971
31975
31981
31983
31986
31988
31989
31991
31995
31998
32001
32002
32005
32008
32009
32011
32013
32014
32029
32030
32031
32033
32035
32037
32038
32042
32043
32045
32069
32071
32072
32074
32076
32081
32114
32169
32170
32204
32215
32236
32237
32242
32243
32253
32257
32260
32261
32265
32267
32270
32271
32272
32284
32296
32297
32301
32302
32307
32310
32312
32315
32319
32320
32325
32326
32332
32333
32336
32337
32346
32347
32356
32360
32374
32376
32383
32391
32393
32399
32410
32435
32459
32482
32495
32498
32507
32511
32514
32522
32553
32558
32559
32564
32566
32569
32570
32572
32574
32575
32576
32579
32592
32616
32629
32630
32635
32639
32640
32642
32643
32647
32649
32650
32653
32654
32658
32660
32662
32663
32665
32666
32669
32670
32671
32672
32677
32679
32680
32681
32685
32688
32691
32692
32695
32697
32699
32701
32703
32704
32706
32707
32708
32710
32712
32714
32717
32719
32720
32721
32723
32759
32769
32788
32792
32794
32808
32809
32814
32815
32816
32818
32824
32832
32833
32835
32841
32842
32846
32850
32851
32855
32871
32885
32892
32896
32899
32900
32904
32907
32910
32912
32913
32915
32995
33007
33059
33061
33065
33066
33076
33080
33083
33090
33092
33103
33107
33108
33121
33122
33126
33129
33135
33146
33149
33150
33156
33161
33166
33168
33171
33174
33176
33193
33194
33196
33200
33203
33205
33213
33238
33283
33316
33351
33369
33393
33400
33411
33413
33467
33478
33518
33528
33557
33597
33605
33607
33611
33612
33615
33617
33618
33622
33627
33629
33631
33632
33633
33636
33643
33647
33648
33652
33655
33658
33661
33662
33664
33673
33679
33681
33682
33683
33684
33687
33689
33691
33692
33696
33698
33699
33701
33704
33706
33707
33710
33712
33714
33715
33718
33719
33720
33721
33722
33723
33725
33726
33728
33733
33735
33743
33760
33764
33811
33813
33825
33867
33876
33891
33893
33926
33943
33947
33967
33976
33991
33996
34002
34004
34008
34027
34028
34029
34030
34033
34034
34035
34036
34054
34062
34070
34079
34089
34099
34108
34111
34120
34135
34138
34151
34199
34213
34223
34233
34249
34299
34301
34327
34350
34352
34355
34359
34362
34364
34366
34370
34374
34377
34381
34383
34384
34387
34417
34418
34420
34425
34426
34431
34432
34435
34436
34438
34441
34442
34443
34452
34484
34511
34512
34516
34535
34536
34542
34545
34550
34553
34555
34575
34576
34586
34587
34592
34593
34598
34602
34607
34621
34630
34632
34635
34636
34639
34642
34644
34648
34658
34664
34673
34676
34680
34682
34685
34688
34692
34696
34697
34701
34705
34710
34712
34714
34716
34721
34724
34725
34726
34749
34753
34754
34755
34757
34759
34762
34764
34766
34767
34771
34772
34773
34780
34781
34782
34787
34791
34793
34801
34809
34837
34838
34860
34883
34911
34930
34938
34941
34960
34963
34971
34972
34980
34983
34984
34985
34991
35000
35002
35004
35023
35026
35028
35030
35033
35035
35037
35039
35040
35067
35074
35085
35118
35132
35137
35148
35151
35172
35182
35201
35204
35206
35208
35209
35210
35212
35228
35231
35232
35237
35243
35245
35246
35252
35253
35256
35260
35262
35264
35266
35270
35274
35278
35286
35289
35292
35299
35313
35317
35326
35331
35334
35338
35347
35363
35372
35378
35384
35386
35388
35394
35426
35433
35442
35446
35463
35489
35490
35491
35521
35522
35525
35526
35537
35539
35547
35550
35552
35554
35556
35560
35561
35571
35581
35601
35611
35614
35638
35639
35686
35687
35692
35693
35694
35699
35701
35702
35704
35705
35711
35713
35760
35768
35778
35846
35863
35874
35891
35899
35923
35934
35958
35974
35978
36014
36031
36034
36057
36082
36092
36095
36097
36098
36102
36104
36105
36107
36109
36111
36117
36121
36125
36126
36128
36130
36132
36134
36137
36141
36179
36193
36205
36211
36252
36280
36290
36297
36301
36302
36328
36338
36367
36370
36404
36410
36411
36413
36414
36415
36419
36433
36440
36442
36445
36447
36448
36450
36456
36457
36462
36463
36465
36467
36468
36469
36473
36478
36483
36489
36494
36501
36503
36504
36507
36510
36512
36516
36519
36526
36531
36532
36542
36544
36546
36551
36552
36553
36555
36558
36562
36563
36564
36566
36569
36575
36579
36580
36581
36589
36593
36659
36678
36686
36707
36747
36789
36796
36797
36808
36818
36865
36905
36906
36909
36911
36914
36967
37002
37007
37010
37030
37052
37058
37065
37090
37098
37102
37104
37107
37108
37110
37112
37114
37116
37118
37119
37126
37128
37131
37133
37141
37143
37144
37148
37150
37153
37156
37163
37169
37171
37174
37179
37180
37187
37193
37194
37196
37200
37203
37204
37206
37207
37208
37210
37216
37223
37228
37230
37235
37237
37243
37244
37251
37253
37255
37256
37257
37259
37261
37262
37269
37270
37273
37276
37281
37296
37297
37299
37303
37305
37307
37310
37314
37320
37324
37326
37331
37333
37336
37339
37344
37347
37350
37351
37353
37354
37356
37362
37372
37373
37377
37381
37385
37391
37393
37396
37397
37401
37402
37403
37404
37408
37411
37414
37416
37418
37419
37423
37425
37451
37474
37479
37484
37485
37487
37489
37492
37498
37500
37501
37502
37503
37505
37508
37512
37523
37549
37558
37563
37567
37597
37626
37640
37644
37652
37690
37693
37716
37735
37762
37792
37809
37816
37827
37848
37862
37894
37896
37898
37899
37902
37904
37906
37910
37913
37914
37916
37919
37921
37922
37925
37927
37930
37933
37961
37972
37985
37997
37998
38001
38056
38075
38089
38090
38118
38123
38140
38141
38143
38155
38162
38165
38168
38171
38172
38177
38179
38180
38182
38190
38191
38200
38207
38210
38213
38218
38221
38225
38229
38231
38233
38235
38237
38242
38243
38272
38336
38348
38365
38368
38369
38370
38372
38407
38444
38447
38448
38451
38452
38457
38460
38465
38466
38477
38482
38484
38488
38493
38501
38522
38565
38572
38664
38678
38691
38703
38723
38738
38740
38763
38765
38767
38770
38772
38773
38777
38784
38786
38790
38791
38793
38797
38798
38804
38806
38808
38811
38812
38815
38823
38832
38837
38841
38846
38850
38853
38854
38857
38859
38864
38871
38892
38897
38904
38916
38919
38920
38924
38925
38929
38932
38933
38938
38939
38940
38941
38944
38948
38949
38951
38957
38959
38961
38964
38965
38973
38974
38978
38988
38991
38993
38995
38997
38998
39000
39001
39004
39007
39009
39011
39013
39015
39019
39026
39027
39035
39055
39066
39069
39090
39099
39111
39112
39116
39117
39119
39124
39128
39130
39133
39136
39138
39139
39141
39144
39146
39150
39154
39167
39169
39176
39195
39305
39312
39368
39372
39373
39409
39439
39451
39499
39513
39526
39539
39560
39569
39572
39575
39599
39614
39631
39656
39686
39691
39693
39697
39707
39711
39715
39718
39723
39726
39729
39733
39735
39737
39740
39742
39748
39751
39754
39755
39759
39760
39765
39768
39772
39776
39777
39790
39806
39813
39839
39856
39863
39864
39884
39899
39921
39923
39924
39927
39928
39929
40043
40045
40046
40051
40055
40062
40064
40069
40074
40075
40079
40085
40092
40096
40105
40118
40123
40127
40143
40146
40149
40153
40180
40266
40267
40283
40314
40327
40336
40338
40339
40354
40355
40410
40422
40423
40499
40520
40540
40561
40566
40571
40574
40577
40590
40599
40605
40641
40715
40721
40732
40745
40754
40759
40766
40773
40796
40798
40810
40812
40814
40816
40819
40823
40826
40830
40833
40834
40837
40839
40842
40848
40849
40850
40853
40857
40861
40862
40887
40888
40891
40892
40894
40896
40906
40922
40932
40949
40970
41033
41129
41153
41164
41197
41206
41232
41235
41243
41271
41273
41289
41290
41292
41294
41297
41301
41302
41304
41305
41310
41311
41314
41315
41321
41327
41330
41331
41333
41335
41337
41340
41341
41346
41348
41352
41354
41359
41360
41365
41366
41370
41371
41373
41375
41376
41381
41382
41384
41386
41388
41396
41397
41413
41430
41434
41436
41438
41442
41461
41463
41505
41515
41517
41519
41522
41525
41532
41533
41534
41535
41542
41546
41548
41549
41550
41551
41553
41556
41557
41560
41563
41564
41568
41571
41577
41578
41579
41583
41595
41608
41611
41663
41691
41692
41695
41707
41709
41712
41739
41762
41763
41775
41801
41816
41822
41853
41872
41890
41897
41901
41910
41917
41921
41931
41933
41941
41942
41943
41961
41995
41999
42008
42033
42036
42039
42064
42071
42094
42102
42127
42134
42136
42157
42167
42219
42236
42240
42256
42265
42266
42285
42311
42319
42323
42327
42379
42385
42410
42456
42460
42473
42499
42559
42569
42592
42618
42625
42680
42695
42704
42728
42733
42734
42738
42743
42766
42777
42780
42797
42800
42803
42816
42830
42853
42877
42897
42899
42959
42988
43002
43003
43042
43057
43068
43071
43072
43075
43076
43078
43094
43096
43102
43111
43112
43114
43117
43121
43123
43124
43129
43147
43155
43158
43163
43169
43183
43203
43248
43253
43264
43266
43298
43310
43313
43327
43372
43375
43395
43423
43426
43449
43488
43491
43492
43504
43520
43526
43532
43546
43547
43562
43582
43584
43622
43623
43724
43737
43776
43799
43815
43818
43840
43846
43895
43903
43906
43909
43913
43914
43916
43917
43919
43926
43934
43937
43941
43942
43943
43947
43950
43951
43953
43957
43959
43961
43966
43969
43971
43972
43975
43980
43986
43988
43993
43996
44000
44001
44002
44011
44014
44015
44019
44025
44028
44029
44030
44042
44047
44049
44052
44053
44056
44057
44059
44062
44065
44066
44069
44070
44072
44075
44076
44080
44081
44099
44101
44103
44104
44105
44123
44140
44146
44147
44153
44154
44162
44183
44190
44191
44203
44217
44231
44247
44248
44251
44254
44256
44257
44259
44261
44263
44266
44268
44307
44321
44346
44369
44424
44432
44437
44482
44484
44492
44514
44516
44553
44608
44609
44610
44620
44628
44676
44677
44685
44693
44725
44727
44729
44730
44743
44747
44924
44938
44944
44952
44953
44959
44961
44963
44964
45006
45027
45086
45101
45144
45146
45157
45171
45176
45189
45190
45210
45220
45261
45299
45316
45320
45322
45325
45332
45333
45336
45347
45349
45356
45359
45362
45367
45368
45375
45377
45381
45388
45391
45393
45395
45396
45400
45401
45403
45413
45415
45419
45423
45427
45428
45432
45433
45437
45440
45441
45443
45462
45465
45478
45503
45519
45556
45634
45654
45705
45722
45750
45751
45789
45807
45809
45856
45874
45881
45914
45931
45974
45983
46002
46008
46015
46048
46079
46088
46146
46149
46154
46165
46210
46234
46236
46284
46292
46294
46305
46332
46349
46363
46393
46396
46400
46416
46462
46541
46577
46588
46597
46608
46611
46619
46624
46635
46695
46717
46739
46776
46823
46824
46838
46842
46857
46868
46881
46902
46907
46972
46973
46974
46981
46985
46989
46991
47012
47016
47019
47023
47027
47033
47034
47035
47038
47076
47107
47111
47170
47201
47206
47259
47331
47353
47461
47488
47506
47517
47544
47551
47553
47560
47561
47562
47564
47567
47573
47575
47594
47602
47671
47693
47716
47723
47725
47726
47747
47765
47788
47800
47807
47811
47816
47818
47852
47854
47924
47934
47936
47986
48000
48028
48056
48059
48061
48062
48065
48067
48071
48074
48076
48079
48081
48084
48087
48090
48093
48095
48099
48103
48106
48109
48111
48115
48116
48126
48149
48281
48292
48299
48301
48329
48342
48350
48356
48359
48365
48366
48386
48425
48457
48516
48537
48558
48565
48567
48628
48633
48668
48700
48703
48711
48712
48713
48724
48725
48751
48755
48768
48769
48770
48776
48788
48794
48797
48799
48836
48838
48886
48936
48939
48945
48957
48965
48970
48986
48993
49008
49009
49031
49032
49043
49051
49078
49097
49130
49170
49186
49189
49191
49192
49195
49203
49211
49213
49215
49228
49243
49290
49309
49324
49334
49341
49348
49364
49380
49384
49391
49416
49451
49468
49475
49500
49502
49509
49535
49597
49610
49620
49642
49695
49716
49721
49767
49769
49783
49785
49809
49817
49819
49826
49828
49829
49831
49837
49845
49849
49856
49862
49863
49869
49871
49874
49880
49884
49885
49893
49895
49896
49900
49902
49909
49913
49914
49921
49927
49934
49936
49941
49948
49965
49988
49989
50009
50010
50015
50021
50028
50035
50039
50043
50048
50050
50056
50064
50068
50073
50083
50090
50091
50092
50094
50103
50110
50122
50135
50143
50145
50147
50152
50154
50157
50161
50164
50167
50169
50172
50175
50176
50180
50183
50186
50191
50193
50200
50239
50289
50296
50307
50385
50414
50443
50472
50473
50475
50477
50480
50482
50487
50493
50499
50500
50518
50542
50577
50598
50623
50638
50690
50709
50760
50788
50793
50814
50840
50860
50915
50979
50986
50994
50998
51001
51003
51007
51016
51081
51106
51143
51174
51181
51240
51272
51306
51308
51323
51332
51341
51368
51393
51394
51396
51397
51400
51402
51444
51501
51583
51606
51671
51677
51731
51784
51791
51797
51823
51838
51863
51864
51877
51880
51892
51900
51905
51957
51968
51977
52000
52003
52028
52082
52085
52091
52121
52184
52189
52212
52222
52333
52391
52392
52393
52394
52398
52401
52406
52409
52412
52415
52419
52420
52423
52425
52429
52430
52432
52433
52476
52489
52492
52520
52527
52605
52621
52634
52646
52693
52705
52713
52751
52782
52798
52936
52954
52959
52963
52967
52969
52982
52992
53051
53085
53091
53141
53242
53243
53265
53281
53286
53292
53304
53306
53314
53329
53332
53334
53339
53442
53444
53493
53526
53533
53535
53550
53561
53562
53569
53570
53579
53588
53599
53602
53629
53669
53679
53681
53766
53776
53779
53783
53810
53815
53821
53826
53903
53922
53924
53939
53953
53955
53958
53960
53963
53970
53975
53980
53985
53991
53994
53996
53998
53999
54001
54005
54006
54010
54012
54014
54015
54017
54024
54027
54028
54029
54032
54035
54036
54038
54042
54045
54048
54052
54057
54065
54088
54091
54120
54150
54195
54198
54220
54241
54276
54373
54377
54381
54382
54386
54391
54394
54409
54439
54456
54489
54509
54546
54548
54553
54554
54558
54562
54564
54572
54574
54578
54580
54584
54610
54627
54651
54705
54749
54816
54862
54866
54867
54869
54871
54873
54874
54876
54877
54879
54880
54881
54884
54917
54937
54953
54976
54982
54997
55008
55016
55024
55032
55042
55053
55078
55085
55180
55182
55184
55187
55194
55197
55207
55210
55215
55221
55245
55248
55250
55255
55256
55258
55260
55262
55263
55265
55266
55269
55271
55272
55281
55290
55336
55368
55383
55447
55474
55528
55554
55562
55568
55607
55618
55712
55715
55730
55734
55740
55752
55761
55809
55817
55890
55927
55950
56019
56075
56093
56272
56300
56318
56353
56362
56382
56390
56392
56393
56396
56399
56401
56406
56412
56413
56421
56424
56438
56443
56455
56457
56465
56472
56481
56483
56484
56493
56542
56613
56621
56626
56628
56631
56632
56634
56636
56676
56705
56720
56723
56743
56798
56849
56851
56901
56941
56957
57063
57066
57102
57104
57106
57107
57108
57149
57249
57250
57255
57256
57315
57316
57349
57370
57380
57448
57449
57459
57464
57466
57491
57527
57531
57533
57535
57544
57546
57554
57560
57563
57567
57568
57573
57575
57576
57578
57587
57588
57594
57595
57606
57608
57609
57613
57615
57617
57620
57621
57626
57630
57633
57635
57636
57638
57641
57642
57643
57645
57646
57648
57650
57652
57655
57660
57663
57684
57701
57704
57713
57736
57770
57772
57806
57814
57826
57850
57852
57859
57873
57907
57932
57941
57942
57944
57945
57951
57952
57954
57956
57961
57963
57965
57966
57968
57971
57975
57977
57979
57981
57982
57984
57985
57987
57989
57991
57992
57996
57997
57999
58001
58007
58009
58010
58012
58014
58015
58017
58021
58024
58027
58029
58030
58034
58035
58037
58040
58042
58043
58045
58046
58048
58050
58052
58055
58058
58062
58112
58155
58257
58294
58317
58336
58343
58348
58358
58365
58374
58376
58385
58415
58434
58443
58446
58448
58449
58462
58466
58479
58534
58542
58591
58616
58621
58622
58624
58632
58634
58637
58641
58642
58648
58652
58654
58663
58671
58673
58677
58684
58685
58699
58731
58733
58742
58746
58748
58750
58755
58761
58762
58782
58885
59109
59124
59158
59164
59208
59227
59229
59232
59251
59298
59310
59329
59359
59378
59434
59444
59446
59451
59491
59496
59532
59545
59651
59664
59745
59770
59803
59808
59810
59818
59875
59876
59885
59906
59957
60138
60177
60195
60200
60202
60266
60324
60374
60383
60419
60527
60548
60564
60576
60721
60724
60725
60741
60790
60817
60879
60883
60887
60910
61011
61112
61147
61272
61277
61336
61378
61388
61399
61443
61445
61446
61448
61461
61474
61488
61496
61524
61576
61580
61613
61644
61658
61659
61675
61686
61708
61738
61846
61887
61902
61923
61970
61989
61991
62018
62099
62107
62125
62212
62337
62349
62353
62386
62388
62471
62497
62552
62562
62565
62651
62679
62685
62776
62788
62790
62857
62882
62936
62970
62981
62989
63029
63030
63033
63034
63036
63050
63090
63142
63230
63267
63272
63373
63387
63397
63453
63458
63462
63463
63465
63469
63470
63471
63473
63477
63529
63550
63551
63576
63578
63581
63582
63585
63587
63589
63590
63595
63597
63598
63603
63605
63606
63609
63611
63613
63621
63624
63628
63638
63640
63643
63644
63646
63648
63651
63660
63671
63678
63683
63686
63692
63693
63697
63698
63701
63703
63704
63710
63749
63750
63753
63754
63758
63759
63760
63762
63764
63765
63768
63791
63799
63813
63844
63851
63854
63857
63859
63881
63886
63984
64157
64176
64209
64244
64254
64310
64314
64319
64348
64353
64424
64425
64444
64446
64499
64510
64512
64517
64524
64534
64599
64600
64602
64603
64605
64607
64613
64614
64617
64630
64737
64848
64883
64961
64965
65011
65020
65031
65098
65127
65129
65172
65224
65228
65236
65239
65241
65243
65255
65446
65481
65504
65505
65509
65524
65526
65532
65596
65697
65737
65770
65782
65824
65826
65863
65885
65896
65913
65963
65991
65994
65997
66049
66135
66178
66229
66267
66341
66356
66383
66397
66426
66442
66448
66455
66508
66596
66601
66646
66706
66712
66723
66745
66749
66789
66816
66852
66853
66854
66858
66861
66863
66870
66920
66961
66974
67019
67043
67053
67063
67064
67080
67098
67147
67210
67216
67264
67268
67271
67392
67446
67558
67669
67755
67757
67778
67798
67821
67845
67871
67875
67876
67877
67971
68015
68128
68154
68249
68261
68414
68416
68418
68421
68423
68446
68447
68495
68500
68531
68533
68590
68805
68811
68846
68848
68857
68860
68961
69108
69124
69136
69196
69233
69246
69248
69261
69272
69298
69308
69311
69645
69647
69690
69797
69811
69825
69855
69890
69905
69918
70010
70082
70084
70086
70113
70137
70154
70176
70179
70181
70184
70191
70260
70266
70288
70289
70305
70368
70558
70622
70659
70665
70786
70803
70874
70993
71008
71137
71146
71192
71315
71353
71369
71387
71396
71440
71528
71615
71668
71685
71745
71764
71765
71860
71867
71880
71895
71902
71906
71909
71910
71911
71989
72028
72064
72073
72152
72201
72209
72289
72375
72457
72490
72596
72628
72639
72785
72792
72824
72858
72888
72978
72980
72984
72986
72997
72998
73001
73004
73005
73013
73019
73021
73029
73033
73037
73038
73042
73051
73056
73057
73058
73062
73066
73075
73080
73083
73084
73087
73089
73098
73104
73105
73107
73110
73115
73117
73123
73127
73129
73134
73136
73137
73146
73150
73152
73160
73161
73166
73172
73174
73176
73181
73184
73345
73394
73399
73402
73426
73436
73447
73450
73452
73466
73477
73479
73484
73505
73516
73522
73538
73545
73546
73547
73549
73552
73565
73595
73603
73615
73664
73667
73704
73707
73795
73853
73864
73865
73866
73971
74140
74442
74457
74502
74509
74514
74728
74734
74735
74750
74792
74797
74968
74989
75043
75095
75138
75190
75276
75323
75373
75378
75379
75382
75385
75394
75399
75434
75553
75657
75904
75944
76039
76099
76150
76254
76295
76394
76417
76427
76513
76564
76586
76602
76758
76831
76836
76910
76965
76977
76991
76992
76994
77000
77075
77077
77081
77084
77093
77100
77103
77106
77166
77374
77455
77458
77786
77803
77814
77872
77911
77950
77998
78001
78020
78105
78141
78264
78388
78500
78801
78816
78819
78838
78854
78969
79049
79147
79178
79235
79298
79443
79474
79482
79507
79539
79572
79582
79706
79795
79900
79950
79954
