0 24
0 20
0 10
1 24
2 24
0 14
2 20
3 20
1 20
4 20
1 14
0 26
0 23
0 3
2 13
1 3
1 23
1 26
0 12
0 17
2 3
2 26
0 11
1 10
0 2
2 11
0 25
1 2
0 19
1 17
1 11
2 23
3 26
4 26
3 24
2 2
1 12
3 2
0 7
3 11
2 25
1 25
2 15
3 25
4 25
4 11
2 4
0 18
2 17
2 7
4 2
2 5
2 14
1 18
0 4
1 7
1 19
0 13
3 17
0 9
4 17
2 12
3 12
4 24
3 13
0 5
3 5
1 4
3 4
2 18
2 9
0 16
4 12
4 5
3 14
2 10
2 16
3 16
1 13
0 8
2 29
1 16
4 16
3 23
0 1
1 5
2 22
1 1
3 3
4 3
0 6
3 7
1 8
0 22
0 0
4 23
0 27
0 29
3 22
3 9
2 21
3 10
4 14
2 6
2 8
4 9
1 6
4 10
1 9
2 28
3 6
0 28
1 0
4 4
0 15
1 29
1 22
3 21
2 0
4 6
0 21
2 19
3 19
1 15
1 28
2 1
2 27
4 21
4 7
1 21
4 19
3 28
3 18
4 28
4 13
3 1
4 18
4 1
1 27
3 8
3 15
3 0
4 15
3 27
4 8
4 22
4 0
3 29
4 29
4 27

Score: 89.88751012053663