0
9
22
27
47
64
86
116
121
124
130
131
141
149
152
163
171
188
194
198
222
224
239
268
278
292
300
331
338
343
344
351
391
404
408
417
435
436
443
450
466
479
484
486
516
523
559
570
579
592
593
596
597
604
607
614
641
654
690
711
723
735
754
758
765
779
781
802
817
837
838
862
879
881
885
899
905
907
917
918
924
929
940
943
979
985
987
991
1003
1004
1007
1009
1034
1044
1057
1073
1089
1105
1130
1159
1171
1178
1211
1215
1235
1239
1240
1248
1255
1262
1269
1273
1298
1312
1325
1357
1391
1409
1417
1427
1429
1433
1437
1441
1471
1478
1489
1504
1507
1536
1548
1563
1564
1583
1600
1603
1617
1620
1629
1633
1663
1667
1689
1702
1718
1735
1736
1772
1781
1791
1815
1836
1842
1845
1849
1850
1857
1923
1933
1938
1952
1993
1999
2019
2041
2088
2106
2109
2112
2131
2164
2174
2229
2236
2250
2259
2271
2282
2291
2323
2337
2341
2358
2360
2381
2388
2410
2440
2462
2468
2479
2489
2491
2499
2568
2578
2588
2613
2615
2638
2644
2656
2690
2696
2700
2711
2724
2744
2754
2764
2768
2781
2790
2800
2804
2805
2849
2882
