0
113
139
147
156
158
159
162
163
195
203
250
274
291
293
294
295
298
333
342
371
377
379
382
385
390
391
405
491
547
550
552
577
580
591
633
634
640
642
644
645
652
665
801
803
807
835
836
856
857
879
883
898
917
919
928
929
933
945
948
951
952
967
969
971
972
990
1038
1048
1069
1087
1100
1107
1113
1140
1166
1172
1177
1241
1244
1247
1248
1249
1251
1258
1259
1262
1265
1268
1272
1273
1274
1279
1280
1283
1285
1300
1339
1354
1367
1371
1373
1375
1380
1383
1384
1385
1387
1390
1392
1405
1407
1408
1409
1410
1414
1415
1420
1422
1454
1525
1589
1651
1666
1682
1783
1881
1891
1892
1895
1897
1900
1902
1903
1904
1907
1908
1910
1912
1914
1918
1919
1921
1922
1924
1973
1977
2021
2035
2037
2039
2040
2044
2061
2065
2067
2116
2242
2284
2292
2307
2327
2334
2346
2397
2404
2440
2501
2514
2515
2530
2536
2547
2553
2579
2584
2602
2703
2769
2770
2773
2775
2776
2777
2780
2781
2783
2786
2921
2926
2927
2931
2933
2935
2946
2959
2961
2964
2967
2968
3029
3036
3038
3110
3120
3160
3208
3211
3213
3237
3312
3332
3370
3435
3449
3451
3492
3495
3528
3531
3536
3538
3541
3543
3546
3548
3549
3552
3553
3555
3556
3561
3574
3596
3599
3601
3605
3607
3608
3613
3619
3702
3729
3732
3735
3737
3746
3776
3842
3879
3893
3926
3943
3967
3975
3976
3979
3981
3983
3984
3985
3986
3987
3996
4000
4003
4004
4006
4008
4011
4013
4016
4018
4020
4023
4026
4030
4037
4044
4045
4058
4078
4124
4154
4196
4234
4253
4279
4286
4341
4353
4403
4438
4455
4459
4469
4472
4529
4586
4609
4667
4682
4690
4701
4731
4782
4799
4827
4829
4830
4832
4834
4836
4838
4841
4844
4941
5001
5062
5080
5091
5152
5183
5233
5235
5236
5238
5241
5243
5246
5247
5248
5250
5251
5252
5256
5258
5259
5260
5261
5262
5362
5365
5372
5420
5424
5425
5468
5518
5553
5555
5556
5559
5561
5595
5605
5683
5690
5703
5772
5796
5820
5822
5825
5826
5851
5873
5878
5893
5903
5917
5941
6015
6016
6018
6021
6022
6024
6026
6045
6063
6065
6067
6087
6091
6092
6095
6099
6103
6106
6108
6112
6113
6115
6190
6213
6244
6258
6288
6335
6347
6357
6396
6451
6508
6531
6547
6556
6638
6701
6708
6739
6754
6772
6776
6816
6825
6852
6868
6891
6897
6910
6924
6964
6965
6982
7005
7023
7027
7136
7159
7160
7161
7163
7165
7166
7168
7170
7172
7174
7176
7178
7179
7181
7182
7183
7184
7186
7187
7188
7190
7192
7193
7198
7199
7202
7208
7211
7214
7218
7220
7221
7224
7229
7230
7232
7233
7234
7237
7238
7242
7245
7246
7249
7250
7251
7288
7318
7322
7334
7338
7340
7355
7379
7396
7407
7414
7426
7464
7465
7473
7524
7528
7531
7532
7535
7539
7545
7548
7549
7588
7622
7626
7628
7630
7633
7635
7637
7640
7687
7749
7836
7857
7858
7880
7918
7921
7923
7931
7946
7955
8058
8143
8188
8192
8196
8198
8228
8254
8258
8261
8262
8263
8265
8305
8314
8396
8407
8434
8480
8489
8513
8529
8600
8605
8621
8634
8678
8680
8687
8709
8720
8783
8882
8883
8890
8909
8970
9009
9042
9059
9060
9062
9063
9064
9067
9071
9073
9075
9076
9080
9083
9086
9088
9090
9091
9095
9096
9097
9107
9114
9149
9162
9233
9265
9329
9340
9343
9375
9395
9400
9401
9405
9409
9410
9411
9413
9417
9419
9430
9472
9475
9495
9505
9526
9527
9528
9537
9612
9639
9680
9681
9682
9690
9691
9693
9752
9774
9775
9778
9792
9821
9851
9877
9895
9897
9920
9924
9957
9972
9986
10006
10061
10077
10094
10104
10108
10196
10198
10230
10260
10280
10282
10286
10291
10292
10293
10295
10298
10301
10303
10305
10312
10313
10318
10319
10320
10321
10385
10399
10402
10430
10432
10477
10492
10494
10550
10568
10612
10653
10662
10687
10824
10828
10870
10881
10882
10898
10934
10936
10937
10955
11019
11071
11091
11092
11156
11162
11163
11165
11167
11170
11172
11178
11192
11374
11485
11547
11573
11604
11646
11647
11648
11650
11683
11690
11761
11820
11884
12030
12045
12053
12113
12145
12196
12440
12555
12590
12613
12639
12726
12792
12918
13002
13151
13155
13158
13159
13304
13307
13312
13346
13364
13391
13452
13454
13455
13460
13515
13566
13574
13591
13612
13701
13764
13783
13789
13795
13849
13931
13964
13978
14002
14037
14054
14102
14216
14229
14439
14482
14485
14578
14849
14908
14987
14993
15046
15067
15136
15302
15328
15349
15350
15355
15361
15364
15370
15371
15373
15383
15437
15569
15619
15621
15624
15891
15951
15973
15974
15976
15981
16052
16166
16169
16235
16298
16426
16473
16474
16583
16599
16695
16718
16754
16763
16855
16898
16964
16970
17019
17041
17114
17279
17324
17335
17375
17417
17431
17593
17597
17621
17674
17682
17771
17773
17774
17775
17777
17780
17783
17785
17998
18017
18093
18225
18235
18238
18240
18241
18388
18442
18546
18547
18767
18772
18812
18886
18911
18929
