0 19
0 28
1 28
0 26
0 6
0 24
0 15
2 28
2 26
3 26
2 15
2 8
1 15
2 14
3 15
1 6
1 26
0 12
0 14
2 6
3 14
2 19
1 24
0 4
1 14
2 12
2 4
3 8
0 18
1 19
1 4
1 12
3 6
3 4
1 18
0 22
0 10
0 8
3 28
0 7
1 22
2 18
2 7
0 2
3 18
0 23
1 7
1 8
3 12
1 2
0 16
1 23
2 24
1 10
0 1
3 24
3 7
2 2
2 11
3 2
3 11
0 25
0 11
0 21
1 1
1 16
2 16
2 13
3 16
1 11
0 13
2 3
2 22
3 19
1 13
0 27
2 23
2 21
1 25
1 27
3 23
0 9
2 29
2 1
2 20
2 17
3 17
2 27
1 21
0 3
1 9
3 27
0 20
2 9
0 0
1 3
1 20
2 0
3 22
2 10
3 10
0 5
1 0
3 13
3 20
2 25
3 3
0 17
3 1
0 29
1 5
2 5
3 25
1 29
1 17
3 9
3 0
3 21
3 5
3 29

Score: 91.16