0
0
1
6
9
10
11
23
59
77
97
123
125
126
129
141
143
149
158
162
171
172
184
188
189
197
209
247
248
249
250
261
277
282
291
338
348
358
366
371
373
375
378
381
412
432
493
497
498
500
503
506
592
595
596
598
599
603
605
607
610
611
612
615
617
619
620
622
633
637
648
657
700
712
720
749
756
769
771
797
814
828
837
850
860
877
886
887
888
889
892
920
934
936
938
939
957
988
990
991
992
995
996
997
1018
1029
1033
1036
1053
1055
1057
1059
1061
1064
1068
1069
1072
1073
1074
1075
1079
1080
1082
1083
1084
1087
1090
1091
1094
1096
1097
1099
1100
1102
1104
1105
1107
1110
1121
1144
1151
1155
1170
1193
1194
1195
1224
1248
1262
1263
1265
1268
1270
1274
