0
22
29
31
34
60
87
89
92
103
124
161
181
187
226
254
279
280
283
286
295
312
315
336
339
353
363
372
376
379
381
399
408
410
415
443
445
450
454
470
488
493
494
495
502
508
511
531
534
547
548
568
571
574
579
596
608
609
624
708
717
731
732
758
765
770
806
816
830
853
860
868
879
888
892
946
951
957
981
1006
1008
1013
1023
1034
1046
1059
1068
1074
1080
1087
1089
1109
1132
1150
1162
1163
1164
1180
1182
1191
1193
1203
1208
1213
1225
1233
1250
1260
1273
1276
1279
1285
1287
1291
1304
1306
1312
1315
1324
1348
1364
1375
1389
1395
1400
1407
1412
1455
1463
1473
1499
1500
1504
1545
1553
1559
1574
1589
1592
1605
1625
1626
1636
1645
1658
1662
1696
1701
1709
1718
1732
1739
1749
1756
1771
1787
1798
1799
1802
1820
1825
1836
1844
1851
1854
1873
1878
1888
1891
1899
1901
1922
1925
1937
1952
1971
1985
2017
2028
2127
2130
2131
2136
2150
2155
2160
2165
2175
2177
2197
2215
2226
2228
2229
2258
2262
2263
2312
2318
2320
2337
2339
2359
2364
2370
2374
2406
2431
2434
2450
2469
2489
2493
2511
2512
2569
2587
2591
2597
2615
2624
2641
2642
2643
2649
2654
2661
2662
2687
2701
2703
2723
2724
2727
2732
2735
2764
2775
2779
2785
2786
2806
2807
2814
2818
2821
2844
2871
2902
2937
2948
2952
2957
2969
2972
2991
3023
3047
3054
3062
3067
3096
3126
3132
3144
3145
3147
3155
3160
3195
3196
3211
3228
3236
3244
3248
3251
3256
3272
3275
3281
3305
3333
3365
3429
3455
3463
3488
3506
3513
3514
3526
3528
3536
3537
3547
3556
3573
3575
3593
3594
3595
3601
3609
3639
3672
3677
3693
3714
3734
3749
3752
3760
3774
3787
3805
3828
3829
3840
3845
3864
3884
3895
3906
3913
3915
3935
3968
3976
3986
3995
4002
4009
4010
4012
4015
4026
4040
4052
4062
4080
4090
4095
4106
4144
4160
4175
4191
4203
4208
4212
4241
4266
4276
4306
4308
4340
4344
4372
4375
4391
4394
4406
4412
4424
4442
4450
4463
4481
4483
4505
4511
4512
4574
4599
4601
4627
4634
4650
4657
4659
4674
4695
4700
4809
4813
4838
4866
4877
4884
4890
4902
4905
4910
4918
4927
4938
4954
4983
4991
5029
5060
5103
5106
5117
5142
5152
5157
5165
5175
5201
5223
5238
5300
5317
5410
5439
5444
5494
5522
5523
5545
5559
5583
5591
5592
5608
5634
5672
5724
5731
5738
5741
5773
5788
5804
5818
5832
5863
5868
5878
5879
5915
5920
5928
5965
5966
5989
6000
6003
6017
6035
6043
6046
6062
6080
6091
6112
6119
6136
6192
6277
6301
6312
6327
6351
6352
6386
6417
6436
6456
6514
6553
6563
6599
6607
6637
6771
6777
6797
6804
6822
6860
6879
6899
6908
6911
6930
6942
6956
6978
6989
7049
7068
7113
7180
7209
7216
7229
7360
7368
7443
7444
7464
7491
7492
7498
7532
7540
7567
7603
7670
7740
7786
7838
7923
7969
7992
8027
8057
8113
8133
8162
8164
8171
8212
8216
8217
8251
8291
8328
8392
8396
8437
8448
8490
8504
8510
8630
8648
8673
8687
8718
8744
8810
8826
8836
8860
8878
8895
8906
8917
8982
9008
9018
9029
9058
9066
9109
9125
9174
9177
9207
9222
9253
9272
9319
9332
9396
9438
9527
9555
9589
9646
9685
9767
9770
9787
9825
9867
9894
9907
9917
9980
9991
10053
10095
10129
10183
10184
