0 24
0 10
0 4
0 8
1 24
1 10
2 24
0 7
1 8
0 29
1 4
2 8
2 4
0 19
1 7
2 10
3 10
2 7
0 2
1 29
3 7
3 8
2 29
4 8
4 10
3 29
4 7
0 6
4 29
1 19
3 4
2 19
3 19
0 18
2 26
1 2
2 2
4 4
1 18
3 2
0 23
3 24
0 3
0 13
1 6
2 25
1 23
0 26
0 25
2 23
2 18
4 24
3 23
4 19
0 22
4 23
2 6
1 3
0 0
1 22
2 22
0 5
1 13
3 18
1 25
3 22
4 22
3 25
4 18
2 3
2 5
1 0
3 3
0 28
2 0
1 5
0 1
3 0
4 0
3 5
0 21
4 3
1 1
2 1
1 26
1 21
2 28
2 21
0 15
0 12
3 1
4 25
4 1
3 26
2 12
3 21
1 15
1 28
4 5
2 15
3 15
3 28
0 14
3 6
4 6
0 11
4 28
0 17
4 15
4 26
2 17
2 11
0 9
2 13
0 20
3 11
0 27
4 11
1 27
1 11
3 13
0 16
1 9
1 14
2 27
2 14
1 12
1 17
1 20
2 20
3 27
2 16
4 13
4 27
2 9
3 20
1 16
3 17
4 20
3 12
3 9
4 2
4 17
4 21
4 9
3 14
3 16
4 14
4 16
4 12

Score: 86.28000000000112