0
10
17
22
23
30
33
34
38
47
49
82
94
101
111
115
118
123
124
133
153
158
161
163
165
166
171
172
173
175
176
177
178
180
181
198
199
213
215
224
233
234
236
240
241
242
244
252
274
276
282
300
304
308
309
314
318
319
321
323
325
328
331
332
334
335
338
341
344
345
349
351
354
356
358
361
365
367
371
375
378
382
387
388
389
391
392
395
397
399
402
403
404
405
406
409
412
413
415
417
419
420
421
422
423
430
432
435
438
442
443
446
450
458
459
461
463
465
467
472
474
477
479
481
485
487
488
489
491
496
500
502
506
513
515
517
519
521
528
534
535
537
540
543
544
551
553
557
558
560
561
563
571
573
574
578
587
592
595
596
600
603
605
609
613
618
620
624
626
631
632
633
634
639
640
643
654
655
656
658
667
674
677
681
683
686
689
691
693
695
697
704
729
734
741
744
749
750
754
755
756
757
758
759
760
766
767
768
769
773
775
778
779
782
783
787
788
791
801
802
817
818
834
835
844
851
852
853
855
857
862
870
873
874
880
882
883
889
890
892
893
894
897
903
909
911
914
915
917
918
920
921
922
923
928
930
932
939
940
941
942
946
949
952
953
957
963
965
968
971
973
974
977
980
981
983
986
987
989
990
991
992
994
996
1000
1001
1002
1003
1004
1005
1008
1014
1017
1019
1020
1021
1023
1024
1026
1029
1031
1032
1034
1035
1036
1074
1075
1078
1082
1084
1085
1089
1090
1094
1095
1098
1100
1101
1106
1110
1111
1114
1119
1122
1123
1125
1129
1130
1132
1134
1135
1136
1138
1139
1142
1146
1148
1150
1156
1159
1161
1162
1165
1167
1168
1171
1174
1175
1179
1181
1183
1185
1187
1189
1192
1197
1200
1203
1204
1207
1209
1217
1221
1225
1231
1233
1238
1265
1280
1298
1301
1305
1306
1328
1335
1339
1341
1343
1354
1388
1390
1403
1408
1413
1414
1415
1426
1433
1435
1439
1441
1453
1478
1482
1485
1486
1499
1500
1509
1510
1513
1514
1516
1517
1520
1524
1525
1528
1531
1532
1540
1546
1548
1551
1564
1566
1576
1578
1580
1581
1583
1584
1589
1590
1591
1595
1598
1599
1601
1604
1607
1608
1610
1612
1614
1616
1617
1618
1619
1620
1624
1632
1636
1641
1644
1647
1656
1676
1679
1685
1687
1697
1706
1714
1720
1721
1724
1725
1727
1729
1730
1732
1739
1746
1747
1748
1754
1755
1756
1759
1761
1763
1765
1768
1772
1775
1778
1780
1781
1788
1791
1793
1794
1797
1798
1799
1801
1804
1806
1807
1808
1810
1812
1817
1820
1821
1822
1828
1829
1832
1834
1838
1841
1843
1846
1847
1849
1852
1855
1857
1858
1862
1865
1866
1872
1873
1876
1900
1904
1905
1907
1909
1911
1912
1913
1925
1930
1948
1979
1981
2002
2010
2018
2034
2045
2054
2055
2075
2077
2084
2106
2107
2110
2115
2118
2122
2123
2125
2127
2128
2131
2133
2135
2136
2138
2146
2152
2156
2158
2161
2164
2166
2170
2171
2172
2175
2179
2186
2200
2204
2214
2219
2239
2247
2252
2280
2285
2289
2293
2295
2306
2317
2333
2345
2346
2348
2349
2355
2363
2367
2369
2370
2375
2387
2390
2394
2396
2401
2403
2405
2408
2409
2410
2413
2416
2420
2422
2424
2427
2429
2430
2431
2434
2437
2439
2440
2442
2443
2448
2449
2450
2453
2455
2458
2459
2460
2461
2462
2469
2470
2480
2486
2488
2490
2493
2498
2503
2504
2505
2512
2515
2517
2518
2522
2523
2524
2525
2527
2531
2532
2533
2534
2536
2538
2541
2542
2543
2545
2547
2550
2552
2554
2557
2560
2565
2568
2581
2582
2584
2586
2587
2591
2593
2596
2597
2598
2600
2603
2605
2609
2614
2617
2621
2622
2626
2630
2631
2633
2643
2645
2646
2647
2650
2652
2653
2657
2658
2661
2662
2664
2666
2669
2670
2671
2672
2673
2675
2682
2684
2687
2689
2691
2692
2693
2699
2701
2702
2707
2709
2710
2711
2715
2717
2728
2741
2747
2756
2757
2760
2761
2764
2770
2771
2773
2777
2796
2798
2800
2808
2816
2824
2829
2830
2832
2833
2836
2837
2840
2844
2845
2847
2852
2854
2856
2864
2867
2868
2869
2872
2873
2875
2877
2879
2886
2887
2891
2895
2898
2899
2901
2902
2903
2904
2910
2920
2946
2983
2986
3020
3023
3029
3036
3040
3043
3051
3069
3070
3072
3073
3074
3075
3077
3081
3084
3089
3090
3092
3102
3112
3136
3141
3167
3177
3185
3188
3198
3216
3232
3235
3236
3241
3243
3244
3245
3246
3247
3249
3251
3255
3258
3259
3263
3264
3266
3269
3273
3274
3279
3281
3282
3283
3285
3286
3292
3295
3296
3306
3307
3308
3318
3320
3322
3323
3330
3341
3346
3347
3348
3351
3352
3361
3381
3396
3417
3421
3430
3431
3444
3448
3449
3451
3452
3456
3458
3459
3461
3463
3465
3468
3470
3471
3483
3486
3490
3493
3494
3501
3504
3505
3507
3509
3523
3529
3536
3539
3540
3547
3559
3574
3577
3580
3581
3584
3585
3592
3596
3598
3605
3610
3618
3619
3621
3622
3626
3628
3632
3636
3639
3643
3646
3649
3651
3655
3657
3659
3663
3664
3668
3669
3671
3674
3675
3677
3679
3682
3684
3686
3689
3690
3694
3698
3700
3703
3705
3708
3711
3715
3717
3736
3744
3749
3751
3754
3755
3756
3760
3761
3763
3767
3769
3772
3779
3798
3816
3820
3838
3839
3840
3862
3873
3875
3879
3880
3882
3886
3907
3910
3912
3955
3958
3973
3988
4023
4031
4037
4074
4075
4078
4080
4082
4086
4087
4093
4095
4096
4098
4099
4106
4108
4109
4110
4111
4113
4116
4117
4120
4122
4123
4125
4130
4136
4137
4141
4142
4145
4148
4151
4153
4156
4160
4164
4169
4172
4174
4175
4176
4177
4179
4180
4181
4183
4213
4247
4251
4278
4279
4307
4309
4314
4323
4324
4325
4326
4327
4330
4332
4335
4339
4359
4362
4363
4366
4367
4368
4369
4371
4372
4383
4402
4404
4406
4413
4416
4436
4437
4440
4442
4444
4445
4452
4453
4455
4456
4458
4461
4463
4465
4467
4468
4472
4476
4477
4479
4480
4483
4486
4489
4490
4492
4493
4495
4498
4512
4538
4551
4555
4556
4557
4559
4563
4565
4628
4632
4644
4645
4649
4650
4652
4658
4660
4662
4665
4667
4669
4671
4673
4675
4680
4683
4688
4692
4698
4699
4701
4728
4742
4747
4748
4764
4768
4773
4774
4776
4785
4786
4793
4836
4856
4857
4859
4860
4862
4866
4868
4869
4872
4873
4877
4879
4881
4885
4886
4898
4902
4903
4907
4918
4919
4922
4931
4933
4935
4937
4940
4945
4946
4947
4948
4950
4952
4953
4955
4956
4958
4964
4967
4968
4970
4971
4974
4978
4981
4982
4983
4984
4985
4986
4988
4990
4991
4992
4994
4995
4997
4998
4999
5002
5004
5007
5009
5012
5014
5015
5017
5020
5023
5025
5026
5027
5028
5034
5035
5036
5037
5038
5040
5041
5047
5048
5049
5051
5056
5057
5060
5062
5063
5066
5067
5068
5069
5071
5075
5076
5077
5081
5082
5083
5084
5086
5089
5091
5097
5101
5104
5105
5106
5108
5114
5116
5122
5127
5128
5137
5139
5144
5146
5147
5150
5151
5153
5154
5155
5166
5174
5195
5212
5214
5226
5230
5231
5233
5235
5246
5247
5248
5249
5251
5256
5260
5261
5263
5265
5267
5269
5270
5273
5276
5280
5283
5286
5289
5292
5293
5295
5297
5298
5301
5302
5304
5306
5307
5311
5316
5317
5319
5321
5322
5324
5328
5330
5331
5334
5335
5344
5349
5355
5356
5386
5397
5428
5437
5441
5447
5461
5484
5499
5500
5501
5507
5520
5531
5534
5535
5538
5540
5542
5552
5553
5558
5560
5573
5574
5575
5576
5579
5580
5584
5586
5589
5593
5596
5601
5604
5611
5614
5625
5627
5628
5629
5634
5641
5663
5671
5683
5686
5690
5698
5700
5702
5703
5706
5708
5709
5720
5727
5732
5734
5736
5737
5741
5742
5746
5748
5750
5756
5758
5759
5760
5765
5766
5769
5774
5777
5794
5798
5801
5802
5803
5805
5806
5809
5810
5812
5814
5815
5818
5840
5866
5879
5891
5901
5907
5909
5925
5950
5955
5961
5988
6002
6010
6011
6020
6024
6025
6026
6028
6029
6035
6042
6051
6055
6086
6088
6089
6092
6094
6098
6100
6103
6104
6112
6121
6123
6124
6125
6127
6133
6135
6138
6139
6142
6145
6148
6149
6153
6155
6158
6160
6165
6167
6168
6170
6171
6176
6177
6179
6180
6183
6186
6188
6191
6194
6195
6196
6198
6200
6203
6205
6210
6212
6215
6218
6219
6220
6224
6227
6233
6234
6238
6240
6241
6242
6243
6244
6247
6249
6252
6255
6260
6262
6266
6267
6270
6272
6273
6276
6282
6283
6284
6288
6289
6294
6298
6303
6304
6305
6306
6308
6321
6342
6344
6372
6376
6379
6422
6446
6448
6449
6450
6452
6456
6463
6468
6470
6487
6494
6504
6512
6517
6519
6523
6524
6526
6527
6529
6532
6533
6535
6536
6538
6540
6551
6565
6578
6591
6614
6627
6634
6636
6637
6638
6640
6644
6649
6650
6653
6659
6662
6663
6664
6667
6672
6673
6674
6675
6677
6679
6682
6684
6688
6691
6693
6695
6699
6700
6703
6704
6707
6713
6715
6719
6721
6725
6727
6729
6733
6735
6737
6738
6740
6744
6745
6746
6748
6751
6752
6755
6760
6761
6766
6770
6772
6773
6774
6777
6779
6782
6786
6791
6798
6804
6815
6834
6853
6854
6857
6859
6862
6863
6865
6870
6872
6875
6876
6901
6906
6924
6927
6928
6929
6932
6935
6938
6939
6942
6947
6949
6951
6952
6966
6971
6974
6985
6990
6993
6996
7020
7024
7036
7037
7052
7059
7061
7064
7065
7068
7071
7075
7081
7083
7085
7086
7089
7095
7097
7102
7104
7106
7107
7110
7111
7119
7121
7122
7123
7142
7145
7147
7184
7185
7186
7189
7191
7194
7200
7203
7205
7206
7207
7208
7209
7210
7213
7217
7223
7233
7234
7240
7251
7275
7277
7283
7286
7289
7296
7299
7300
7301
7307
7308
7310
7314
7325
7329
7330
7334
7336
7337
7339
7340
7341
7343
7347
7348
7349
7350
7351
7353
7359
7363
7364
7365
7368
7369
7372
7377
7378
7379
7383
7385
7386
7392
7393
7395
7396
7397
7407
7412
7414
7418
7419
7423
7424
7426
7428
7430
7434
7435
7439
7441
7445
7447
7450
7455
7458
7460
7462
7463
7476
7477
7483
7491
7497
7502
7503
7509
7511
7521
7524
7526
7529
7532
7542
7543
7547
7548
7552
7553
7556
7559
7562
7565
7567
7570
7578
7582
7583
7587
7592
7606
7607
7616
7636
7651
7660
7679
7681
7682
7685
7687
7688
7689
7690
7692
7695
7696
7698
7700
7703
7705
7710
7711
7737
7778
7779
7781
7783
7795
7808
7811
7816
7838
7839
7849
7851
7853
7854
7855
7867
7877
7896
7898
7900
7901
7902
7905
7907
7917
7949
7950
7954
7956
7960
7961
7962
7963
7966
7972
7977
7979
7982
7983
7985
7987
7989
7990
7994
7997
7998
8000
8001
8007
8008
8011
8016
8020
8023
8029
8050
8057
8072
8084
8095
8096
8102
8131
8158
8202
8204
8212
8217
8220
8224
8233
8247
8252
8258
8260
8262
8263
8266
8268
8295
8309
8324
8326
8327
8334
8349
8357
8391
8401
8416
8428
8436
8437
8439
8441
8444
8446
8448
8453
8454
8456
8458
8464
8471
8474
8476
8477
8483
8499
8506
8513
8516
8522
8541
8553
8569
8589
8600
8601
8604
8606
8610
8612
8613
8616
8617
8627
8644
8646
8651
8674
8695
8698
8702
8737
8744
8747
8751
8762
8779
8780
8782
8788
8790
8791
8792
8798
8800
8809
8834
8852
8854
8875
8881
8882
8885
8886
8894
8940
8941
8942
8950
8953
8955
8956
8958
8961
8968
9039
9059
9061
9063
9064
9066
9068
9070
9071
9076
9077
9081
9084
9086
9087
9094
9097
9105
9108
9112
9113
9116
9119
9120
9123
9125
9131
9132
9135
9137
9138
9139
9143
9145
9146
9148
9149
9151
9154
9156
9157
9158
9159
9163
9164
9166
9168
9170
9187
9188
9189
9190
9194
9198
9202
9205
9207
9208
9210
9215
9216
9220
9226
9229
9233
9241
9246
9252
9253
9254
9256
9260
9261
9265
9277
9280
9290
9297
9330
9332
9349
9366
9377
9379
9402
9415
9425
9439
9447
9459
9471
9479
9480
9482
9483
9484
9486
9495
9498
9500
9501
9504
9505
9509
9511
9515
9519
9522
9524
9526
9530
9531
9535
9541
9543
9548
9550
9553
9554
9559
9569
9580
9589
9600
9601
9612
9634
9636
9641
9642
9653
9657
9658
9659
9675
9694
9707
9709
9722
9734
9744
9753
9754
9760
9764
9766
9768
9769
9771
9772
9779
9789
9790
9797
9801
9803
9804
9807
9809
9814
9816
9818
9823
9827
9829
9837
9842
9848
9849
9850
9853
9859
9881
9886
9891
9908
9913
9917
9921
9927
9933
9935
9939
9941
9944
9948
9949
9951
9952
9953
9956
9959
9961
9962
9965
9969
9976
9977
9978
9979
9981
9982
9983
9989
9997
10011
10020
10025
10033
10044
10050
10061
10079
10083
10104
10106
10108
10111
10121
10131
10135
10147
10165
10176
10179
10181
10182
10184
10187
10189
10191
10192
10205
10219
10220
10221
10224
10261
10266
10267
10275
10277
10288
10298
10299
10303
10304
10305
10306
10308
10309
10310
10314
10316
10318
10319
10320
10325
10345
10346
10359
10360
10362
10366
10367
10372
10373
10374
10375
10377
10383
10386
10389
10394
10424
10435
10442
10450
10451
10452
10454
10457
10460
10462
10463
10466
10478
10495
10502
10505
10507
10509
10512
10513
10514
10526
10543
10546
10553
10587
10607
10608
10617
10658
10663
10670
10673
10679
10683
10700
10703
10707
10711
10712
10714
10718
10720
10721
10722
10726
10728
10730
10735
10737
10739
10747
10748
10772
10784
10787
10790
10791
10792
10793
10795
10797
10798
10807
10808
10810
10811
10813
10815
10817
10818
10820
10822
10823
10825
10840
10844
10850
10865
10873
10880
10897
10912
10915
10926
10954
10955
10956
10959
10960
10963
10965
10978
10979
10980
10981
10982
10985
10987
10998
11020
11046
11054
11071
11074
11078
11123
11157
11165
11179
11180
11187
11234
11238
11242
11263
11285
11286
11297
11309
11324
11333
11344
11350
11356
11357
11359
11362
11365
11367
11369
11371
11372
11376
11377
11379
11380
11383
11386
11389
11392
11393
11394
11397
11400
11403
11410
11414
11416
11423
11424
11426
11429
11431
11434
11435
11438
11441
11442
11444
11449
11451
11454
11458
11460
11461
11464
11466
11469
11473
11474
11490
11524
11587
11588
11591
11592
11595
11619
11620
11633
11654
11656
11662
11665
11672
11676
11678
11681
11682
11684
11693
11716
11725
11727
11732
11737
11749
11751
11754
11756
11782
11783
11787
11798
11847
11861
11870
11875
11877
11878
11902
11903
11912
11926
11930
11947
11961
11965
11976
12021
12048
12066
12068
12090
12105
12117
12123
12131
12134
12135
12153
12157
12173
12180
12182
12189
12199
12206
12234
12255
12257
12276
12283
12289
12314
12336
12362
12364
12366
12370
12371
12376
12379
12381
12386
12392
12426
12428
12429
12431
12444
12454
12464
12469
12470
12473
12477
12478
12479
12480
12482
12483
12484
12486
12487
12489
12492
12495
12497
12501
12518
12535
12551
12555
12558
12559
12560
12561
12562
12564
12565
12567
12568
12570
12573
12575
12576
12578
12579
12581
12582
12584
12590
12592
12594
12596
12598
12599
12604
12606
12607
12610
12613
12617
12619
12622
12624
12627
12631
12632
12633
12634
12637
12639
12640
12642
12643
12645
12646
12648
12651
12664
12673
12682
12737
12738
12743
12748
12769
12793
12798
12802
12813
12819
12859
12881
12884
12902
12925
12949
12950
12973
13006
13010
13020
13024
13025
13026
13031
13032
13039
13043
13045
13046
13048
13050
13052
13053
13065
13067
13070
13072
13086
13105
13110
13118
13119
13123
13128
13129
13131
13135
13136
13138
13142
13147
13150
13174
13185
13192
13197
13206
13245
13251
13262
13277
13287
13373
13399
13408
13417
13418
13421
13423
13424
13425
13426
13430
13434
13436
13441
13442
13443
13451
13467
13477
13480
13530
13531
13535
13542
13544
13547
13557
13559
13563
13570
13606
13613
13614
13620
13631
13636
13639
13640
13647
13653
13659
13660
13663
13665
13669
13675
13677
13678
13681
13686
13688
13691
13692
13693
13695
13699
13711
13713
13714
13716
13718
13720
13724
13726
13731
13733
13737
13739
13748
13757
13760
13791
13820
13825
13828
13834
13885
13886
13889
13890
13895
13896
13897
13901
13902
13904
13906
13910
13911
13912
13915
13918
13920
13924
13925
13932
13933
13936
13937
13939
13940
13962
13977
13997
14010
14012
14014
14030
14039
14048
14054
14070
14074
14081
14089
14112
14129
14130
14136
14137
14144
14147
14152
14154
14157
14165
14167
14169
14171
14173
14177
14191
14192
14194
14214
14221
14251
14252
14259
14268
14271
14276
14305
14317
14319
14323
14334
14345
14349
14380
14389
14399
14454
14464
14469
14472
14474
14475
14496
14510
14517
14545
14546
14547
14548
14551
14558
14560
14561
14562
14569
14571
14596
14600
14634
14640
14667
14689
14692
14724
14727
14734
14735
14736
14738
14830
14831
14835
14854
14856
14869
14871
14877
14880
14882
14885
14887
14888
14892
14897
14898
14899
14901
14919
14935
14953
14957
14958
14960
14966
14972
14980
15002
15006
15032
15033
15045
15049
15056
15068
15074
15076
15104
15119
15122
15124
15138
15140
15149
15156
15180
15188
15190
15191
15192
15194
15197
15206
15207
15208
15210
15213
15217
15221
15230
15237
15247
15262
15267
15274
15291
15304
15328
15339
15368
15372
15373
15374
15376
15379
15383
15388
15389
15390
15391
15392
15394
15395
15396
15397
15399
15404
15407
15412
15414
15417
15422
15423
15426
15427
15428
15429
15430
15431
15433
15435
15436
15442
15443
15447
15449
15451
15452
15455
15456
15457
15458
15462
15464
15466
15469
15472
15474
15476
15481
15482
15483
15485
15488
15494
15499
15500
15501
15506
15507
15508
15510
15513
15514
15516
15517
15525
15530
15531
15533
15536
15538
15539
15542
15551
15557
15566
15570
15574
15581
15586
15591
15593
15597
15599
15601
15602
15604
15608
15609
15610
15612
15616
15619
15622
15623
15626
15627
15638
15643
15660
15663
15701
15702
15726
15729
15732
15734
15736
15738
15741
15742
15744
15746
15751
15752
15754
15756
15757
15759
15763
15766
15770
15779
15792
15799
15809
15825
15846
15865
15887
15901
15903
15913
15924
15938
15964
15967
15989
15994
16003
16007
16009
16011
16032
16034
16037
16038
16040
16054
16069
16088
16097
16108
16127
16136
16162
16174
16221
16224
16225
16226
16236
16247
16251
16254
16258
16267
16270
16275
16277
16280
16281
16301
16311
16312
16313
16315
16318
16321
16324
16325
16354
16381
16393
16414
16417
16419
16426
16428
16431
16433
16436
16438
16442
16444
16445
16446
16450
16454
16478
16480
16495
16497
16502
16513
16514
16555
16558
16576
16582
16623
16624
16626
16628
16629
16640
16673
16682
16714
16718
16720
16729
16759
16762
16766
16770
16778
16786
16813
16853
16866
16874
16911
16921
16924
16955
16966
16967
16968
16970
16973
16974
16976
16979
16981
16982
16985
16987
16989
16991
16993
16994
17020
17038
17041
17042
17045
17050
17055
17096
17102
17104
17105
17131
17140
17162
17173
17190
17197
17217
17225
17227
17230
17247
17270
17281
17301
17303
17350
17351
17355
17368
17374
17406
17423
17435
17464
17489
17493
17508
17514
17521
17526
17529
17538
17545
17552
17553
17567
17578
17586
17590
17591
17596
17601
17605
17614
17623
17627
17629
17632
17635
17640
17642
17645
17646
17648
17649
17650
17652
17656
17658
17659
17661
17663
17666
17668
17670
17673
17680
17684
17699
17719
17725
17727
17736
17739
17741
17742
17746
17748
17749
17752
17754
17770
17782
17793
17802
17811
17853
17857
17858
17871
17872
17874
17875
17876
17887
17889
17915
17918
17948
17950
17955
17957
17960
17973
17983
18022
18025
18037
18073
18104
18107
18117
18122
18124
18132
18138
18149
18151
18165
18172
18173
18176
18179
18181
18182
18184
18233
18240
18248
18254
18259
18261
18265
18268
18271
18274
18289
18306
18314
18326
18340
18343
18352
18355
18358
18361
18365
18366
18372
18375
18378
18381
18388
18397
18408
18418
18466
18472
18473
18475
18510
18516
18517
18520
18523
18530
18532
18550
18563
18577
18595
18603
18610
18620
18624
18661
18675
18685
18714
18715
18719
18720
18725
18727
18729
18759
18770
18782
18794
18798
18813
18815
18816
18817
18818
18821
18823
18827
18830
18849
18856
18877
18885
18889
18892
18894
18899
18903
18907
18910
18915
18916
18920
18921
18949
18951
18954
18963
18968
18972
18973
18975
18978
18979
18981
18982
18984
18985
18989
18992
18995
18997
18998
18999
19000
19016
19017
19019
19022
19024
19026
19033
19036
19041
19055
19059
19075
19086
19100
19120
19148
19171
19177
19207
19212
19226
19231
19267
19274
19279
19282
19285
19288
19290
19293
19294
19295
19296
19298
19303
19304
19306
19307
19310
19311
19313
19314
19317
19318
19340
19345
19347
19396
19407
19429
19455
19463
19486
19487
19509
19523
19527
19533
19551
19565
19619
19630
19638
19684
19700
19718
19749
19776
19781
19811
19819
19840
19869
19876
19893
19898
19913
19949
19953
19960
19966
19999
20026
20029
20034
20037
20058
20064
20077
20081
20090
20097
20101
20107
20109
20110
20112
20113
20114
20118
20135
20146
20148
20151
20155
20163
20166
20169
20170
20171
20172
20177
20178
20180
20182
20183
20184
20186
20190
20193
20194
20196
20200
20204
20211
20212
20213
20215
20216
20223
20224
20228
20231
20233
20235
20237
20239
20242
20243
20245
20247
20249
20250
20253
20256
20258
20259
20263
20264
20265
20266
20267
20269
20273
20276
20278
20281
20293
20330
20365
20388
20407
20408
20419
20421
20455
20464
20469
20494
20504
20508
20517
20545
20577
20584
20604
20610
20636
20654
20659
20663
20666
20668
20673
20675
20677
20680
20681
20682
20686
20688
20695
20696
20700
20701
20703
20729
20752
20756
20764
20781
20782
20784
20793
20816
20830
20848
20850
20851
20853
20854
20855
20880
20908
20936
20938
20944
20975
20989
21000
21003
21011
21016
21019
21020
21035
21044
21045
21047
21048
21049
21051
21052
21053
21057
21059
21060
21064
21070
21071
21073
21074
21075
21076
21078
21079
21083
21087
21088
21093
21094
21095
21097
21101
21103
21105
21110
21111
21112
21128
21134
21194
21229
21239
21241
21279
21286
21287
21298
21311
21315
21325
21330
21346
21355
21358
21377
21380
21393
21403
21433
21454
21459
21463
21477
21501
21505
21520
21528
21538
21554
21565
21567
21597
21599
21615
21618
21655
21678
21692
21697
21720
21747
21768
21784
21795
21818
21830
21838
21839
21845
21848
21864
21865
21867
21869
21871
21873
21875
21876
21878
21879
21883
21893
21894
21896
21897
21900
21901
21906
21910
21914
21916
21917
21919
21921
21922
21925
21929
21931
21932
21933
21935
21937
21941
21943
21946
21947
21951
21954
21955
21956
21958
21966
21968
21996
22016
22021
22023
22024
22026
22029
22030
22035
22036
22046
22047
22049
22050
22052
22054
22059
22061
22062
22063
22064
22065
22067
22069
22071
22074
22077
22082
22085
22087
22088
22091
22092
22094
22101
22104
22107
22109
22113
22114
22116
22120
22123
22125
22126
22147
22152
22161
22179
22186
22201
22202
22225
22234
22264
22271
22287
22304
22308
22314
22319
22321
22337
22339
22371
22399
22410
22411
22413
22421
22429
22437
22446
22447
22453
22455
22466
22477
22483
22486
22488
22492
22495
22496
22497
22524
22525
22559
22568
22588
22591
22595
22610
22612
22614
22615
22617
22621
22636
22667
22683
22713
22777
22816
22826
22828
22843
22847
22852
22860
22862
22890
22892
22895
22898
22901
22942
22950
22955
22977
23000
23025
23031
23055
23066
23077
23122
23140
23152
23175
23190
23200
23258
23280
23289
23293
23311
23378
23387
23389
23393
23396
23399
23405
23406
23407
23409
23410
23411
23413
23419
23423
23425
23427
23428
23431
23436
23441
23444
23448
23451
23452
23457
23458
23464
23466
23468
23473
23475
23492
23514
23520
23558
23584
23608
23610
23645
23646
23648
23649
23651
23688
23692
23712
23714
23725
23727
23760
23784
23791
23794
23802
23834
23842
23853
23862
23863
23869
23872
23883
23904
23966
23976
24000
24052
24056
24080
24103
24105
24106
24108
24109
24112
24115
24124
24128
24132
24134
24135
24140
24142
24148
24157
24208
24211
24217
24219
24221
24224
24234
24245
24254
24291
24293
24300
24311
24334
24360
24361
24392
24396
24399
24407
24427
24431
24446
24466
24471
24485
24493
24495
24522
24563
24576
24597
24599
24601
24606
24609
24627
24637
24641
24646
24647
24650
24654
24666
24683
24687
24688
24731
24740
24748
24776
24789
24790
24792
24797
24804
24806
24811
24812
24856
24873
24889
24891
24918
24919
24970
25012
25033
25046
25063
25071
25098
25101
25103
25123
25125
25130
25145
25185
25190
25222
25224
25278
25290
25296
25301
25320
25335
25337
25353
25438
25459
25472
25491
25529
25535
25538
25543
25576
25613
25619
25620
25622
25637
25644
25646
25648
25650
25675
25691
25741
25742
25749
25757
25797
25811
25814
25818
25831
25851
25858
25861
25863
25910
25950
25953
25967
25974
25983
25985
26017
26031
26048
26065
26106
26107
26159
26194
26200
26237
26238
26268
26274
26288
26289
26300
26371
26384
26395
26433
26446
26461
26476
26506
26531
26539
26565
26583
26732
26735
26737
26772
26785
26827
26845
26849
26937
26953
26968
26995
27022
27035
27051
27055
27088
27111
27146
27187
27207
27213
27233
27253
27255
27292
27298
27318
27339
27351
27414
27445
27457
27506
27514
27516
27528
27567
27610
27625
27644
27673
27675
27681
27683
27692
27700
27744
27745
27747
27748
27749
27750
27772
27790
27803
27818
27839
27844
27903
27936
27963
27978
27982
28030
28068
28089
28113
28162
28182
28213
28215
28234
28241
28298
28302
28359
28366
28381
28397
28399
28402
28405
28406
28410
28411
28413
28418
28443
28462
28518
28547
28550
28552
28571
28633
28660
28682
28739
28754
28791
28797
28798
28800
28801
28803
28807
28809
28813
28815
28820
28823
28825
28826
28833
28835
28850
28853
28854
28865
28866
28867
28870
28871
28872
28878
28888
28899
28913
28915
28917
28922
28925
28927
28928
28963
28965
28992
29001
29022
29025
29027
29091
29109
29147
29167
29171
29173
29182
29190
29209
29257
29262
29304
29319
29326
29339
29405
29425
29429
29432
29455
29502
29533
29546
29557
29563
29590
29595
29621
29622
29635
29661
29680
29696
29713
29716
29718
29729
29750
29755
29793
29796
29883
29888
29901
29906
29988
30019
30027
30048
30060
30074
30101
30138
30150
30181
30198
30202
30264
30275
30280
30293
30296
30301
30305
30307
30309
30312
30324
30384
30387
30396
30400
30433
30446
30476
30511
30518
30552
30562
30575
30596
30597
30618
30637
30669
30671
30680
30699
30701
30732
30739
30809
30823
30830
30831
30832
30834
30836
30838
30839
30844
30851
30853
30857
30861
30863
30865
30890
30913
30927
31010
31017
31038
31057
31065
31108
31123
31167
31188
31196
31225
31229
31245
31273
31280
31282
31285
31299
31310
31361
31381
31411
31420
31421
31448
31479
31490
31528
31568
31572
31596
31617
31618
31619
31620
31622
31624
31629
31649
31663
31712
31737
31769
31783
31790
31793
31868
31884
31891
31903
31966
31984
32012
32019
32043
32048
32070
32112
32122
32135
32154
32209
32213
32233
32285
32307
32311
32317
32327
32379
32415
32423
32449
32457
32472
32491
32507
32509
32520
32546
32549
32596
32632
32755
32837
32844
32884
32895
32923
32925
32933
32948
32954
32956
33029
33042
33049
33100
33108
33124
33188
33189
33193
33195
33197
33202
33244
33261
33266
33272
33317
33450
33451
33453
33455
33458
33459
33461
33463
33465
33466
33467
33469
33470
33474
33476
33481
33484
33486
33487
33488
33490
33492
33493
33494
33498
33501
33502
33504
33506
33509
33510
33513
33515
33516
33517
33518
33522
33561
33615
33621
33667
33675
33718
33736
33763
33779
33813
33889
33916
33920
33955
33996
34028
34046
34078
34097
34112
34114
34185
34196
34197
34198
34216
34218
34250
34262
34266
34345
34347
34367
34369
34375
34380
34381
34423
34456
34566
34601
34608
34611
34628
34707
34766
34796
34824
34832
34842
34859
34871
34896
34898
34904
34928
34974
35092
35093
35115
35127
35128
35197
35199
35217
35231
35279
35333
35336
35402
35444
35450
35457
35470
35487
35495
35526
35531
35556
35587
35593
35616
35640
35660
35666
35677
35687
35724
35733
35785
35815
35824
35856
35886
35932
35969
36060
36067
36098
36132
36147
36182
36183
36254
36295
36308
36336
36354
36360
36376
36385
36418
36442
36447
36457
36471
36545
36546
36614
36617
36635
36677
36709
36722
36811
36821
36878
36879
36927
36946
36958
37099
37110
37118
37123
37143
37145
37158
37220
37258
37264
37265
37282
37290
37302
37305
37323
37342
37348
37353
37354
37432
37444
37469
37502
37517
37566
37660
37668
37677
37678
37725
37809
37810
37868
37873
37972
38060
38105
38113
38133
38156
38216
38321
38367
38392
38400
38446
38483
38527
38529
38537
38559
38603
38658
38743
38751
38756
38760
38767
38771
38772
38774
38776
38777
38781
38785
38789
38791
38793
38795
38796
38797
38800
38802
38807
38815
38818
38821
38823
38826
38827
38828
38829
38833
38836
38838
38842
38843
38845
38872
38937
38952
39023
39040
39052
39094
39105
39118
39175
39180
39298
39356
39392
39444
39454
39457
39588
39680
39720
39740
39867
39932
39935
39942
39959
39961
39962
39965
39968
39973
39974
39976
39980
39982
39983
39985
39988
39991
39996
40001
40004
40006
40009
40013
40020
40024
40025
40027
40030
40031
40034
40036
40039
40151
40217
40252
40253
40304
40382
40398
40415
40430
40477
40536
40602
40608
40609
40612
40614
40616
40618
40622
40641
40670
40672
40764
40884
40893
40932
40973
41018
41019
41035
41059
41235
41256
41262
41266
41267
41268
41293
41322
41372
41410
41411
41413
41442
41483
41527
41535
41565
41613
41639
41801
41809
41820
41823
41828
41832
41833
41837
41871
42030
42031
42040
42044
42086
42196
42255
42269
42280
42333
42402
42507
42600
42619
42641
42772
42807
42828
42935
42952
42973
43014
43020
43023
43058
43340
43342
43443
43481
43542
43628
43659
43692
43734
43784
43785
43790
43792
43793
43798
43799
43804
43806
43808
43809
43811
43813
43846
43856
43874
43946
44060
44095
44100
44185
44236
44262
44400
44471
44487
44511
44658
44683
44694
44869
44942
44985
45036
45156
45176
45198
45213
45226
45291
45302
45324
45355
45358
45409
45434
45462
45514
45554
45583
45628
45634
45700
45704
45736
45828
46018
46043
46101
46125
46157
46270
46286
46562
46582
46643
46664
46946
46965
47025
47033
47051
47216
47239
47273
47354
47465
47525
47632
47650
47786
47903
47914
47926
47996
