0
0
1
3
5
7
9
10
11
12
13
16
49
50
70
74
75
84
86
100
106
113
131
132
142
153
155
164
165
172
175
177
189
197
209
219
229
233
246
252
261
262
266
270
281
306
317
323
327
331
334
360
410
437
444
484
490
505
514
519
522
526
531
535
542
553
554
574
584
588
593
594
596
600
601
606
607
616
617
632
634
639
640
641
643
654
657
673
677
699
703
707
709
721
726
743
758
783
795
813
818
853
870
881
909
910
913
916
918
922
928
929
938
969
973
977
981
984
1005
1009
1012
1018
1037
1046
1059
1064
1073
1080
1082
1102
1113
1119
1132
1133
1136
1149
1159
1161
1163
1165
1167
1177
1204
1205
1207
1208
1210
1212
1213
1216
1224
1227
1246
1247
1250
1251
1275
1282
1307
1317
1325
1326
1328
1343
1350
1359
1361
1365
1367
1378
1380
1385
1406
1410
1415
1428
1429
1434
1437
1438
1448
1450
1466
1490
1497
1499
1514
1515
1524
1531
1533
1537
1549
