0
15
27
30
42
50
65
70
81
93
98
107
108
132
144
170
190
200
208
209
210
232
256
267
278
279
284
295
301
324
341
349
357
371
373
392
395
396
429
436
438
457
459
473
476
485
488
498
502
504
522
523
525
534
554
562
564
570
577
579
620
631
653
667
688
719
728
735
747
753
754
763
766
773
789
795
824
838
856
863
901
910
919
942
943
952
962
997
1048
1070
1075
1106
1125
1127
1128
1132
1150
1177
1205
1229
1248
1254
1255
1278
1289
1293
1294
1314
1337
1344
1355
1369
1388
1393
1435
1493
1509
1512
1515
1528
1540
1550
1562
1571
1580
1588
1604
1618
1643
1651
1662
1670
1693
1707
1716
1719
1721
1730
1737
1764
1780
1799
1809
1833
1843
1849
1863
1869
1918
1941
1955
1966
1969
1975
1976
1996
2006
2042
2062
2065
2089
2093
2095
2113
2118
