0
1
3
4
5
7
10
12
15
16
17
19
20
25
26
27
28
30
32
39
40
42
43
47
48
50
54
56
57
63
64
67
68
69
70
71
73
75
76
80
82
84
87
93
104
105
107
119
120
137
159
176
178
184
193
195
202
215
216
217
220
221
222
224
225
230
231
236
238
247
253
259
260
274
280
281
282
283
284
286
291
295
299
302
304
309
313
316
319
320
322
324
339
344
368
386
388
402
437
443
449
455
459
463
467
469
474
477
482
484
524
529
531
544
556
557
588
593
602
607
611
632
646
659
665
668
674
677
679
681
683
684
691
697
719
722
727
730
738
741
744
746
755
761
767
770
771
780
781
784
785
789
795
800
802
804
806
808
811
812
815
817
822
823
827
829
830
831
832
833
837
841
842
844
847
855
856
857
858
863
866
871
872
877
878
881
890
891
893
895
904
909
912
916
927
928
945
950
952
956
963
985
999
1000
1001
1002
1003
1012
1014
1017
1023
1024
1028
1032
1033
1039
1044
1045
1047
1050
1054
1057
1061
1062
1070
1072
1079
1082
1085
1087
1090
1093
1096
1099
1102
1103
1108
1112
1114
1116
1127
1131
1134
1140
1142
1146
1148
1149
1151
1154
1159
1160
1173
1184
1203
1207
1209
1210
1218
1219
1222
1230
1231
1233
1236
1238
1240
1241
1249
1252
1284
1285
1296
1326
1333
1338
1343
1345
1374
1397
1409
1412
1413
1432
1434
1436
1439
1442
1443
1451
1452
1454
1456
1459
1461
1465
1467
1469
1473
1480
1482
1485
1494
1497
1504
1505
1507
1511
1512
1515
1520
1536
1543
1544
1545
1546
1550
1553
1555
1556
1561
1562
1565
1566
1568
1569
1574
1576
1598
1602
1604
1607
1625
1629
1635
1637
1656
1659
1674
1678
1685
1687
1689
1691
1693
1694
1697
1699
1700
1701
1703
1706
1710
1713
1715
1716
1737
1750
1770
1771
1787
1794
1796
1802
1807
1820
1823
1827
1834
1858
1864
1891
1897
1903
1912
1914
1915
1916
1918
1926
1928
1932
1947
1949
1951
1953
1957
1958
1960
1963
1964
1965
1967
1969
1971
1972
1973
1977
1979
1983
1984
1992
1994
1997
2023
2027
2034
2040
2063
2072
2090
2102
2111
2112
2113
2131
2149
2154
2163
2168
2174
2176
2180
2181
2184
2186
2187
2189
2225
2249
2258
2262
2265
2267
2269
2270
2272
2275
2280
2282
2284
2287
2292
2297
2313
2315
2323
2325
2330
2346
2347
2353
2354
2358
2361
2368
2370
2375
2379
2397
2412
2414
2415
2421
2425
2457
2460
2462
2465
2472
2491
2506
2510
2513
2520
2526
2528
2531
2534
2535
2537
2538
2540
2547
2549
2558
2559
2570
2576
2580
2584
2592
2601
2603
2605
2611
2633
2635
2656
2665
2685
2690
2693
2698
2710
2715
2717
2735
2742
2755
2756
2762
2767
2769
2770
2772
2773
2778
2783
2784
2787
2800
2804
2808
2813
2823
2825
2828
2835
2838
2839
2841
2860
2876
2887
2888
2896
2900
2911
2915
2920
2951
2977
2979
2984
2995
2996
3006
3016
3026
3028
3031
3032
3037
3038
3039
3042
3044
3047
3053
3060
3062
3063
3065
3067
3068
3072
3074
3083
3084
3085
3088
3093
3096
3098
3100
3103
3104
3105
3109
3110
3113
3115
3117
3118
3119
3123
3125
3130
3131
3135
3137
3138
3139
3142
3145
3150
3151
3155
3158
3159
3164
3165
3166
3168
3173
3174
3176
3178
3180
3181
3194
3196
3197
3203
3205
3210
3213
3215
3217
3219
3225
3228
3232
3234
3236
3238
3240
3241
3242
3250
3254
3267
3270
3271
3272
3277
3279
3282
3285
3286
3290
3291
3292
3297
3300
3301
3303
3308
3311
3314
3317
3318
3320
3328
3334
3335
3341
3357
3358
3386
3398
3400
3404
3408
3410
3415
3417
3420
3424
3426
3429
3430
3433
3434
3435
3436
3440
3442
3444
3474
3477
3479
3504
3513
3521
3536
3567
3590
3604
3618
3626
3629
3634
3642
3649
3654
3661
3666
3668
3673
3675
3677
3690
3706
3714
3740
3750
3751
3763
3770
3772
3778
3779
3780
3781
3785
3786
3787
3793
3802
3803
3806
3820
3821
3822
3830
3849
3876
3900
3902
3904
3949
3974
3977
3978
3986
3997
4011
4029
4030
4047
4054
4058
4059
4060
4061
4068
4082
4084
4105
4109
4112
4117
4118
4122
4126
4132
4133
4143
4145
4154
4155
4159
4160
4165
4172
4186
4205
4230
4265
4271
4277
4285
4291
4315
4318
4349
4360
4375
4377
4394
4406
4409
4411
4416
4418
4439
4448
4472
4473
4502
4519
4543
4549
4584
4585
4588
4591
4593
4596
4598
4604
4608
4613
4619
4621
4623
4625
4629
4633
4642
4647
4648
4650
4677
4679
4680
4682
4689
4690
4691
4718
4719
4729
4732
4755
4756
4757
4760
4762
4763
4767
4768
4770
4772
4824
4832
4854
4867
4889
4896
4903
4907
4921
4930
4941
4953
4965
4972
4973
4974
4978
4982
4986
4990
5010
5015
5018
5022
5048
5049
5050
5051
5054
5057
5058
5060
5061
5062
5063
5066
5068
5071
5073
5077
5078
5079
5093
5094
5098
5105
5111
5120
5121
5136
5141
5146
5159
5160
5162
5165
5170
5192
5205
5223
5248
5249
5260
5273
5298
5312
5321
5324
5326
5333
5368
5379
5392
5403
5430
5431
5435
5441
5453
5454
5455
5461
5463
5465
5469
5470
5474
5476
5477
5478
5481
5487
5488
5493
5507
5508
5513
5538
5540
5553
5555
5583
5585
5594
5597
5600
5602
5604
5611
5613
5615
5617
5622
5624
5626
5629
5636
5677
5680
5701
5703
5711
5718
5721
5724
5729
5735
5738
5740
5752
5781
5792
5798
5805
5814
5827
5831
5833
5834
5835
5836
5840
5843
5846
5852
5853
5855
5859
5861
5862
5864
5870
5876
5888
5890
5891
5900
5914
5915
5918
5950
5972
6003
6005
6035
6040
6046
6048
6092
6099
6114
6116
6118
6125
6138
6143
6153
6177
6184
6187
6201
6216
6262
6265
6273
6274
6283
6289
6291
6311
6325
6342
6349
6353
6357
6359
6368
6371
6372
6384
6385
6386
6391
6396
6398
6399
6408
6425
6464
6498
6523
6535
6551
6559
6564
6569
6570
6575
6576
6578
6580
6583
6585
6586
6587
6589
6592
6635
6672
6689
6698
6709
6719
6724
6725
6734
6737
6740
6742
6745
6750
6752
6756
6762
6772
6776
6780
6785
6786
6788
6803
6821
6833
6844
6845
6850
6870
6884
6893
6916
6945
6952
6991
6996
6998
7001
7003
7006
7008
7010
7012
7014
7016
7023
7030
7033
7043
7046
7055
7057
7059
7068
7073
7091
7096
7098
7105
7113
7115
7119
7130
7132
7133
7139
7142
7151
7155
7156
7163
7234
7236
7266
7267
7280
7287
7289
7290
7292
7293
7294
7295
7313
7314
7318
7368
7375
7377
7408
7412
7431
7441
7443
7444
7454
7468
7478
7479
7480
7491
7497
7529
7530
7545
7546
7569
7576
7579
7586
7601
7604
7614
7655
7668
7686
7687
7689
7694
7713
7727
7731
7742
7775
7779
7788
7801
7838
7873
7876
7887
7889
7891
7898
7901
7902
7921
7928
7935
7952
7964
7991
8014
8027
8028
8044
8055
8089
8122
8124
8128
8139
8140
8142
8146
8149
8151
8154
8155
8157
8160
8162
8164
8168
8183
8186
8223
8248
8253
8269
8294
8377
8394
8408
8446
8468
8470
8472
8473
8480
8484
8487
8490
8497
8509
8514
8517
8519
8522
8523
8525
8527
8528
8544
8583
8584
8603
8616
8620
8636
8639
8642
8649
8651
8658
8665
8670
8672
8673
8679
8680
8687
8689
8690
8692
8699
8700
8711
8716
8728
8733
8746
8757
8758
8769
8786
8788
8818
8843
8872
8880
8897
8898
8899
8901
8905
8913
8915
8918
8925
8926
8927
8938
8957
8974
8993
8999
9001
9031
9032
9040
9050
9054
9068
9077
9119
9148
9159
9160
9168
9176
9183
9206
9212
9215
9244
9248
9252
9268
9269
9277
9300
9309
9335
9358
9364
9368
9398
9426
9454
9476
9483
9488
9495
9497
9501
9524
9560
9561
9622
9637
9699
9707
9714
9718
9760
9764
9773
9777
9778
9780
9789
9794
9797
9803
9812
9813
9816
9822
9849
9853
9871
9883
9922
9928
9950
9963
9966
9968
9981
10047
10052
10055
10059
10075
10101
10110
10138
10150
10157
10188
10207
10210
10215
10217
10223
10246
10257
10312
10332
10355
10371
10375
10382
10427
10443
10445
10446
10463
10502
10527
10542
10554
10608
10623
10626
10628
10645
10665
10681
10688
10693
10715
10716
10751
10754
10764
10775
10776
10789
10840
10852
10868
10876
10896
10900
10911
10931
10944
10947
10965
10981
10997
11011
11019
11021
11024
11053
11058
11167
11182
11197
11220
11244
11245
11250
11284
11289
11305
11313
11316
11330
11351
11367
11387
11404
11411
11447
11459
11509
11518
11571
11599
11618
11654
11684
11720
11758
11769
11816
11825
11848
11849
11855
11864
11885
11895
11897
11901
11904
11906
11912
11913
11915
11917
11919
11920
11925
11926
11939
11981
12039
12086
12087
12133
12143
12158
12161
12225
12260
12268
12272
12295
12298
12302
12345
12354
12358
12385
12387
12389
12395
12407
12419
12423
12458
12477
12481
12508
12522
12535
12547
12555
12636
12640
12657
12672
12703
12735
12776
12781
12816
12859
12898
12904
12905
12908
12911
12913
12914
12916
12927
12938
12981
12985
12986
12998
13002
13004
13011
13012
13018
13021
13023
13025
13026
13029
13032
13060
13067
13088
13109
13124
13128
13132
13144
13152
13164
13172
13177
13178
13209
13233
13260
13326
13334
13337
13351
13357
13380
13382
13396
13422
13431
13444
13456
13493
13523
13535
13542
13570
13584
13589
13592
13593
13610
13617
13642
13650
13670
13684
13708
13713
13726
13732
13743
13767
13777
13789
13810
13816
13828
13848
13889
13892
13906
13934
13957
13975
13984
14012
14040
14044
14068
14086
14106
14149
14189
14204
14208
14209
14221
14263
14265
14273
14283
14296
14325
14330
14332
14336
14338
14401
14403
14404
14427
14434
14462
14474
14477
14513
14536
14543
14568
14592
14593
14614
14617
14626
14654
14656
14669
14672
14692
14703
14746
14754
14765
14771
14779
14819
14835
14840
14854
14874
14877
14887
14889
14891
14896
14898
14901
14915
15000
15002
15007
15018
15022
15032
15039
15083
15088
15130
15216
15241
15247
15251
15254
15261
15274
15276
15277
15278
15324
15351
15361
15388
15425
15435
15472
15507
15520
15526
15574
15587
15613
15618
15622
15623
15636
15655
15671
15697
15699
15702
15742
15824
15865
15912
15967
16007
16010
16013
16017
16086
16115
16135
16167
16179
16243
16265
16289
16291
16309
16326
16390
16393
16394
16399
16402
16419
16426
16483
16488
16491
16497
16531
16537
16597
16633
16637
16677
16685
16690
16697
16723
16843
16927
16944
16996
17005
17016
17057
17086
17091
17179
17190
17198
17202
17208
17209
17225
17233
17256
17257
17265
17286
17291
17294
17296
17299
17346
17351
17448
17453
17473
17486
17552
17553
17622
17654
17662
17690
17696
17745
17774
17785
17834
17836
17957
17968
17970
18015
18016
18032
18056
18172
18189
18209
18225
18284
18285
18295
18304
18351
18390
18400
18407
18413
18440
18455
18472
18514
18576
18584
18607
18615
18642
18781
18782
18827
18833
18838
18923
18989
19005
19047
19062
19075
19098
19167
19173
19260
19270
19301
19369
19378
19442
19459
19478
19525
19543
19553
19610
19611
19619
19622
19623
19625
19630
19634
19732
19737
19740
19741
19754
19780
19836
19866
19901
19916
19939
19992
20019
20031
20048
20060
20094
20140
20234
20248
20253
20280
20296
20325
20335
20347
20371
20427
20449
20462
20526
20633
20653
20672
20714
20733
20768
20770
20810
20867
20918
20919
20996
21063
21076
21131
21155
21211
21278
21300
21313
21352
21354
21355
21363
21385
21447
21473
21482
21493
21534
21552
21613
21618
21636
21637
21673
21722
21774
21857
21868
21883
21937
21952
21957
21958
21972
22052
22053
22054
22075
22089
22100
22157
22160
22331
22369
22513
22554
22564
22596
22659
22673
22737
22823
22883
22978
23250
23259
23351
23386
23399
23446
23464
23489
23491
23533
23540
23551
23681
23683
23697
23708
23718
23745
23824
23854
23982
23997
24134
24148
24164
24204
24207
24208
24311
24323
24372
24390
24410
24554
24569
24623
24636
24720
24747
24797
24809
24836
24845
24847
24858
24973
25087
25112
25182
25264
25292
25331
25385
25401
25433
25449
25501
25549
25627
25640
25730
25756
25788
25834
25950
26023
26064
26085
26189
26234
26320
26373
26441
26478
26598
26681
26750
26852
26945
26999
27101
27133
27236
27241
27293
27441
27651
27696
27858
27991
28089
28155
28176
28222
28343
28391
28502
