0 28
0 45
0 3
1 45
0 21
1 3
1 21
1 28
0 31
0 0
0 17
0 43
2 21
2 43
0 13
2 17
0 47
2 31
3 43
1 17
0 46
1 0
1 43
0 2
1 13
2 47
2 13
2 45
2 3
0 5
0 9
3 45
3 3
1 46
3 21
1 9
1 2
1 5
2 46
0 11
0 35
1 31
1 47
2 9
3 46
1 11
0 15
1 35
0 7
2 11
3 9
0 30
3 11
3 13
2 30
3 17
2 7
3 30
0 37
2 36
2 28
1 30
1 15
1 37
1 7
0 36
3 7
3 36
0 27
1 36
0 20
0 18
3 47
2 35
1 18
1 20
0 33
1 27
2 37
0 16
0 12
3 31
1 33
2 18
0 10
1 12
1 16
2 27
3 35
1 10
0 49
0 25
0 44
2 2
3 2
2 0
2 12
1 49
1 25
3 28
0 14
0 19
1 44
2 49
1 19
0 32
2 5
1 14
0 41
0 22
0 4
0 42
0 48
0 34
1 22
0 6
2 33
2 10
0 1
0 40
1 6
1 4
1 42
0 23
2 42
3 42
2 40
3 40
1 40
3 18
3 5
1 1
2 4
3 27
2 16
2 32
1 32
0 26
3 33
1 23
2 20
3 20
3 49
3 32
0 29
3 0
2 6
1 26
3 37
0 38
3 6
1 29
0 24
1 34
1 48
2 25
2 26
2 23
3 23
3 4
1 24
3 25
2 48
0 8
1 38
1 41
1 8
0 39
2 15
2 22
2 1
1 39
3 22
2 34
3 12
3 15
2 44
2 41
3 1
2 14
3 34
2 29
2 24
3 24
3 14
3 26
3 44
3 10
2 8
3 48
3 16
3 29
2 19
3 19
2 38
3 8
2 39
3 39
3 38
3 41

Score: 278.7177502224725