0
16
17
18
24
26
30
31
32
35
37
39
43
47
51
74
78
79
81
83
116
146
148
149
178
192
207
209
234
256
262
266
273
288
290
294
307
308
310
318
322
325
327
341
348
358
366
368
382
398
436
465
470
472
475
476
479
480
482
483
485
487
488
496
557
559
560
564
572
573
575
590
610
629
636
659
664
691
707
708
710
711
713
721
722
733
771
793
797
800
803
805
807
808
811
812
813
816
820
823
825
827
829
835
837
839
840
843
849
851
853
860
861
876
885
886
887
889
948
950
951
954
969
971
973
977
979
981
984
985
987
989
992
1016
1023
1036
1039
1059
1063
1069
1084
1101
1116
1135
1140
1152
1153
1197
1206
1236
1251
1282
1284
1295
1302
1313
1325
1367
1387
1393
1394
1396
1449
1453
1474
1486
1493
1503
1519
1521
1523
1545
1591
1597
1602
1614
1655
1683
1714
1716
1726
1747
1748
1765
1767
1769
1775
1784
1802
1821
1845
1848
1852
1864
1865
1870
1871
1895
1898
1901
1907
1925
1935
1937
1956
1964
2001
2003
2096
2097
2098
2138
2142
2145
2147
2149
2152
2163
2173
2195
2214
2215
2225
2228
2258
2275
2303
2305
2306
2308
2310
2323
2351
2353
2354
2356
2359
2361
2363
2365
2420
2452
2461
2462
2483
2502
2520
2523
2529
2537
2565
2582
2585
2605
2612
2629
2635
2639
2648
2663
2664
2668
2672
2673
2674
2676
2677
2678
2680
2681
2684
2686
2687
2689
2690
2694
2697
2701
2703
2705
2710
2712
2735
2736
2757
2762
2792
2812
2826
2829
2837
2857
2923
2930
2950
2982
2990
2992
2995
3002
3009
3042
3043
3046
3062
3073
3074
3083
3104
3110
3121
3122
3165
3217
3220
3221
3223
3226
3227
3284
3291
3308
3315
3320
3323
3324
3335
3357
3362
3413
3414
3424
3456
3457
3488
3491
3496
3498
3510
3513
3514
3516
3521
3526
3531
3534
3571
3574
3576
3577
3585
3599
3606
3608
3610
3619
3631
3657
3670
3678
3720
3725
3763
3777
3790
3821
3834
3837
3839
3846
3850
3852
3855
3863
3869
3885
3905
3906
3908
3911
3912
3915
3916
3917
3920
3922
3923
3926
3927
3928
3931
3933
3943
3946
3950
3951
3954
3957
3963
3966
3974
3980
3982
3991
4005
4019
4035
4037
4039
4041
4045
4046
4048
4052
4064
4066
4069
4094
4119
4120
4168
4173
4174
4180
4191
4206
4211
4216
4217
4220
4229
4231
4233
4260
4262
4263
4265
4268
4269
4270
4272
4276
4277
4294
4298
4329
4372
4378
4389
4417
4430
4464
4502
4527
4543
4585
4588
4590
4593
4594
4615
4621
4629
4684
4701
4721
4737
4756
4765
4772
4790
4792
4802
4838
4885
4900
4939
4961
4965
4991
5003
5037
5042
5045
5046
5047
5048
5049
5057
5058
5060
5070
5074
5075
5077
5094
5099
5154
5210
5225
5255
5256
5261
5267
5286
5312
5317
5336
5343
5352
5372
5391
5415
5416
5429
5438
5522
5540
5571
5577
5617
5713
5719
5787
5800
5813
5822
5840
5893
5927
5932
5941
5945
6039
6040
6076
6080
6130
6138
6153
6169
6172
6256
6261
6262
6266
6342
6344
6345
6348
6350
6352
6353
6357
6360
6402
6469
6529
6530
6547
6548
6553
6564
6565
6574
6605
6634
6639
6653
6774
6784
6808
6843
6857
6866
6867
6869
6874
6906
6909
6979
6981
6992
7015
7033
7036
7042
7077
7100
7118
7164
7193
7194
7219
7241
7274
7275
7295
7329
7345
7411
7415
7435
7436
7437
7438
7439
7440
7462
7478
7519
7521
7523
7524
7544
7554
7616
7654
7657
7716
7724
7764
7805
7829
7837
7840
7842
7863
7866
7875
7928
7946
7947
7954
7955
7972
7981
8016
8025
8090
8099
8121
8218
8234
8268
8277
8335
8357
8358
8366
8374
8429
8456
8508
8510
8560
8583
8617
8685
8745
8758
8800
8809
8814
8830
8847
8851
8869
8894
8925
8939
8969
9003
9023
9068
9077
9097
9104
9128
9144
9192
9207
9221
9255
9292
9298
9301
9394
9398
9400
9401
9410
9411
9414
9415
9427
9441
9472
9478
9485
9570
9572
9609
9627
9665
9699
9717
9742
9762
9826
9830
9852
9860
9883
9884
9923
9924
9940
9957
9993
10006
10016
10024
10042
10051
10168
10186
10217
10227
10230
10261
10276
10376
10377
10389
10401
10510
10659
10741
10748
10811
10860
10894
10906
10912
10913
10957
10992
11013
11042
11051
11086
11087
11176
11178
11187
11215
11227
11240
11244
11246
11249
11250
11252
11272
11354
11363
11399
11527
11538
11553
11569
11605
11627
11628
11674
11700
11743
11763
11827
11896
12016
12043
12079
12081
12186
12189
12328
12431
12439
12451
12503
12530
12544
12650
12658
12826
12835
12987
13085
13165
13188
13266
13297
13314
13369
13370
13479
13489
13539
13545
13546
13579
13627
13673
13682
13689
13758
13878
13948
14056
