0 30
1 30
0 17
2 30
0 36
2 8
3 30
0 44
1 17
2 17
0 14
2 41
2 36
1 44
3 36
0 41
1 14
0 25
3 17
2 14
3 8
1 25
2 44
3 44
0 18
0 23
2 25
0 45
2 11
1 23
1 45
0 7
1 7
1 18
2 45
1 36
2 23
0 2
1 41
1 2
0 37
2 7
2 49
2 2
0 16
3 23
3 2
0 24
0 21
3 25
0 11
3 41
1 21
1 24
0 4
2 21
0 1
1 11
2 4
0 38
0 9
2 6
2 39
1 38
0 29
0 43
0 34
2 18
0 3
1 1
3 11
1 9
1 4
2 38
2 0
0 19
2 34
0 40
3 38
3 7
3 45
0 49
1 37
2 1
0 42
1 43
0 35
2 9
2 40
1 49
1 29
2 27
1 35
3 49
2 29
0 46
3 14
3 29
3 6
3 1
3 0
3 21
1 42
1 40
1 46
2 43
0 27
3 9
2 35
1 34
0 13
3 40
2 42
3 34
2 24
1 3
1 19
0 33
2 46
1 13
3 43
2 13
0 12
1 33
0 28
0 31
2 37
1 16
3 13
1 31
2 31
0 39
0 22
2 19
1 28
0 5
3 19
2 28
1 27
0 15
0 47
0 0
3 24
2 10
1 12
1 22
0 8
2 16
3 18
3 46
0 20
0 26
1 26
1 5
2 22
1 39
0 48
1 8
0 32
3 22
3 4
2 12
3 12
0 10
1 47
2 33
3 31
2 3
1 32
2 47
1 48
1 0
1 15
3 37
1 10
2 15
1 20
0 6
3 16
1 6
3 47
3 3
3 35
3 28
3 39
2 32
2 5
2 48
3 48
3 15
2 26
3 42
2 20
3 5
3 20
3 27
3 26
3 33
3 32
3 10

Score: 145.86999999999836