0
22948
22995
23001
23012
23016
23066
23075
23123
23124
23128
23137
23158
23162
23164
23165
23168
23169
23175
23179
23180
23185
23190
23191
23198
23214
23222
23224
23226
23229
23231
23234
23237
23239
23240
23246
23249
23255
23257
23258
23259
23262
23266
23270
23273
23275
23279
23284
23291
23293
23298
23300
23301
23304
23307
23310
23317
23318
23321
23324
23326
23328
23330
23331
23340
23343
23344
23346
23348
23349
23351
23352
23357
23360
23366
23371
23374
23375
23379
23381
23382
23383
23384
23386
23387
23389
23392
23397
23401
23402
23409
23412
23420
23423
23438
23444
23447
23451
23455
23461
23468
23472
23477
23479
23482
23494
23519
23521
23522
23525
23526
23530
23536
23537
23539
23542
23562
23574
23591
23592
23593
23610
23611
23623
23646
23648
23662
23673
23685
23686
23696
23697
23701
23706
23707
23710
23716
23718
23722
23725
23728
23729
23733
23735
23736
23739
23741
23742
23747
23749
23750
23752
23755
23756
23757
23762
23763
23764
23766
23767
23796
23807
23828
23854
23897
23901
23904
23906
23968
23991
23995
24003
24051
24064
24094
24120
24131
24132
24133
24136
24140
24142
24144
24147
24150
24155
24156
24157
24169
24179
24183
24184
24186
24187
24188
24192
24195
24198
24199
24203
24204
24205
24241
24247
24271
24355
24356
24377
24393
24401
24450
24499
24515
24541
24543
24545
24546
24550
24552
24553
24554
24556
24566
24594
24598
24601
24606
24611
24612
24615
24618
24619
24623
24625
24628
24630
24632
24635
24639
24643
24661
24665
24667
24670
24673
24675
24677
24678
24680
24681
24682
24703
24721
24723
24727
24728
24731
24732
24736
24740
24742
24746
24748
24767
24772
24778
24806
24854
24857
24861
24863
24865
24870
24871
24879
24883
24886
24889
24891
24892
24893
24907
24913
24914
24916
24919
24921
24926
24927
24931
24937
24945
24973
24984
25014
25016
25018
25020
25022
25023
25025
25039
25042
25044
25045
25047
25053
25055
25061
25066
25069
25074
25078
25082
25085
25086
25089
25091
25093
25095
25097
25098
25100
25104
25114
25118
25125
25126
25128
25130
25135
25138
25139
25143
25146
25160
25162
25165
25176
25178
25184
25188
25192
25194
25200
25258
25260
25262
25263
25272
25273
25276
25277
25278
25283
25285
25286
25312
25315
25380
25396
25404
25423
25490
25505
25523
25544
25547
25550
25552
25553
25554
25558
25561
25569
25570
25573
25583
25585
25624
25627
25631
25633
25640
25644
25650
25653
25655
25658
25662
25667
25672
25695
25705
25709
25711
25712
25714
25716
25719
25723
25739
25740
25743
25750
25754
25756
25761
25763
25764
25776
25794
25795
25797
25810
25824
25827
25828
25829
25830
25839
25841
25844
25846
25849
25850
25851
25856
25857
25859
25860
25861
25862
25864
25867
25871
25872
25874
25876
25880
25884
25886
25888
25889
25894
25898
25904
25910
25914
25920
25940
25961
25971
25972
25979
26000
26014
26022
26023
26026
26033
26050
26061
26071
26083
26090
26103
26106
26110
26113
26115
26122
26125
26127
26130
26138
26139
26141
26142
26147
26152
26154
26159
26162
26164
26165
26166
26167
26169
26174
26219
26225
26226
26227
26228
26230
26231
26233
26234
26236
26238
26242
26243
26244
26247
26248
26254
26255
26257
26264
26265
26266
26268
26272
26275
26276
26297
26379
26405
26408
26411
26412
26413
26414
26416
26418
26421
26422
26424
26428
26429
26431
26433
26435
26436
26438
26443
26445
26448
26450
26454
26455
26456
26461
26464
26468
26470
26471
26477
26479
26483
26489
26491
26492
26494
26496
26509
26510
26512
26519
26522
26525
26526
26530
26550
26567
26580
26604
26607
26611
26613
26616
26617
26619
26622
26623
26626
26628
26629
26633
26635
26636
26639
26644
26649
26652
26654
26657
26660
26665
26666
26670
26673
26676
26679
26687
26688
26693
26695
26696
26699
26703
26710
26717
26721
26723
26724
26725
26728
26729
26730
26732
26733
26751
26752
26753
26761
26766
26769
26771
26774
26777
26779
26782
26783
26784
26792
26816
26839
26842
26844
26847
26854
26856
26857
26860
26864
26872
26874
26875
26894
26916
26922
26924
26926
26930
26945
26999
27002
27010
27011
27017
27039
27064
27066
27079
27089
27096
27102
27103
27150
27169
27172
27195
27232
27235
27268
27272
27275
27302
27333
27356
27387
27391
27397
27401
27403
27405
27409
27413
27431
27440
27462
27490
27495
27527
27572
27636
27639
27641
27642
27644
27648
27650
27651
27663
27665
27673
27674
27675
27685
27686
27687
27689
27690
27691
27693
27694
27696
27701
27703
27704
27705
27710
27712
27717
27718
27721
27724
27725
27726
27730
27732
27735
27736
27740
27743
27745
27746
27751
27753
27755
27756
27758
27759
27761
27762
27764
27765
27767
27780
27782
27791
27822
27841
27938
27959
27994
28036
28046
28052
28054
28056
28058
28067
28072
28077
28083
28084
28088
28093
28099
28101
28104
28106
28109
28122
28133
28135
28138
28142
28145
28149
28154
28157
28164
28166
28169
28171
28176
28206
28208
28273
28306
28321
28344
28370
28411
28431
28442
28452
28454
28456
28459
28462
28463
28466
28467
28468
28480
28489
28492
28497
28500
28525
28527
28559
28564
28568
28583
28584
28589
28591
28599
28600
28605
28606
28607
28608
28609
28612
28613
28615
28617
28618
28620
28622
28623
28627
28628
28629
28631
28656
28657
28659
28663
28669
28671
28681
28683
28686
28690
28694
28719
28730
28731
28735
28738
28742
28745
28747
28760
28762
28764
28766
28767
28769
28771
28772
28777
28781
28784
28786
28789
28793
28795
28798
28799
28800
28802
28805
28807
28811
28814
28815
28818
28819
28821
28840
28849
28861
28867
28924
28940
28953
28981
28994
29002
29018
29085
29108
29130
29141
29159
29170
29219
29275
29293
29295
29296
29299
29303
29306
29366
29369
29370
29373
29375
29380
29390
29392
29394
29399
29402
29407
29413
29416
29417
29450
29451
29452
29453
29505
29508
29511
29512
29514
29516
29518
29519
29521
29524
29531
29532
29534
29539
29540
29547
29548
29550
29554
29560
29566
29571
29614
29615
29619
29640
29647
29648
29650
29653
29654
29655
29656
29657
29662
29670
29676
29678
29680
29681
29683
29686
29688
29689
29690
29720
29742
29753
29771
29813
29862
29898
29905
29910
29936
29950
29954
29965
29968
29985
30075
30102
30105
30125
30136
30179
30212
30225
30237
30245
30246
30252
30308
30310
30316
30319
30337
30347
30351
30353
30358
30363
30411
30488
30509
30523
30543
30643
30708
30773
30784
30788
30790
30796
30797
30801
30803
30804
30806
30807
30809
30821
30824
30825
30826
30830
30833
30834
30835
30837
30839
30841
30842
30845
30846
30849
30851
30855
30856
30859
30861
30863
30866
30867
30872
30875
30876
30878
30879
30880
30883
30886
30887
30895
30925
30932
30934
30937
30938
30947
30949
30957
31004
31013
31051
31052
31058
31062
31063
31064
31065
31066
31068
31070
31074
31076
31081
31082
31084
31086
31088
31090
31091
31094
31099
31102
31103
31105
31107
31109
31111
31112
31114
31119
31123
31125
31127
31131
31132
31134
31138
31142
31145
31146
31150
31151
31153
31158
31161
31164
31166
31168
31169
31170
31173
31178
31181
31187
31188
31189
31191
31194
31198
31202
31204
31205
31207
31209
31212
31215
31216
31218
31223
31227
31229
31233
31235
31240
31246
31249
31252
31255
31256
31260
31261
31263
31265
31274
31346
31356
31369
31431
31465
31498
31521
31528
31555
31591
31595
31596
31604
31608
31612
31613
31615
31617
31621
31625
31629
31632
31639
31640
31642
31645
31648
31652
31653
31664
31667
31669
31678
31686
31688
31691
31693
31702
31704
31708
31709
31710
31712
31713
31714
31718
31719
31723
31725
31727
31733
31735
31738
31742
31743
31746
31747
31753
31755
31758
31765
31768
31771
31774
31775
31776
31779
31785
31787
31788
31792
31797
31798
31805
31806
31807
31810
31811
31813
31814
31816
31818
31822
31824
31829
31834
31837
31839
31842
31843
31845
31847
31853
31855
31876
31879
31882
31887
31895
31900
31911
31915
31920
31923
31931
31935
31946
31962
31965
31975
31980
31984
31985
31990
31992
31997
32001
32002
32011
32024
32032
32033
32037
32040
32043
32045
32048
32057
32059
32060
32063
32070
32074
32075
32076
32079
32080
32081
32085
32088
32096
32099
32100
32101
32103
32123
32135
32136
32141
32143
32144
32148
32180
32181
32208
32293
32301
32305
32306
32307
32315
32317
32318
32319
32321
32322
32324
32332
32336
32338
32340
32344
32346
32348
32351
32353
32355
32364
32365
32367
32369
32372
32373
32375
32378
32381
32382
32384
32385
32388
32393
32394
32397
32398
32400
32401
32403
32405
32407
32409
32410
32415
32417
32418
32421
32423
32424
32427
32428
32433
32448
32452
32455
32459
32462
32464
32470
32471
32472
32475
32480
32521
32547
32550
32551
32603
32611
32630
32645
32682
32690
32714
32770
32771
32774
32778
32788
32790
32811
32866
32888
32929
32931
32934
32961
32966
32999
33002
33015
33028
33032
33035
33050
33064
33070
33074
33090
33101
33115
33143
33156
33159
33167
33169
33170
33171
33173
33174
33176
33178
33179
33181
33182
33184
33186
33189
33198
33202
33206
33208
33210
33215
33217
33221
33233
33235
33238
33239
33246
33248
33250
33265
33267
33269
33275
33276
33280
33286
33290
33291
33297
33299
33301
33302
33309
33320
33331
33333
33344
33348
33354
33358
33360
33362
33363
33366
33368
33370
33371
33372
33374
33376
33378
33385
33392
33393
33398
33399
33400
33403
33405
33411
33413
33415
33417
33419
33420
33421
33425
33428
33430
33436
33437
33440
33444
33451
33457
33458
33460
33465
33466
33467
33468
33471
33474
33478
33480
33482
33484
33489
33491
33493
33494
33497
33506
33508
33511
33513
33515
33518
33520
33521
33522
33526
33527
33529
33532
33536
33538
33544
33548
33550
33552
33553
33554
33557
33559
33563
33570
33571
33573
33575
33576
33581
33584
33587
33591
33596
33597
33598
33600
33603
33605
33607
33608
33612
33617
33619
33620
33626
33627
33631
33638
33641
33646
33648
33658
33664
33665
33667
33669
33671
33672
33674
33677
33680
33681
33684
33686
33688
33690
33698
33700
33704
33711
33714
33717
33719
33722
33724
33726
33727
33733
33738
33739
33743
33748
33752
33755
33761
33762
33764
33766
33767
33768
33770
33771
33775
33792
33793
33795
33798
33800
33803
33807
33810
33846
33904
33921
33924
33955
33999
34041
34123
34124
34128
34130
34133
34134
34140
34143
34149
34151
34154
34155
34157
34229
34232
34240
34243
34259
34260
34313
34391
34434
34507
34539
34602
34627
34646
34656
34670
34690
34751
34802
34889
34918
34944
35006
35007
35009
35012
35020
35057
35136
35150
35176
35277
35279
35280
35281
35283
35284
35287
35288
35289
35291
35292
35295
35297
35298
35301
35303
35307
35310
35312
35313
35316
35320
35321
35324
35326
35327
35330
35331
35335
35339
35345
35359
35362
35369
35373
35384
35385
35419
35445
35454
35545
35572
35580
35601
35621
35668
35677
35703
35721
35723
35734
35743
35850
35888
35928
36000
36006
36054
36080
36089
36119
36169
36171
36186
36233
36283
36290
36302
36315
36317
36321
36362
36371
36397
36461
36511
36534
36539
36542
36588
36611
36628
36670
36691
36705
36730
36760
36764
36767
36776
36818
36835
36851
36899
36935
36937
36939
36943
36944
36947
36948
36950
36952
36953
36961
37029
37035
37065
37120
37160
37187
37193
37198
37199
37200
37202
37214
37245
37285
37293
37314
37335
37365
37519
37609
37611
37612
37619
37655
37686
37732
37736
37740
37741
37789
37801
37823
37847
37884
37888
37893
37900
37907
37914
37927
37940
37944
37974
37976
37984
37987
37990
37999
38018
38019
38032
38041
38111
38115
38117
38121
38125
38126
38127
38131
38134
38135
38138
38140
38141
38149
38150
38152
38154
38156
38164
38167
38169
38173
38175
38177
38179
38182
38184
38185
38188
38191
38193
38195
38196
38198
38201
38202
38206
38209
38211
38212
38216
38217
38218
38225
38226
38228
38230
38233
38235
38237
38238
38241
38242
38243
38247
38249
38253
38255
38259
38261
38262
38267
38268
38269
38270
38277
38284
38286
38314
38318
38324
38347
38359
38365
38367
38370
38430
38435
38437
38440
38456
38461
38479
38483
38502
38538
38568
38611
38637
38647
38653
38657
38658
38668
38670
38688
38690
38699
38702
38710
38711
38712
38716
38719
38725
38729
38730
38737
38739
38741
38744
38756
38757
38758
38759
38760
38762
38767
38777
38778
38783
38788
38789
38792
38794
38796
38799
38801
38802
38803
38810
38824
38825
38851
38875
38880
38884
38886
38887
38892
38894
38896
38899
38902
38909
38911
38913
38917
38932
38945
38946
38947
38948
38951
38980
38985
39059
39068
39125
39142
39192
39212
39215
39228
39259
39280
39300
39303
39310
39387
39398
39401
39449
39464
39467
39478
39509
39515
39516
39532
39546
39593
39682
39684
39698
39708
39765
39822
39831
39845
39874
39875
39918
39970
39972
39996
40019
40093
40131
40161
40183
40197
40212
40216
40221
40223
40246
40284
40299
40336
40339
40342
40344
40351
40352
40354
40365
40371
40375
40379
40387
40389
40392
40528
40533
40573
40591
40597
40600
40644
40648
40677
40699
40705
40708
40742
40762
40776
40788
40794
40803
40807
40808
40815
40821
40876
40901
40925
40937
40949
40957
41003
41035
41036
41043
41046
41048
41050
41053
41054
41055
41057
41060
41061
41063
41066
41069
41073
41075
41079
41082
41084
41085
41087
41091
41094
41098
41102
41159
41162
41177
41179
41180
41182
41186
41189
41194
41197
41198
41199
41204
41205
41206
41208
41211
41213
41217
41220
41222
41224
41225
41227
41230
41231
41235
41238
41242
41245
41246
41247
41250
41253
41256
41257
41259
41265
41266
41268
41269
41271
41272
41273
41275
41279
41282
41283
41288
41292
41294
41296
41298
41300
41301
41306
41309
41312
41314
41317
41318
41320
41324
41327
41330
41331
41334
41336
41337
41339
41340
41342
41344
41351
41354
41359
41361
41364
41365
41369
41372
41373
41380
41485
41525
41563
41622
41710
41718
41765
41773
41817
41827
41831
41839
41843
41844
41846
41849
41851
41856
41858
41864
41868
41869
41872
41874
41875
41879
41881
41885
41887
41889
41891
41894
41898
41899
41901
41904
41906
41908
41909
41914
41917
41918
41920
41925
41928
41932
41936
41939
41941
41946
41950
41953
41955
41957
41959
41961
41966
41969
41971
41975
41978
41979
41982
41983
41987
41989
42016
42021
42027
42029
42031
42033
42034
42036
42039
42040
42044
42046
42050
42051
42052
42054
42058
42060
42064
42066
42067
42076
42077
42080
42083
42084
42087
42088
42090
42097
42099
42103
42104
42107
42110
42114
42140
42163
42165
42237
42258
42275
42285
42313
42338
42340
42342
42477
42553
42579
42692
42726
42730
42754
42765
42778
42783
42841
42903
42942
42964
42974
42980
43011
43014
43039
43046
43054
43068
43116
43143
43168
43183
43211
43260
43268
43412
43492
43531
43533
43535
43540
43541
43542
43551
43559
43562
43570
43571
43599
43615
43622
43634
43714
43729
43745
43755
43782
43797
43811
43838
43881
43889
43890
43891
43945
43953
43961
43965
43966
43968
43972
43975
43976
43978
43979
43983
43989
43994
43996
43999
44001
44003
44004
44006
44014
44016
44018
44021
44023
44024
44026
44027
44032
44035
44039
44081
44110
44111
44113
44120
44127
44202
44205
44208
44210
44213
44214
44254
44258
44283
44290
44308
44317
44337
44355
44408
44424
44445
44449
44478
44501
44551
44554
44593
44594
44596
44599
44601
44602
44604
44607
44608
44610
44613
44616
44618
44620
44623
44626
44629
44633
44636
44638
44640
44643
44647
44648
44652
44653
44658
44661
44663
44665
44668
44670
44672
44673
44674
44710
44755
44759
44784
44808
44860
44919
45060
45114
45118
45120
45136
45145
45155
45160
45170
45176
45185
45216
45234
45245
45289
45326
45332
45386
45414
45451
45454
45496
45519
45561
45565
45566
45571
45574
45592
45597
45600
45601
45607
45680
45681
45682
45688
45689
45690
45694
45697
45721
45730
45745
45748
45749
45753
45754
45757
45758
45762
45771
45776
45777
45783
45786
45791
45796
45798
45801
45802
45805
45808
45812
45869
45915
45933
45971
46003
46071
46106
46145
46174
46181
46184
46186
46191
46196
46201
46202
46205
46207
46210
46212
46214
46217
46223
46229
46234
46240
46243
46244
46246
46249
46251
46254
46258
46262
46267
46269
46287
46288
46294
46296
46299
46305
46307
46310
46318
46319
46322
46324
46328
46329
46331
46332
46335
46339
46344
46347
46350
46354
46358
46359
46361
46363
46365
46366
46369
46373
46411
46544
46549
46558
46569
46573
46606
46669
46732
46790
46873
46885
46914
46916
46940
46946
46975
46992
47023
47056
47064
47113
47121
47174
47187
47261
47299
47347
47367
47404
47445
47453
47481
47510
47520
47625
47628
47639
47670
47717
47720
47738
47796
47831
47870
47996
48003
48041
48088
48134
48137
48168
48181
48205
48292
48341
48425
48428
48520
48541
48553
48556
48559
48562
48563
48568
48571
48573
48575
48579
48584
48585
48586
48590
48591
48593
48594
48602
48685
48693
48726
48835
48878
48912
48924
48968
49045
49112
49128
49151
49155
49157
49175
49203
49334
49366
49387
49409
49414
49415
49417
49418
49421
49422
49454
49457
49462
49564
49566
49571
49574
49576
49578
49593
49604
49605
49607
49609
49620
49629
49635
49638
49642
49652
49654
49659
49688
49698
49710
49713
49716
49720
49727
49732
49734
49740
49750
49751
49757
49763
49769
49772
49774
49783
49792
49796
49800
49806
49808
49810
49863
49960
49982
50038
50057
50072
50131
50150
50256
50260
50323
50324
50340
50346
50347
50353
50389
50471
50484
50572
50576
50595
50606
50680
50702
50712
50714
50854
50891
50903
50906
50963
50991
50992
50996
51009
51020
51050
51072
51091
51122
51125
51128
51131
51166
51199
51202
51205
51208
51210
51214
51216
51221
51223
51227
51229
51247
51273
51290
51355
51386
51395
51550
51554
51568
51590
51694
51729
51774
51776
51847
51973
52023
52055
52214
52309
52362
52369
52389
52391
52440
52504
52528
52532
52533
52537
52539
52540
52549
52580
52581
52740
52759
52764
52791
52797
52809
52831
52834
52841
52890
52892
52894
52896
52901
52904
52908
52912
52913
52920
52926
52945
52950
52982
52985
53139
53150
53153
53178
53262
53264
53276
53278
53281
53308
53332
53346
53353
53354
53373
53407
53409
53458
53587
53605
53640
53734
53740
53743
53747
53758
53766
53780
53812
53871
53922
53945
53957
54027
54082
54243
54274
54296
54331
54377
54464
54681
54751
54835
54848
54852
54857
54860
54866
54867
54870
54875
54877
54913
54934
54938
54940
54951
54957
54966
54968
55004
55023
55181
55258
55261
55262
55265
55266
55267
55290
55292
55294
55298
55301
55302
55305
55309
55310
55311
55314
55321
55323
55327
55329
55332
55335
55341
55346
55350
55354
55359
55361
55362
55364
55369
55371
55372
55373
55376
55378
55379
55381
55385
55387
55388
55391
55392
55393
55394
55396
55397
55400
55401
55402
55405
55407
55411
55427
55456
55515
55699
55700
55704
55707
55709
55713
55721
55726
55728
55729
55739
55754
55757
55759
55769
55780
55793
55794
55797
55806
55807
55809
55811
55813
55814
55816
55821
55822
55826
55828
55829
55830
55832
55834
55837
55838
55840
55841
55843
55846
55849
55853
55854
55855
55857
55859
55864
55865
55867
55869
55871
55874
55876
55877
55879
55880
55882
55883
55884
55932
55936
55964
55969
55971
55975
55985
55992
55994
55997
56001
56003
56008
56010
56013
56017
56020
56023
56024
56025
56027
56034
56040
56047
56051
56059
56065
56084
56095
56096
56097
56101
56105
56107
56109
56112
56116
56171
56174
56206
56214
56217
56223
56229
56239
56243
56250
56270
56272
56280
56281
56288
56292
56302
56306
56312
56325
56329
56414
56525
56577
56644
56693
56795
56845
56859
56896
56920
56955
56972
57075
57193
57232
57304
57326
57356
57367
57413
57457
57485
57576
57610
57638
57642
57643
57647
57648
57652
57655
57658
57660
57662
57664
57673
57677
57678
57690
57694
57704
57711
57722
57723
57726
57729
57733
57736
57739
57744
57750
57760
57762
57765
57766
57768
57825
57843
57886
57998
58010
58011
58243
58360
58384
58485
58618
58619
58622
58623
58625
58627
58630
58632
58918
58921
58968
58977
59101
59199
59204
59207
59209
59233
59239
59241
59244
59248
59251
59253
59257
59265
59267
59268
59274
59275
59302
59311
59441
59447
59472
59480
59518
59527
59544
59581
59597
59599
59601
59602
59623
59638
59644
59670
59681
59694
59747
59758
59762
59767
59937
60147
60192
60212
60237
60392
60582
60622
60765
60784
60792
60795
60798
60802
60806
60808
60814
60818
60824
60825
60829
60832
60833
60835
60840
60841
60846
60847
60850
60852
60860
60864
60867
60874
60876
60877
60879
60924
60973
61032
61079
61135
61210
61260
61322
61366
61384
61420
61425
61455
61499
61544
61687
61690
61695
61710
61730
61745
61765
61873
61878
61883
61885
61942
62035
62071
62074
62082
62086
62087
62095
62103
62125
62298
62302
62321
62455
62456
62546
62612
62693
62700
62806
62957
63126
63130
63192
63252
63507
63537
63542
63547
63555
63557
63558
63563
63650
63665
63698
63758
63799
63882
63883
63894
63913
63962
64022
64038
64118
64179
64183
64189
64203
64221
64253
64281
64282
64284
64287
64290
64291
64293
64294
64295
64367
64422
64423
64428
64505
64561
64769
64776
64859
64860
64861
64864
64873
64894
64983
65073
65164
65221
65245
65254
65369
65498
65502
65504
65508
65509
65510
65520
65522
65528
65531
65532
65534
65537
65541
65542
65544
65546
65549
65556
65557
65561
65562
65565
65569
65574
65575
65579
65585
65588
65592
65593
65594
65595
65599
65601
65603
65604
65607
65611
65614
65615
65631
65836
66060
66220
66316
66364
66514
66686
66751
66803
66834
66857
66913
66962
67015
67113
67163
67249
67302
67365
67449
67465
67503
67600
67679
67681
67683
67684
68047
68049
68052
68053
68054
68224
68233
68234
68235
68246
68248
68380
68530
68579
68594
68595
68683
68750
68815
68940
68949
68955
69244
69259
69317
69321
69325
69350
69352
69353
69361
69382
69430
69440
69592
69644
69710
69731
69740
69744
69754
69763
69796
69797
69846
70016
70018
70046
70068
70163
70187
70297
70299
70308
70319
70320
70326
70329
70332
70341
70347
70349
70350
70353
70365
70367
70373
70380
70384
70387
70389
70390
70405
70414
70433
70435
70445
70459
70494
70496
70750
70769
70774
70777
70781
70793
70796
70803
70804
70807
70808
70812
70837
70839
70853
70856
70858
70867
70869
70871
70875
70877
70881
70882
70884
70885
70891
70895
70899
70910
70918
70927
70933
70936
70938
70946
70949
70962
70964
70971
70978
70981
71028
71031
71032
71034
71036
71041
71042
71047
71051
71052
71059
71061
71066
71068
71069
71078
71081
71086
71092
71097
71101
71102
71111
71112
71119
71123
71128
71132
71150
71155
71165
71169
71179
71180
71192
71194
71197
71201
71239
71283
71286
71288
71293
71299
71433
71750
71785
71795
71796
71798
71817
71926
71927
71996
72001
72002
72006
72010
72016
72018
72021
72288
72293
72295
72302
72316
72336
72339
72340
72346
72366
72376
72379
72384
72387
72389
72393
72397
72412
72416
72418
72422
72445
72455
72480
72481
72483
72488
72503
72505
72508
72510
72519
72521
72529
72530
72538
72541
72547
72551
72557
72559
72568
72570
72571
72574
72592
72601
72611
72659
72701
72704
72710
72715
72718
72724
72726
72730
72737
72756
72805
72875
72880
72887
72889
72892
72897
72904
72905
72908
72924
72943
72960
72963
72973
72979
72989
72991
72995
73012
73019
73030
73034
73048
73049
73054
73057
73059
73061
73062
73063
73066
73070
73074
73078
73079
73080
73081
73084
73096
73156
73254
73368
73409
73413
73418
73420
73441
73450
73454
73678
73942
74025
74037
74112
74136
74396
74463
74513
74519
74703
74707
74712
74717
74721
74742
74746
74759
74762
74772
74774
74823
74824
74825
75003
75005
75006
75030
75078
75088
75102
75128
75257
75369
75497
75820
75831
75967
76075
