0
27
29
33
35
51
55
57
59
62
65
69
71
72
73
74
77
78
83
91
93
96
97
99
102
106
108
110
115
131
135
136
137
138
143
144
150
168
199
226
230
233
234
241
242
245
251
252
253
254
260
261
272
275
278
283
311
313
320
321
322
324
325
334
342
351
371
407
411
415
418
419
422
426
430
435
439
441
445
447
450
458
462
468
473
486
488
491
498
519
523
526
530
544
547
548
555
557
559
560
563
565
571
572
576
578
590
596
599
600
602
604
607
614
621
626
628
629
630
631
633
635
636
639
647
670
673
674
681
689
697
705
729
739
751
755
759
815
820
821
824
827
828
832
837
838
839
840
844
845
847
848
849
850
853
855
856
857
866
881
902
907
949
957
967
970
971
973
985
995
998
1001
1003
1004
1006
1008
1010
1011
1019
1022
1023
1026
1031
1049
1073
1102
1113
1118
1120
1122
1129
1130
1140
1161
1163
1165
1169
1179
1183
1184
1188
1190
1191
1194
1196
1199
1200
1201
1203
1207
1209
1210
1237
1284
1300
1310
1313
1315
1318
1320
1322
1324
1327
1329
1332
1333
1335
1336
1342
1346
1349
1360
1366
1367
1370
1371
1373
1414
1417
1457
1459
1461
1462
1468
1474
1478
1481
1482
1483
1489
1492
1493
1494
1496
1502
1503
1506
1514
1515
1518
1523
1524
1526
1547
1549
1553
1555
1567
1576
1579
1583
1609
1611
1614
1635
1682
1686
1689
1697
1711
1787
1802
1804
1809
1847
1850
1853
1858
1860
1865
1867
1872
1874
1876
1878
1879
1881
1882
1884
1885
1887
1889
1890
1901
1903
1906
1907
1909
1913
1920
1922
1924
1936
1938
1939
1941
1943
1944
1961
1963
1966
1967
1973
1975
1979
1981
1982
2047
2058
2059
2062
2063
2066
2068
2069
2084
2087
2089
2093
2094
2099
2105
2107
2111
2112
2114
2117
2119
2120
2121
2126
2131
2152
2153
2159
2218
2219
2229
2232
2236
2237
2239
2242
2257
2267
2292
2328
2336
2338
2355
2363
2383
2385
2388
2390
2391
2394
2395
2396
2397
2401
2403
2404
2406
2410
2414
2419
2422
2423
2426
2430
2514
2522
2527
2530
2532
2537
2570
2616
2645
2649
2659
2662
2664
2667
2668
2670
2671
2681
2682
2710
2712
2715
2716
2720
2722
2725
2727
2729
2730
2733
2735
2738
2742
2743
2745
2747
2750
2754
2755
2758
2760
2761
2762
2766
2768
2774
2776
2778
2779
2781
2789
2793
2804
2820
2822
2828
2830
2831
2834
2837
2841
2850
2851
2860
2861
2863
2864
2866
2869
2871
2876
2880
2881
2883
2887
2889
2891
2892
2897
2898
2899
2901
2903
2904
2906
2909
2947
2966
2978
2979
2991
2996
2999
3004
3006
3039
3044
3047
3048
3050
3053
3055
3059
3064
3082
3084
3088
3095
3097
3100
3104
3106
3110
3115
3116
3119
3122
3123
3126
3133
3134
3137
3140
3147
3158
3159
3167
3175
3176
3179
3186
3192
3208
3209
3210
3211
3224
3225
3285
3312
3314
3347
3353
3365
3376
3378
3394
3397
3403
3412
3422
3429
3431
3436
3439
3446
3463
3474
3491
3519
3526
3531
3537
3540
3547
3550
3554
3571
3581
3593
3594
3601
3609
3612
3618
3619
3625
3626
3628
3629
3631
3639
3643
3655
3656
3657
3663
3665
3666
3667
3669
3674
3680
3694
3695
3697
3702
3707
3714
3723
3725
3729
3732
3735
3752
3770
3779
3851
3870
3880
3882
3883
3885
3898
3904
3905
3906
3909
3910
3911
3913
3914
3916
3920
3921
3923
3925
3927
3929
3930
3939
3943
3998
4009
4016
4053
4061
4063
4071
4072
4075
4079
4111
4138
4139
4141
4143
4145
4146
4149
4152
4156
4167
4172
4173
4186
4187
4188
4193
4196
4199
4201
4211
4214
4217
4230
4236
4240
4242
4243
4249
4251
4253
4257
4259
4261
4264
4266
4267
4269
4274
4277
4279
4284
4294
4295
4297
4299
4303
4304
4315
4317
4358
4362
4365
4367
4369
4370
4405
4409
4410
4412
4417
4429
4431
4433
4435
4436
4437
4439
4440
4441
4445
4447
4454
4455
4461
4466
4467
4478
4496
4515
4520
4521
4522
4524
4528
4532
4534
4538
4540
4543
4549
4552
4556
4560
4561
4563
4565
4574
4576
4578
4579
4581
4583
4584
4587
4591
4593
4594
4597
4598
4600
4603
4605
4611
4612
4614
4618
4619
4620
4625
4640
4641
4643
4644
4647
4651
4653
4657
4659
4663
4664
4665
4669
4673
4674
4676
4681
4691
4692
4694
4696
4698
4699
4701
4702
4703
4704
4708
4710
4715
4719
4721
4727
4730
4733
4738
4744
4745
4750
4752
4753
4759
4773
4776
4779
4780
4786
4787
4788
4791
4795
4798
4799
4800
4801
4804
4808
4816
4818
4821
4833
4837
4838
4847
4858
4862
4867
4870
4871
4872
4873
4876
4880
4890
4895
4896
4898
4900
4907
4915
4923
4929
4980
5007
5008
5009
5010
5012
5016
5017
5020
5045
5054
5055
5058
5059
5063
5064
5065
5072
5074
5075
5079
5080
5087
5089
5097
5100
5103
5104
5111
5114
5122
5125
5128
5132
5143
5146
5147
5148
5156
5157
5158
5160
5167
5170
5172
5175
5177
5181
5183
5186
5188
5189
5190
5193
5199
5200
5201
5203
5206
5207
5209
5210
5212
5214
5215
5217
5219
5221
5224
5227
5229
5231
5233
5234
5237
5238
5241
5245
5246
5247
5248
5250
5251
5253
5254
5256
5258
5260
5263
5267
5271
5272
5273
5309
5310
5328
5332
5335
5338
5340
5342
5347
5350
5355
5356
5400
5422
5441
5464
5468
5474
5484
5488
5492
5496
5497
5502
5521
5523
5550
5554
5555
5556
5558
5562
5564
5570
5571
5597
5631
5649
5669
5681
5685
5686
5693
5695
5696
5698
5699
5702
5703
5710
5711
5725
5728
5731
5735
5755
5758
5765
5766
5768
5771
5772
5774
5776
5780
5781
5783
5784
5792
5812
5814
5817
5818
5821
5824
5826
5828
5829
5832
5833
5837
5839
5840
5841
5845
5848
5853
5855
5857
5858
5888
5890
5891
5893
5894
5896
5897
5899
5900
5903
5909
5914
5950
5955
5970
6027
6078
6098
6101
6112
6155
6182
6193
6202
6225
6289
6293
6294
6296
6307
6309
6310
6312
6315
6319
6322
6332
6358
6365
6383
6397
6413
6426
6441
6451
6454
6468
6491
6496
6499
6500
6506
6508
6516
6522
6523
6524
6527
6531
6532
6533
6534
6536
6540
6545
6595
6597
6599
6601
6603
6606
6607
6609
6611
6643
6661
6665
6685
6701
6702
6708
6710
6720
6755
6759
6762
6765
6766
6782
6794
6799
6808
6815
6816
6819
6846
6919
7024
7031
7056
7088
7089
7096
7097
7099
7101
7102
7105
7106
7107
7116
7118
7124
7129
7130
7135
7139
7141
7150
7158
7160
7178
7182
7187
7190
7212
7215
7301
7322
7328
7412
7426
7458
7463
7465
7467
7473
7489
7493
7499
7501
7502
7506
7508
7514
7517
7519
7520
7522
7525
7534
7539
7542
7552
7564
7570
7572
7575
7577
7578
7581
7582
7585
7586
7609
7650
7686
7743
7772
7778
7795
7797
7803
7828
7865
7866
7870
7871
7874
7875
7876
7879
7880
7883
7886
7887
7888
7890
7893
7896
7898
7904
7905
7906
7910
7912
7917
7921
7924
7926
7931
7932
7934
7937
7939
7941
7944
7946
7949
7952
7953
7955
7960
7963
7970
7972
7975
7976
7978
7980
7981
8028
8044
8079
8088
8091
8110
8125
8126
8135
8200
8213
8225
8234
8263
8282
8284
8285
8301
8314
8315
8344
8377
8417
8438
8466
8501
8518
8520
8521
8523
8524
8536
8564
8577
8617
8629
8641
8644
8677
8700
8716
8725
8728
8729
8731
8733
8735
8750
8752
8754
8757
8767
8777
8778
8780
8782
8784
8785
8786
8790
8794
8802
8811
8819
8855
8856
8858
8859
8861
8863
8865
8892
8918
8927
8929
8951
8976
9002
9011
9018
9020
9030
9036
9040
9041
9044
9049
9054
9061
9069
9072
9080
9132
9141
9148
9150
9151
9153
9196
9205
9244
9252
9391
9398
9405
9415
9449
9459
9461
9463
9467
9530
9537
9557
9558
9590
9616
9629
9632
9633
9649
9657
9679
9710
9775
9843
9857
9860
9862
9863
9865
9869
9879
9880
9881
9887
9888
9905
9908
9919
9933
9976
9980
9984
9986
9987
9997
9998
10002
10003
10061
10077
10136
10137
10138
10139
10175
10185
10193
10199
10200
10201
10204
10231
10232
10289
10324
10336
10338
10341
10365
10396
10401
10402
10407
10417
10428
10435
10452
10459
10464
10469
10478
10487
10489
10491
10523
10538
10558
10585
10656
10694
10732
10740
10747
10748
10749
10750
10807
10819
10843
10854
10863
10878
10945
10970
10981
11017
11038
11082
11086
11087
11100
11101
11103
11106
11109
11111
11113
11115
11185
11238
11240
11249
11250
11251
11294
11312
11360
11362
11364
11365
11370
11371
11372
11425
11429
11470
11486
11525
11533
11535
11571
11585
11635
11660
11672
11678
11692
11725
11726
11731
11734
11735
11737
11738
11764
11772
11773
11776
11779
11781
11784
11785
11793
11867
11869
11892
11893
11895
11900
11908
11914
11927
11929
11930
11934
11937
11938
11940
11943
11948
11949
11950
11953
11958
11959
11961
11962
11968
11970
11974
11977
11978
11979
11982
11984
11989
11991
11994
11996
12019
12022
12027
12030
12074
12081
12082
12115
12142
12172
12191
12223
12311
12317
12341
12342
12394
12458
12463
12487
12494
12508
12520
12586
12645
12661
12686
12808
12815
12829
12830
12831
12834
12850
12866
12867
12869
12870
12877
12880
12887
12894
12899
12900
12906
12915
12917
12937
12944
12962
12976
12996
13003
13021
13026
13032
13033
13035
13036
13047
13074
13102
13135
13141
13151
13153
13170
13174
13177
13178
13179
13182
13184
13188
13191
13192
13193
13194
13195
13198
13199
13201
13202
13216
13245
13260
13298
13300
13304
13306
13362
13374
13376
13378
13394
13456
13485
13535
13578
13587
13617
13662
13665
13667
13681
13716
13726
13747
13771
13794
13832
13850
13853
13864
13899
13911
13915
13916
13921
13922
13923
13926
13928
13935
13937
13938
13940
13943
13946
13956
13962
13984
14042
14082
14093
14176
14186
14189
14193
14277
14302
14321
14340
14354
14392
14420
14445
14473
14534
14561
14564
14569
14570
14571
14579
14636
14645
14669
14671
14696
14711
14723
14732
14738
14755
14757
14881
14884
14886
14898
14963
14996
15144
15158
15175
15176
15179
15180
15216
15274
15275
15279
15280
15316
15322
15353
15375
15405
15408
15413
15461
15464
15469
15472
15482
15484
15485
15487
15489
15492
15495
15500
15502
15506
15507
15510
15511
15513
15517
15522
15528
15530
15538
15539
15544
15547
15549
15551
15554
15555
15561
15562
15563
15577
15582
15598
15614
15630
15631
15632
15638
15645
15649
15664
15670
15671
15692
15697
15699
15701
15703
15749
15754
15771
15772
15774
15776
15778
15794
15808
15823
15837
15846
15876
15878
15892
15902
15933
15985
16017
16083
16104
16166
16190
16242
16245
16246
16248
16250
16252
16260
16261
16264
16265
16266
16284
16317
16349
16382
16402
16420
16456
16467
16474
16490
16533
16544
16562
16569
16579
16582
16583
16590
16591
16601
16609
16621
16644
16681
16708
16740
16773
16957
16974
17042
17066
17091
17113
17143
17171
17173
17234
17306
17311
17329
17356
17397
17400
17401
17408
17417
17437
17463
17471
17488
17538
17542
17547
17571
17599
17601
17638
17648
17669
17684
17696
17879
17896
17898
17899
17902
17904
17909
17910
17914
17916
17919
17920
17921
17923
17925
17926
17929
17933
17935
17937
17938
17942
17944
17945
17946
17950
17954
17957
17960
17963
17964
17967
17968
17969
17973
17980
17981
17983
17984
17985
17987
17988
17989
17991
17992
17995
17997
18003
18009
18011
18013
18014
18018
18021
18025
18029
18033
18034
18037
18038
18039
18041
18043
18046
18049
18051
18053
18054
18058
18063
18065
18068
18073
18074
18075
18078
18081
18085
18086
18093
18095
18097
18098
18099
18108
18115
18146
18147
18165
18194
18221
18226
18260
18410
18419
18451
18483
18516
18537
18581
18587
18632
18651
18657
18698
18714
18752
18778
18779
18784
18785
18788
18791
18793
18799
18801
18807
18810
18813
18816
18822
18824
18845
18854
18862
18903
18919
18936
18985
19038
19134
19173
19174
19185
19195
19246
19251
19279
19341
19383
19395
19426
19474
19557
19635
19680
19702
19703
19722
19746
19748
19783
19789
19796
19800
19807
19836
19883
19885
19886
19906
19953
19956
20032
20073
20106
20134
20136
20137
20141
20165
20167
20212
20233
20240
20243
20245
20249
20253
20254
20255
20257
20259
20271
20273
20274
20276
20351
20359
20364
20397
20402
20464
20480
20481
20498
20605
20660
20664
20690
20760
20794
20829
20866
20956
20957
20958
20960
20963
20965
20967
20983
21006
21037
21050
21073
21074
21077
21082
21086
21139
21145
21199
21250
21295
21318
21384
21431
21433
21434
21436
21438
21443
21448
21460
21504
21536
21557
21573
21577
21658
21697
21698
21699
21701
21702
21755
21758
21904
21905
21941
21948
21953
21970
21991
22008
22024
22026
22034
22035
22047
22086
22196
22232
22234
22236
22242
22441
22467
22471
22474
22506
22510
22551
22566
22577
22604
22695
22777
22795
22797
22798
22804
22805
22811
22819
22859
22900
22926
22984
23041
23042
23056
23089
23150
23159
23185
23199
23250
23262
23272
23306
23353
23364
23374
23409
23421
23515
23524
23535
23538
23541
23542
23551
23554
23622
23668
23681
23728
23768
23828
23868
23874
23890
23913
23914
23916
23936
23958
23991
24028
24062
24094
24169
24189
24195
24246
24289
24295
24298
24301
24304
24305
24309
24314
24326
24329
24334
24335
24337
24414
24443
24471
24480
24612
24658
24667
24672
24809
24832
24905
24910
24944
24985
24986
24993
24994
25030
25090
25148
25167
25180
25321
25357
25463
25510
25551
25683
25703
25757
25884
25894
25896
25897
25940
26017
26080
26083
26087
26140
26264
26300
26422
26427
26501
26530
26619
26647
26778
26789
26964
26986
27019
27059
27109
27127
27205
27280
27321
27336
27434
27558
27619
27654
27661
27805
27902
27909
28056
28058
28064
28093
28099
28195
28219
28397
28417
28536
28622
28623
28625
28643
28652
28688
28752
28800
28873
28916
28918
28956
28961
28977
29022
29065
29068
29204
29266
29288
29346
29455
29457
29533
29655
29747
29764
29828
30003
30057
30063
30231
30247
30297
30370
30371
30469
30477
30555
30638
30705
30733
30742
30851
30874
30894
30945
30971
30991
31060
31128
31159
31160
31162
31165
31174
31178
31218
31281
31517
31604
31609
31665
31690
31703
31719
31808
31840
32009
32157
32189
32202
32204
32209
32217
32218
32225
32226
32231
32234
32236
32239
32242
32244
32252
32266
32271
32273
32278
32279
32280
32282
32285
32286
32288
32289
32374
32397
32430
32630
32650
32708
32711
32758
32815
32915
33008
33013
33049
33262
33356
33478
33545
33624
33709
33817
33938
33989
34070
34127
34216
34301
34372
34429
34439
34537
34546
34552
34554
34560
34563
34595
34691
34693
34694
34837
34907
34909
34912
34917
34973
34979
34984
35071
35073
35080
35086
35101
35126
35154
35202
35211
35286
35301
35387
35437
35468
35492
35533
35556
35654
35669
35716
35909
35931
36002
36027
36081
36148
36255
36260
36385
36495
36547
36569
36713
36777
36895
36943
37131
37159
37326
37336
37362
37425
37612
37899
38054
38081
38142
38202
38204
38209
38211
38279
38388
38450
38529
38804
38923
39046
39079
39199
39415
39469
39493
39521
39685
39880
39908
39930
39933
40036
40150
40151
40385
