0
21146
21180
21183
21189
21279
21286
21440
21525
21530
21579
21680
21694
21710
21759
21889
22000
22036
22037
22116
22141
22208
22299
22311
22316
22320
22323
22326
22327
22329
22333
22335
22340
22345
22348
22356
22358
22372
22408
22419
22551
22583
22597
22624
22692
22737
22780
22867
22895
22940
23023
23065
23076
23116
23221
23365
23411
23481
23482
23485
23487
23492
23494
23497
23500
23501
23507
23510
23512
23515
23517
23519
23527
23534
23630
23667
23680
23709
23731
23816
23831
23886
23898
23908
23954
24059
24131
24184
24185
24186
24230
24234
24258
24259
24264
24276
24297
24327
24328
24346
24349
24429
24458
24468
24554
24662
24673
24680
24713
24714
24883
24890
24932
24965
24979
24984
24991
24994
25010
25151
25160
25162
25163
25170
25182
25185
25231
25258
25341
25392
25393
25467
25469
25471
25474
25616
25671
25672
25684
25686
25688
25690
25730
25748
25796
25930
26138
26186
26232
26302
26359
26392
26534
26578
26628
26639
26659
26727
26728
26730
26732
26734
26737
26739
26743
26745
26746
26747
26800
26822
26834
26841
26845
26846
26858
26860
26861
26865
26867
26869
26873
26877
26884
26893
26895
26901
26903
26905
26914
26917
26918
26938
26940
26956
26990
27031
27077
27086
27101
27102
27148
27262
27290
27291
27295
27309
27316
27321
27322
27352
27362
27367
27379
27406
27430
27439
27453
27502
27505
27506
27517
27522
27523
27557
27564
27574
27576
27581
27608
27609
27613
27616
27617
27618
27646
27653
27728
27861
27895
28099
28117
28129
28142
28237
28374
28413
28479
28609
28687
28797
28799
28803
28806
28868
28871
28872
28876
28879
28881
28885
28886
28889
28919
29022
29044
29067
29098
29153
29296
29365
29432
29445
29494
29511
29525
29535
29545
29585
29670
29680
29703
29797
29906
30064
30067
30151
30158
30174
30247
30275
30346
30347
30669
30872
30991
31145
31290
31400
31556
31750
31788
31840
31842
31844
31847
31848
31849
31928
31967
32022
32230
32497
32551
32554
32578
32661
32743
32776
32920
32992
33009
33147
33234
33410
33792
33853
33893
33970
34066
34072
34073
34078
34082
34194
34241
34435
34442
34498
34565
34704
34903
34957
35409
35435
35439
35441
35442
35444
35446
35449
35455
35457
35458
35464
35466
35467
35471
35473
35476
35477
35478
35481
35483
35485
35493
35501
35503
35505
35507
35510
35512
35516
35519
35520
35524
35728
35898
36144
36237
36239
36248
36249
36251
36254
36255
36260
36266
36371
36712
36728
36793
36910
36922
36931
37044
37460
37503
37575
37978
37982
38216
38290
38291
38292
38295
38297
38491
38539
38824
38826
38922
38953
39005
39008
39018
39020
39026
39062
39202
39215
39219
39232
39247
39250
39251
39252
39265
39270
39274
39307
39312
39316
39319
39320
39325
39330
39335
39406
39407
39455
39478
39627
39732
39734
39897
39958
39964
39966
39970
39997
39998
40001
40016
40021
40024
40030
40040
40048
40052
40054
40255
40316
40354
40400
40522
40638
40734
40737
40740
40779
40893
41043
41045
41048
41055
41098
41292
41332
41408
41417
41419
41441
41444
41474
41485
41489
41495
41499
41506
41510
41521
41539
41543
41545
41548
41557
41567
41568
41580
41589
41597
41839
41850
41959
42075
42241
42656
42775
42825
43073
43099
43133
43324
43618
43771
