0
0
2
7
8
10
11
13
18
20
24
26
30
31
33
35
36
37
39
41
45
46
49
53
57
58
60
61
62
66
68
69
70
73
74
75
76
79
86
90
91
96
97
98
103
105
108
111
113
117
121
122
124
127
128
131
132
134
138
142
146
149
152
155
156
160
163
164
167
179
180
181
184
185
187
190
191
193
199
203
204
205
207
208
215
237
238
251
280
291
317
336
338
354
369
373
374
376
377
379
380
383
386
389
391
392
394
395
400
401
403
404
408
411
444
472
498
499
502
510
514
516
522
531
534
538
540
547
548
549
554
619
621
624
628
631
632
635
637
638
658
659
660
674
677
678
681
683
686
689
694
703
738
744
748
770
789
791
792
793
796
798
800
801
811
835
843
867
884
891
892
895
898
901
946
983
991
993
998
999
1003
1006
1010
1020
1021
1022
1026
1029
1030
1032
1033
1034
1038
1041
1048
1055
1056
1062
1064
1067
1071
1075
1076
1077
1078
1081
1085
1087
1090
1095
1101
1118
1152
1156
1157
1177
1185
1188
1190
1196
1198
1201
1202
1205
1208
1209
1211
1213
1216
1217
1221
1224
1227
1229
1232
1268
1281
1284
1314
1364
1422
1453
1456
1458
1470
1479
1480
1486
1490
1491
1505
1509
1515
1528
1546
1547
1549
1551
1552
1553
1560
1565
1567
1571
1574
1577
1580
1581
1592
1599
1629
1631
1645
1653
1667
1681
1695
1706
1707
1710
1711
1712
1713
1719
1723
1726
1730
1734
1736
1739
1752
1757
1758
1759
1760
1762
1763
1768
1769
1770
1773
1777
1780
1781
1782
1783
1785
1788
1791
1799
1801
1809
1822
1825
1830
1833
1834
1838
1845
1848
1851
1853
1854
1855
1859
1871
1872
1874
1876
1878
1880
1885
1886
1888
1889
1890
1907
1954
1955
1963
1974
1993
1997
2025
2029
2042
2045
2047
2048
2050
2052
2059
2060
2061
2081
2100
2113
2118
2127
2132
2135
2140
2141
2146
2149
2151
2152
2153
2157
2158
2159
2164
2166
2167
2172
2174
2175
2179
2203
2206
2208
2233
2238
2241
2264
2270
2302
2303
2304
2306
2308
2310
2311
2317
2319
2322
2324
2326
2330
2331
2333
2336
2337
2339
2341
2342
2347
2352
2356
2358
2360
2363
2366
2371
2375
2397
2400
2405
2406
2407
2411
2414
2416
2418
2420
2425
2428
2429
2435
2437
2439
2443
2446
2454
2458
2459
2461
2463
2467
2469
2470
2472
2475
2480
2484
2486
2488
2492
2501
2503
2505
2506
2514
2517
2518
2522
2525
2528
2530
2535
2537
2539
2543
2548
2551
2552
2554
2555
2556
2561
2565
2570
2571
2578
2590
2596
2615
2637
2648
2728
2729
2731
2743
2759
2763
2776
2781
2783
2784
2785
2786
2787
2811
2860
2863
2866
2873
2874
2879
2887
2889
2892
2894
2897
2899
2901
2902
2903
2905
2907
2908
2922
2931
2941
2944
2946
2948
2952
2954
2960
2963
2965
2967
2968
2971
2973
2975
2976
2979
2983
2984
2985
2986
2988
2993
2994
3012
3024
3057
3058
3059
3070
3080
3084
3085
3086
3088
3089
3093
3101
3108
3139
3209
3242
3258
3260
3261
3279
3375
3380
3382
3415
3416
3417
3420
3437
3438
3440
3443
3448
3451
3453
3455
3458
3459
3462
3463
3464
3465
3469
3471
3472
3476
3479
3482
3485
3488
3502
3509
3538
3543
3546
3547
3554
3557
3566
3587
3588
3595
3599
3621
3630
3636
3644
3662
3664
3669
3670
3680
3683
3685
3686
3694
3700
3704
3705
3725
3731
3739
3741
3743
3775
3776
3785
3792
3802
3811
3816
3825
3827
3855
3863
3897
3919
3924
3961
3965
3969
3971
3998
4026
4039
4046
4048
4120
4135
4162
4195
4197
4201
4202
4206
4211
4220
4221
4222
4223
4225
4227
4228
4234
4237
4238
4241
4246
4251
4252
4256
4262
4271
4272
4275
4276
4279
4285
4288
4293
4301
4308
4318
4324
4325
4326
4328
4329
4331
4352
4394
4402
4408
4421
4450
4458
4474
4508
4528
4555
4594
4596
4599
4601
4602
4673
4691
4697
4699
4727
4730
4739
4747
4761
4767
4770
4771
4778
4781
4783
4799
4802
4804
4812
4825
4839
4849
4857
4866
4880
4883
4888
4896
4900
4922
4923
4964
4979
4982
4987
4988
4995
4996
5003
5035
5041
5062
5073
5106
5125
5144
5156
5158
5196
5201
5203
5204
5208
5210
5212
5214
5217
5220
5222
5233
5294
5341
5385
5399
5405
5406
5408
5412
5413
5417
5427
5430
5473
5506
5523
5548
5550
5564
5618
5623
5637
5647
5656
5674
5676
5687
5725
5730
5733
5737
5742
5743
5751
5753
5756
5764
5774
5782
5788
5792
5799
5801
5807
5811
5813
5814
5819
5822
5826
5829
5832
5838
5839
5840
5841
5867
5873
5910
5933
5956
5961
5994
6008
6032
6061
6064
6065
6076
6079
6081
6082
6083
6084
6086
6088
6090
6092
6109
6111
6112
6113
6119
6121
6129
6151
6213
6217
6219
6224
6231
6232
6236
6239
6242
6244
6247
6249
6288
6291
6293
6294
6296
6298
6302
6315
6316
6320
6323
6325
6326
6350
6391
6392
6395
6404
6407
6408
6414
6431
6434
6435
6439
6444
6446
6447
6454
6456
6458
6461
6462
6465
6466
6469
6473
6475
6477
6478
6480
6481
6485
6487
6490
6492
6495
6498
6500
6502
6505
6507
6509
6515
6518
6550
6585
6595
6600
6617
6618
6677
6683
6698
6717
6718
6719
6721
6725
6726
6729
6730
6733
6761
6765
6774
6786
6790
6793
6798
6804
6809
6815
6819
6820
6822
6825
6826
6828
6864
6901
6902
6903
6904
6920
6928
6931
6933
6936
6938
6939
6941
6943
6946
6950
6953
6959
6960
6970
6971
6974
6981
6983
6985
6987
6990
6992
6996
7000
7002
7005
7007
7008
7035
7036
7045
7058
7063
7079
7084
7122
7199
7246
7252
7291
7293
7294
7306
7314
7363
7379
7433
7440
7441
7443
7447
7499
7523
7536
7541
7543
7546
7549
7585
7586
7616
7618
7619
7622
7624
7671
7675
7676
7681
7683
7693
7701
7710
7714
7728
7746
7768
7796
7807
7821
7862
7873
7875
7879
7881
7883
7885
7887
7889
7892
7898
7899
7904
7906
7908
7909
7931
7969
7975
7986
7991
7992
7994
7997
7998
8001
8012
8037
8047
8060
8106
8119
8132
8133
8205
8226
8270
8316
8337
8353
8390
8391
8409
8431
8455
8458
8467
8493
8516
8518
8520
8524
8526
8553
8630
8698
8703
8727
8746
8764
8774
8796
8799
8801
8803
8804
8806
8810
8812
8814
8815
8830
8832
8834
8864
8875
8886
8895
8899
8905
8908
8910
8912
8915
8917
8919
8920
8921
8923
8927
8935
8937
8941
8942
8945
8947
8951
8963
8976
9058
9070
9072
9116
9155
9160
9164
9190
9202
9218
9224
9245
9248
9279
9318
9339
9346
9354
9371
9373
9396
9397
9398
9403
9431
9434
9519
9572
9586
9632
9635
9636
9639
9640
9661
9670
9681
9684
9685
9720
9722
9730
9757
9807
9820
9942
9949
9987
9997
10031
10042
10051
10074
10076
10077
10080
10088
10089
10093
10095
10097
10098
10100
10117
10130
10216
10234
10255
10257
10258
10259
10263
10267
10269
10271
10273
10275
10277
10280
10281
10284
10288
10293
10325
10333
10335
10360
10402
10408
10423
10449
10451
10453
10455
10462
10463
10466
10467
10469
10473
10495
10518
10519
10521
10522
10524
10527
10535
10537
10539
10578
10600
10616
10674
10682
10725
10727
10728
10732
10735
10736
10737
10759
10774
10780
10906
10933
10935
10939
10963
10994
11025
11027
11028
11035
11042
11047
11048
11053
11057
11059
11061
11064
11066
11071
11074
11077
11081
11083
11086
11087
11091
11094
11095
11099
11100
11104
11105
11111
11118
11122
11125
11126
11131
11155
11225
11251
11261
11292
11293
11325
11369
11405
11419
11442
11468
11478
11480
11481
11486
11507
11509
11520
11543
11567
11662
11666
11668
11670
11673
11674
11675
11676
11681
11685
11688
11696
11700
11716
11745
11773
11779
11813
11815
11816
11818
11822
11854
11855
11860
11866
11873
11876
11878
11891
11901
11907
11930
11940
11942
11946
11952
11954
11960
11969
11979
11982
12032
12090
12091
12101
12182
12214
12228
12229
12252
12262
12263
12265
12270
12277
12295
12314
12330
12353
12393
12398
12411
12451
12489
12496
12505
12508
12542
12544
12545
12566
12589
12603
12621
12646
12662
12665
12669
12670
12677
12680
12681
12686
12687
12688
12691
12701
12709
12734
12771
12793
12894
12895
12896
12899
12900
12901
12904
12908
12916
12927
12928
12929
12930
12932
12936
12942
12944
12948
12952
12954
12964
12990
13063
13070
13100
13165
13210
13308
13324
13329
13336
13394
13418
13426
13437
13447
13455
13519
13522
13551
13560
13594
13603
13651
13665
13677
13681
13703
13714
13746
13765
13854
13857
13860
13862
13863
13864
13892
13910
13916
13967
13976
13993
14000
14028
14034
14035
14037
14038
14053
14066
14096
14192
14248
14251
14281
14303
14305
14316
14317
14322
14324
14342
14427
14436
14439
14442
14450
14459
14463
14501
14503
14511
14525
14531
14533
14536
14540
14549
14556
14565
14591
14594
14598
14600
14603
14604
14605
14606
14610
14619
14647
14679
14697
14809
14817
14839
14873
14880
14927
14934
14935
14937
14938
14942
14943
14948
14983
14990
15005
15042
15072
15078
15080
15110
15124
15235
15249
15278
15325
15334
15335
15337
15338
15339
15362
15364
15457
15458
15460
15461
15465
15467
15480
15491
15525
15581
15666
15679
15698
15721
15725
15749
15751
15754
15755
15759
15762
15765
15779
15788
15796
15829
15852
15858
15884
15897
15904
15990
15997
16002
16038
16047
16057
16071
16099
16126
16131
16136
16137
16142
16144
16145
16151
16152
16158
16160
16181
16189
16202
16205
16213
16214
16217
16220
16222
16230
16233
16378
16436
16523
16575
16612
16627
16630
16632
16633
16637
16640
16642
16644
16647
16648
16649
16733
16744
16752
16756
16785
16815
16825
16869
16872
16879
16886
16890
16923
16945
16968
16997
16998
17000
17012
17047
17064
17125
17127
17129
17130
17133
17135
17138
17141
17142
17153
17181
17187
17194
17195
17196
17198
17200
17203
17205
17206
17235
17316
17317
17434
17438
17473
17480
17524
17529
17557
17563
17564
17566
17571
17577
17578
17581
17582
17598
17602
17607
17610
17612
17615
17673
17705
17729
17754
17767
17800
17831
17832
17834
17840
17855
17859
17864
17869
17872
17874
17877
17878
17909
17925
17957
17960
17969
17977
17992
18001
18002
18016
18025
18029
18038
18050
18053
18054
18091
18099
18140
18145
18187
18193
18225
18228
18229
18241
18273
18290
18315
18323
18350
18375
18401
18500
18518
18538
18590
18594
18596
18599
18604
18654
18696
18712
18746
18768
18855
18861
18863
18864
18874
18895
18906
18907
18912
18914
18915
18917
18918
18920
18922
18925
18926
18928
18933
18936
18939
18945
18948
18949
18954
19047
19061
19141
19202
19209
19223
19229
19246
19337
19343
19352
19362
19370
19393
19407
19424
19448
19456
19459
19464
19465
19468
19469
19471
19504
19505
19506
19509
19522
19535
19564
19581
19615
19621
19676
19683
19684
19687
19692
19694
19695
19696
19700
19702
19705
19708
19709
19712
19713
19714
19715
19717
19718
19874
19887
19889
19964
19966
19992
19994
20023
20101
20112
20113
20114
20116
20120
20121
20125
20126
20144
20146
20147
20188
20214
20220
20299
20308
20337
20349
20409
20410
20416
20419
20424
20431
20448
20454
20497
20543
20575
20585
20615
20625
20626
20629
20635
20638
20660
20664
20670
20711
20714
20748
20749
20757
20797
20798
20802
20804
20817
20824
20850
20899
20918
20921
20943
21064
21072
21123
21135
21170
21175
21178
21183
21184
21300
21305
21309
21385
21396
21405
21410
21422
21434
21482
21497
21500
21541
21543
21547
21564
21643
21644
21663
21666
21723
21789
21822
21947
21971
21972
21988
22051
22107
22235
22249
22292
22295
22326
22351
22443
22450
22491
22608
22735
22745
22763
22836
22857
22898
22921
22932
23026
23152
23155
23227
23263
23273
23349
23399
23402
23406
23408
23411
23412
23415
23421
23436
23450
23455
23495
23502
23546
23588
23591
23607
23633
23692
23712
23788
23790
23850
23873
23939
23959
23976
24035
24061
24068
24085
24110
24161
24200
24235
24288
24322
24335
24390
24569
24570
24627
24649
24739
24766
24791
24834
24860
24889
24919
24945
24950
25047
25051
25054
25057
25059
25064
25068
25073
25129
25163
25190
25215
25457
25498
25509
25510
25515
25518
25525
25543
25550
25591
25598
25612
25618
25624
25627
25632
25633
25638
25640
25644
25645
25700
25702
25725
25736
25816
25841
25866
25969
25978
26063
26178
26181
26228
26248
26310
26316
26343
26379
26380
26382
26387
26396
26399
26409
26412
26417
26445
26470
26482
26598
26689
26982
26989
27044
27081
27083
27085
27117
27126
27130
27131
27133
27134
27258
27274
27279
27323
27396
27450
27456
27470
27489
27607
27683
27770
27782
27811
27840
27894
27900
27901
27904
27906
27912
27915
27947
27987
28002
28028
28094
28104
28140
28155
28199
28205
28266
28283
28323
28353
28383
28421
28535
28629
28677
28679
28739
28765
28796
28811
28812
28813
28815
28831
28833
28836
28882
28908
29073
29095
29172
29211
29312
29461
29545
29562
29575
29578
29838
29933
29976
30037
30085
30127
30173
30286
30289
30291
30299
30300
30322
30376
30391
30411
30421
30431
30434
30489
30559
30648
30662
30794
30831
30907
30946
30997
31027
31052
31066
31194
31206
31228
31285
31287
31556
31590
31645
31663
31890
31939
31948
31962
31964
31968
31996
32026
32174
32176
32180
32181
32182
32183
32219
32310
32332
32375
32554
32594
32628
32674
32721
32724
32735
32737
32738
32739
32741
32814
32953
32958
33067
33151
33152
33200
33293
33327
33433
33501
33524
33613
33617
33622
33624
33625
33627
33629
33631
33807
33849
33874
33949
34067
34422
34448
34488
34500
34502
34503
34539
34726
34801
34860
34940
34966
35008
35117
35240
35250
35338
35418
35442
35481
35562
35615
35718
35965
36023
36108
36124
36245
36316
36358
36377
36379
36402
36412
36488
36523
36582
36705
36709
36761
36870
36921
36929
37036
37082
37139
37422
37452
37470
37521
37589
37591
37694
37724
37725
37736
37740
37757
37865
38001
38111
38219
38220
38273
38371
