0 19
1 19
2 19
0 10
1 10
3 19
4 19
0 27
0 37
0 30
1 37
1 30
0 1
2 37
0 44
3 37
2 30
3 30
1 27
0 18
0 26
4 30
2 44
2 10
1 18
0 17
4 37
1 1
0 24
1 44
2 18
0 47
2 40
1 24
0 12
2 31
1 26
3 18
2 39
2 26
2 1
1 47
2 47
2 11
3 1
2 28
0 38
3 10
0 11
3 40
2 43
0 35
2 24
0 8
1 38
2 38
1 17
1 12
1 11
2 17
0 32
2 6
0 21
4 18
1 35
2 35
3 35
1 8
0 5
2 27
0 23
3 31
3 43
1 5
0 3
2 8
2 5
0 43
3 11
0 40
1 21
2 21
4 35
0 31
4 11
3 6
1 40
1 23
4 10
3 44
4 40
3 47
3 5
2 23
0 6
1 3
0 25
2 3
3 3
4 3
1 43
3 23
3 21
0 28
3 38
2 49
2 41
2 12
1 25
4 5
1 31
1 32
0 34
4 43
2 25
0 39
1 34
1 28
0 14
2 32
3 25
0 22
3 26
0 13
2 13
4 1
4 25
0 48
0 42
1 14
1 22
2 14
4 44
0 49
4 23
4 38
1 39
2 22
1 48
2 34
3 27
3 22
0 29
2 7
3 7
0 9
1 29
0 41
3 24
0 46
2 29
2 48
1 42
4 26
3 48
2 2
2 42
3 12
3 29
0 20
1 13
3 42
1 46
3 39
2 46
3 32
0 15
1 41
3 14
4 48
4 14
3 41
1 9
1 20
3 17
0 0
2 20
4 42
4 7
0 33
0 45
3 20
4 21
3 13
4 32
1 6
3 46
0 36
1 45
4 17
4 12
1 15
0 16
1 49
2 9
4 47
2 15
0 4
4 20
4 13
3 2
1 16
1 36
1 33
0 2
4 24
4 6
1 4
4 22
4 39
1 2
2 16
4 29
4 31
4 41
4 46
2 4
4 27
3 34
3 15
3 8
4 34
3 9
4 15
2 36
3 16
3 28
1 0
4 28
2 0
3 4
3 49
4 4
2 45
4 2
4 49
2 33
4 8
3 45
3 36
4 16
4 45
3 33
4 36
0 7
4 9
1 7
3 0
4 33
4 0

Score: 135.05999999999995