0
0
3
4
6
7
9
12
13
14
17
19
24
26
27
34
35
39
40
44
46
47
49
50
51
54
58
63
66
67
69
70
77
80
84
86
91
93
94
98
100
104
109
110
120
124
126
127
129
133
144
148
150
152
158
159
160
162
164
165
167
175
178
187
189
190
191
192
196
197
199
204
205
208
209
210
214
215
216
218
220
221
223
226
230
236
241
247
252
254
257
260
265
268
271
272
273
275
276
277
278
279
285
286
292
298
299
301
306
349
355
369
371
376
380
381
383
387
388
394
398
400
404
410
412
414
415
418
419
420
423
424
427
430
433
439
441
442
443
444
445
446
448
449
450
452
454
456
458
459
462
464
469
470
474
476
478
479
485
489
490
491
500
510
513
520
524
529
532
534
535
537
540
541
543
550
553
557
558
563
565
566
569
574
575
576
577
579
581
585
595
598
603
604
605
606
607
611
613
615
620
621
625
626
627
628
634
635
640
647
649
650
654
656
657
658
660
667
669
672
673
674
675
680
681
683
684
689
690
692
699
700
703
706
708
709
712
720
721
722
723
727
730
733
735
738
744
749
751
757
759
761
763
765
766
767
770
771
777
778
779
788
792
794
795
797
798
800
803
804
805
807
808
809
810
811
815
817
819
821
822
826
828
829
830
832
834
839
841
843
849
855
858
859
860
861
863
865
869
872
873
874
875
876
878
881
883
885
889
894
895
896
898
900
901
904
905
906
909
910
911
912
913
916
917
920
922
923
924
925
955
958
963
975
976
991
992
1004
1006
1010
1011
1012
1013
1016
1019
1021
1023
1025
1026
1028
1030
1031
1037
1038
1040
1042
1046
1051
1052
1055
1058
1061
1063
1066
1067
1069
1072
1074
1078
1081
1083
1087
1092
1093
1096
1099
1101
1102
1104
1106
1108
1114
1118
1121
1122
1123
1126
1128
1133
1135
1140
1149
1153
1154
1155
1156
1159
1161
1162
1163
1167
1169
1172
1174
1179
1180
1181
1184
1186
1187
1190
1191
1192
1196
1198
1202
1203
1207
1208
1210
1212
1213
1216
1218
1219
1222
1226
1228
1229
1232
1234
1235
1239
1245
1246
1248
1251
1257
1262
1263
1264
1265
1268
1269
1277
1280
1285
1287
1288
1289
1293
1295
1297
1299
1302
1303
1304
1309
1310
1311
1313
1314
1316
1319
1320
1322
1323
1324
1326
1329
1333
1336
1339
1340
1341
1347
1348
1349
1354
1355
1356
1358
1365
1367
1369
1372
1391
1397
1408
1411
1416
1421
1426
1430
1431
1432
1433
1438
1440
1442
1444
1448
1449
1453
1454
1459
1462
1463
1468
1470
1472
1473
1474
1476
1478
1480
1482
1483
1485
1487
1489
1491
1493
1494
1498
1499
1502
1503
1505
1506
1508
1512
1513
1514
1515
1516
1519
1521
1525
1529
1530
1532
1537
1538
1539
1541
1542
1546
1553
1556
1558
1559
1561
1563
1565
1566
1567
1570
1572
1573
1574
1576
1578
1580
1581
1583
1585
1586
1587
1588
1591
1595
1598
1605
1606
1608
1613
1614
1615
1617
1619
1622
1624
1629
1631
1633
1638
1642
1643
1644
1646
1648
1649
1654
1655
1658
1661
1666
1667
1668
1670
1673
1677
1679
1681
1683
1684
1686
1688
1689
1692
1694
1695
1697
1702
1703
1705
1706
1708
1709
1710
1711
1713
1716
1718
1719
1720
1723
1727
1731
1733
1734
1736
1739
1740
1742
1744
1746
1748
1751
1754
1757
1764
1765
1768
1770
1771
1773
1775
1777
1779
1784
1787
1788
1791
1792
1794
1796
1798
1799
1802
1803
1804
1806
1808
1810
1811
1812
1816
1817
1819
1821
1825
1828
1830
1833
1835
1836
1838
1842
1846
1848
1852
1854
1856
1859
1861
1863
1864
1865
1866
1868
1870
1872
1874
1875
1880
1881
1883
1885
1886
1888
1889
1890
1892
1894
1899
1901
1902
1905
1908
1910
1913
1927
1932
1935
1946
1950
1954
1955
1956
1958
1960
1961
1964
1965
1967
1968
1971
1973
1978
1981
1984
1985
1992
1998
1999
2000
2002
2004
2006
2008
2009
2010
2012
2013
2015
2017
2019
2021
2025
2026
2028
2029
2030
2032
2033
2036
2037
2038
2039
2042
2043
2044
2046
2051
2052
2055
2058
2060
2062
2065
2067
2069
2073
2074
2077
2079
2081
2083
2087
2088
2089
2090
2091
2096
2099
2101
2103
2104
2105
2107
2109
2111
2112
2115
2116
2118
2119
2123
2128
2133
2134
2141
2143
2148
2151
2153
2156
2159
2161
2162
2164
2167
2169
2170
2171
2173
2174
2175
2177
2180
2183
2186
2188
2192
2200
2201
2204
2206
2208
2210
2212
2216
2218
2220
2221
2223
2226
2228
2231
2235
2237
2238
2239
2240
2241
2243
2245
2247
2249
2251
2252
2256
2260
2263
2268
2270
2273
2274
2284
2304
2310
2311
2313
2315
2317
2319
2320
2323
2324
2326
2328
2329
2332
2333
2334
2337
2338
2339
2344
2346
2348
2352
2357
2360
2362
2364
2368
2370
2371
2374
2376
2378
2381
2382
2383
2384
2385
2388
2390
2392
2398
2401
2414
2415
2417
2418
2420
2421
2425
2426
2432
2434
2437
2439
2440
2442
2443
2451
2454
2455
2456
2460
2464
2467
2471
2472
2476
2480
2482
2486
2487
2488
2492
2494
2497
2501
2502
2503
2505
2509
2511
2514
2515
2519
2520
2523
2524
2527
2533
2550
2553
2555
2557
2558
2560
2564
2570
2572
2573
2581
2586
2591
2593
2594
2595
2597
2600
2603
2604
2606
2607
2609
2611
2612
2615
2617
2618
2621
2622
2623
2624
2628
2630
2632
2638
2654
2663
2665
2666
2669
2673
2675
2680
2686
2688
2695
2697
2699
2700
2703
2708
2712
2716
2719
2721
2726
2728
2730
2731
2735
2738
2740
2743
2744
2747
2748
2749
2757
2759
2761
2763
2767
2769
2770
2772
2777
2781
2783
2789
2793
2796
2799
2800
2801
2803
2807
2808
2809
2810
2812
2815
2817
2820
2822
2824
2825
2827
2828
2829
2830
2834
2837
2840
2846
2847
2849
2850
2852
2854
2855
2856
2857
2860
2869
2875
2877
2882
2886
2887
2890
2892
2893
2895
2896
2901
2903
2905
2906
2907
2909
2910
2911
2912
2913
2915
2917
2921
2922
2929
2931
2933
2935
2936
2938
2941
2945
2948
2951
2954
2959
2961
2963
2966
2967
2971
2972
2974
2980
2981
2986
2988
2992
2993
2994
2996
3001
3003
3004
3007
3008
3010
3012
3015
3017
3022
3023
3024
3025
3026
3030
3033
3037
3039
3042
3044
3047
3050
3052
3055
3056
3058
3060
3062
3063
3065
3066
3068
3070
3075
3076
3078
3081
3082
3083
3086
3087
3091
3095
3096
3098
3101
3103
3104
3105
3106
3107
3110
3111
3113
3115
3118
3119
3121
3123
3124
3126
3127
3128
3129
3130
3132
3134
3138
3139
3141
3144
3145
3148
3150
3155
3157
3158
3159
3161
3162
3164
3165
3168
3169
3171
3172
3173
3175
3176
3178
3179
3180
3184
3185
3186
3190
3193
3195
3196
3198
3199
3202
3203
3204
3205
3206
3209
3211
3214
3215
3217
3218
3220
3221
3225
3227
3228
3231
3234
3238
3240
3241
3244
3246
3248
3250
3251
3252
3255
3258
3260
3261
3266
3267
3268
3271
3272
3273
3274
3278
3281
3283
3285
3287
3288
3291
3293
3295
3302
3305
3307
3309
3311
3316
3318
3320
3323
3324
3326
3329
3333
3336
3337
3345
3347
3348
3349
3353
3354
3357
3361
3364
3366
3368
3371
3372
3374
3376
3379
3381
3382
3383
3385
3387
3389
3390
3393
3396
3399
3401
3403
3408
3414
3417
3418
3420
3421
3426
3428
3429
3431
3435
3436
3438
3439
3440
3459
3462
3466
3467
3493
3504
3515
3527
3528
3533
3556
3558
3559
3560
3561
3564
3566
3569
3571
3574
3578
3579
3581
3582
3583
3584
3585
3593
3598
3601
3608
3615
3627
3629
3630
3631
3635
3637
3640
3641
3642
3646
3647
3648
3650
3652
3653
3658
3659
3662
3664
3666
3667
3670
3671
3672
3674
3676
3677
3679
3681
3684
3685
3687
3690
3692
3696
3697
3698
3703
3705
3707
3708
3712
3715
3716
3718
3720
3721
3722
3727
3732
3734
3735
3736
3738
3740
3743
3744
3745
3758
3766
3775
3778
3799
3801
3803
3805
3811
3812
3814
3815
3816
3818
3821
3823
3825
3827
3828
3831
3832
3833
3837
3841
3845
3849
3851
3853
3856
3858
3863
3865
3867
3868
3870
3871
3876
3878
3879
3880
3881
3884
3885
3886
3890
3892
3894
3895
3896
3898
3899
3900
3901
3902
3903
3904
3905
3909
3913
3916
3918
3922
3923
3924
3926
3929
3930
3931
3932
3933
3939
3940
3942
3943
3944
3945
3951
3954
3955
3962
3966
3969
3970
3971
3975
3976
3977
3980
3982
3984
3986
3987
3988
3993
3995
3997
4001
4005
4006
4015
4021
4023
4024
4028
4032
4036
4037
4043
4045
4046
4049
4052
4056
4059
4061
4065
4071
4073
4077
4098
4139
4140
4142
4157
4162
4163
4165
4167
4168
4170
4171
4173
4174
4176
4182
4185
4187
4189
4192
4194
4196
4200
4201
4202
4206
4207
4214
4219
4220
4222
4224
4225
4228
4229
4230
4232
4233
4234
4236
4238
4240
4244
4245
4249
4250
4252
4253
4255
4257
4258
4259
4261
4262
4263
4266
4268
4269
4273
4277
4278
4281
4282
4284
4286
4288
4289
4290
4297
4300
4308
4309
4312
4314
4317
4320
4321
4322
4323
4327
4328
4331
4332
4333
4334
4336
4338
4342
4343
4344
4346
4347
4349
4352
4353
4355
4356
4361
4362
4364
4366
4371
4372
4373
4376
4378
4379
4381
4382
4385
4387
4388
4389
4390
4392
4394
4395
4403
4406
4408
4409
4413
4416
4417
4420
4423
4424
4426
4427
4428
4430
4431
4436
4439
4442
4443
4449
4453
4462
4464
4469
4474
4477
4478
4480
4490
4500
4506
4514
4518
4520
4522
4523
4528
4534
4535
4538
4540
4541
4542
4544
4545
4548
4549
4550
4551
4554
4556
4557
4558
4561
4563
4566
4569
4572
4573
4574
4579
4581
4582
4586
4594
4599
4601
4602
4603
4604
4606
4607
4608
4613
4620
4623
4626
4632
4634
4637
4640
4642
4643
4646
4647
4652
4656
4659
4660
4662
4663
4667
4670
4675
4676
4677
4680
4681
4683
4684
4688
4692
4693
4696
4700
4703
4704
4707
4711
4714
4717
4719
4722
4725
4730
4733
4735
4737
4741
4743
4746
4751
4752
4771
4775
4788
4791
4794
4800
4802
4805
4810
4828
4834
4841
4848
4853
4857
4859
4861
4865
4867
4868
4870
4871
4874
4878
4881
4921
4923
4927
4933
4935
4936
4937
4938
4943
4945
4946
4947
4950
4952
4955
4958
4961
4965
4968
4972
4976
4977
4980
4983
4998
5002
5003
5004
5005
5007
5008
5009
5011
5012
5016
5018
5019
5020
5024
5027
5030
5032
5033
5034
5036
5039
5041
5042
5043
5045
5051
5052
5055
5056
5057
5058
5061
5062
5064
5065
5069
5070
5075
5077
5078
5082
5084
5089
5092
5094
5096
5098
5100
5102
5105
5112
5125
5134
5135
5136
5138
5144
5146
5149
5150
5152
5153
5155
5157
5159
5164
5165
5167
5170
5172
5173
5175
5180
5182
5184
5186
5187
5190
5197
5199
5200
5201
5205
5210
5212
5213
5214
5217
5222
5224
5226
5227
5228
5229
5230
5231
5232
5233
5234
5235
5236
5243
5247
5249
5251
5253
5254
5256
5258
5259
5261
5262
5264
5266
5267
5269
5273
5274
5277
5278
5279
5281
5283
5296
5297
5302
5304
5307
5308
5312
5315
5323
5325
5328
5332
5342
5344
5346
5357
5358
5360
5363
5364
5366
5369
5370
5372
5375
5376
5379
5380
5383
5385
5388
5391
5392
5396
5401
5404
5406
5407
5409
5411
5415
5418
5419
5422
5423
5426
5429
5432
5439
5440
5455
5458
5459
5479
5482
5485
5486
5489
5494
5495
5497
5503
5505
5511
5512
5513
5515
5517
5518
5519
5524
5525
5527
5528
5529
5530
5531
5534
5535
5538
5542
5544
5547
5550
5551
5552
5563
5568
5570
5571
5572
5573
5574
5577
5580
5581
5583
5585
5586
5587
5588
5590
5591
5592
5594
5597
5603
5604
5606
5610
5615
5617
5620
5621
5622
5623
5627
5628
5632
5634
5635
5637
5638
5641
5642
5643
5645
5654
5675
5681
5687
5694
5695
5698
5703
5704
5705
5709
5714
5716
5738
5741
5744
5747
5749
5752
5754
5756
5758
5761
5766
5767
5771
5772
5775
5778
5779
5780
5785
5789
5792
5795
5797
5800
5801
5802
5804
5806
5808
5811
5813
5816
5819
5824
5825
5830
5836
5840
5845
5849
5852
5854
5856
5858
5859
5862
5863
5864
5868
5872
5873
5874
5878
5879
5880
5883
5884
5888
5889
5890
5893
5894
5897
5898
5899
5901
5902
5903
5908
5910
5913
5914
5915
5918
5920
5921
5925
5928
5930
5932
5933
5937
5939
5940
5942
5943
5944
5950
5951
5952
5956
5958
5959
5960
5961
5962
5963
5964
5965
5967
5969
5972
5974
5976
5979
5982
5984
5985
5986
5987
5989
5990
5991
5993
5994
5997
5998
5999
6000
6003
6007
6008
6010
6011
6016
6021
6022
6024
6025
6028
6029
6030
6031
6032
6037
6038
6039
6040
6042
6045
6047
6049
6051
6053
6055
6061
6068
6069
6071
6072
6074
6075
6076
6077
6079
6082
6084
6085
6087
6088
6089
6091
6094
6097
6098
6099
6100
6102
6104
6109
6110
6112
6114
6119
6121
6124
6125
6128
6129
6130
6132
6135
6138
6140
6141
6143
6145
6146
6150
6151
6154
6157
6160
6161
6164
6166
6169
6171
6174
6177
6180
6185
6187
6189
6193
6196
6197
6200
6201
6203
6205
6208
6210
6211
6212
6214
6216
6219
6220
6227
6228
6231
6232
6233
6239
6240
6241
6244
6246
6248
6250
6253
6254
6257
6259
6260
6261
6263
6265
6271
6273
6277
6278
6279
6282
6284
6287
6290
6292
6293
6297
6300
6304
6305
6308
6311
6314
6316
6317
6320
6322
6325
6328
6329
6331
6332
6335
6336
6339
6340
6341
6345
6346
6351
6352
6353
6355
6356
6360
6364
6366
6368
6370
6373
6374
6378
6380
6385
6389
6390
6393
6395
6396
6400
6402
6404
6406
6408
6409
6412
6414
6419
6420
6422
6423
6424
6431
6433
6434
6436
6438
6441
6443
6447
6450
6451
6455
6457
6460
6462
6466
6468
6469
6470
6471
6472
6474
6476
6477
6479
6482
6483
6488
6490
6493
6494
6497
6498
6500
6501
6502
6503
6505
6510
6512
6515
6516
6522
6523
6526
6527
6529
6530
6531
6533
6538
6544
6546
6547
6549
6552
6558
6559
6560
6562
6565
6566
6571
6573
6575
6577
6579
6581
6584
6587
6592
6593
6595
6598
6600
6601
6604
6605
6610
6611
6612
6615
6618
6620
6621
6623
6625
6627
6634
6637
6638
6639
6642
6643
6645
6648
6671
6683
6719
6720
6723
6724
6727
6729
6732
6733
6735
6740
6744
6745
6747
6750
6751
6753
6755
6757
6759
6761
6762
6763
6765
6769
6771
6773
6775
6782
6786
6788
6790
6792
6793
6794
6797
6799
6800
6803
6805
6807
6809
6814
6815
6816
6818
6819
6822
6824
6828
6829
6836
6837
6839
6851
6857
6860
6863
6864
6874
6877
6880
6881
6892
6896
6900
6901
6903
6905
6906
6908
6910
6914
6919
6920
6921
6922
6924
6927
6928
6929
6930
6938
6939
6942
6943
6944
6945
6946
6948
6949
6950
6954
6955
6956
6957
6958
6959
6963
6965
6970
6971
6973
6977
6978
6979
6982
6984
6986
6989
6991
7003
7008
7017
7020
7023
7025
7026
7028
7030
7032
7034
7040
7044
7076
7079
7096
7101
7123
7128
7129
7130
7132
7133
7137
7138
7139
7145
7146
7148
7159
7160
7161
7163
7165
7169
7170
7175
7178
7180
7182
7185
7187
7194
7196
7216
7236
7237
7239
7241
7243
7245
7251
7267
7270
7274
7278
7280
7284
7286
7288
7291
7292
7295
7298
7299
7300
7301
7304
7305
7307
7308
7312
7313
7314
7316
7321
7326
7327
7329
7330
7331
7332
7333
7335
7338
7340
7341
7343
7347
7348
7350
7351
7352
7355
7358
7359
7360
7361
7364
7370
7371
7372
7374
7376
7378
7379
7380
7381
7384
7386
7389
7394
7398
7400
7403
7405
7411
7412
7417
7422
7424
7427
7429
7430
7431
7432
7434
7437
7438
7439
7440
7442
7446
7447
7449
7451
7452
7455
7456
7457
7460
7467
7470
7471
7474
7475
7476
7478
7479
7481
7484
7487
7490
7491
7492
7496
7498
7499
7504
7507
7509
7510
7516
7518
7521
7528
7532
7533
7534
7538
7539
7540
7546
7551
7553
7555
7561
7563
7566
7567
7569
7571
7572
7573
7575
7577
7578
7583
7585
7586
7587
7596
7598
7608
7609
7611
7612
7620
7628
7629
7630
7632
7635
7638
7639
7640
7642
7643
7644
7649
7650
7652
7654
7658
7662
7663
7665
7668
7669
7674
7679
7681
7686
7690
7692
7693
7694
7696
7699
7701
7703
7709
7710
7711
7713
7716
7718
7720
7721
7722
7725
7726
7727
7729
7731
7732
7734
7737
7738
7739
7740
7744
7745
7746
7747
7750
7751
7752
7754
7756
7757
7762
7767
7771
7772
7774
7777
7778
7780
7781
7782
7784
7789
7791
7793
7795
7802
7804
7805
7807
7808
7810
7812
7814
7815
7816
7821
7824
7825
7826
7831
7834
7837
7839
7840
7843
7844
7848
7854
7856
7858
7859
7861
7863
7864
7865
7866
7867
7869
7873
7875
7877
7881
7883
7885
7888
7893
7895
7898
7899
7900
7928
7929
7935
7946
7949
7954
7959
7961
7966
7974
7975
7980
7986
7987
7988
7989
7992
7994
7996
7998
8000
8007
8009
8012
8013
8017
8019
8021
8022
8024
8031
8032
8035
8036
8037
8042
8043
8044
8045
8048
8049
8051
8053
8056
8059
8064
8068
8072
8077
8078
8080
8084
8087
8088
8091
8092
8094
8098
8100
8104
8105
8108
8109
8111
8113
8116
8117
8118
8119
8120
8123
8124
8125
8126
8132
8135
8136
8140
8141
8142
8144
8147
8148
8152
8156
8161
8166
8181
8194
8199
8217
8223
8236
8237
8239
8243
8245
8248
8249
8253
8256
8257
8259
8260
8265
8268
8270
8273
8275
8276
8283
8284
8288
8290
8295
8296
8300
8303
8341
8347
8349
8351
8355
8358
8363
8364
8365
8366
8368
8371
8374
8378
8382
8390
8395
8398
8404
8408
8411
8412
8414
8415
8418
8420
8421
8422
8428
8429
8433
8435
8438
8441
8445
8447
8448
8451
8454
8455
8458
8461
8463
8467
8471
8472
8478
8481
8482
8484
8485
8486
8492
8494
8498
8499
8502
8507
8511
8513
8514
8516
8517
8518
8520
8521
8522
8525
8526
8527
8530
8532
8534
8535
8540
8541
8543
8544
8546
8547
8548
8550
8552
8553
8558
8560
8561
8562
8567
8568
8570
8572
8574
8575
8578
8582
8585
8588
8590
8594
8597
8599
8600
8602
8603
8604
8607
8608
8611
8617
8619
8622
8626
8628
8629
8633
8634
8636
8637
8641
8643
8645
8649
8650
8651
8653
8654
8655
8657
8659
8663
8664
8668
8669
8670
8671
8678
8681
8682
8683
8687
8691
8693
8697
8699
8701
8702
8703
8704
8706
8709
8710
8716
8718
8720
8721
8724
8725
8726
8732
8734
8739
8741
8742
8747
8752
8753
8755
8756
8757
8759
8761
8763
8764
8769
8770
8771
8776
8777
8778
8780
8781
8782
8783
8785
8786
8788
8791
8794
8797
8798
8799
8801
8803
8805
8809
8810
8812
8813
8814
8831
8835
8836
8837
8838
8850
8851
8853
8877
8887
8888
8890
8896
8898
8906
8913
8915
8917
8920
8921
8927
8930
8938
8945
8947
8949
8975
8976
8981
8983
8985
8988
8991
8995
8996
8997
9000
9001
9003
9005
9008
9014
9017
9019
9021
9022
9024
9025
9027
9029
9030
9032
9033
9034
9040
9041
9045
9046
9047
9049
9050
9052
9057
9058
9060
9061
9062
9063
9064
9067
9072
9074
9075
9076
9077
9078
9082
9085
9092
9097
9099
9100
9102
9104
9108
9110
9111
9112
9113
9118
9119
9121
9123
9126
9130
9132
9133
9134
9136
9138
9139
9140
9144
9145
9148
9149
9151
9152
9158
9160
9163
9165
9169
9171
9176
9179
9180
9183
9186
9187
9188
9192
9193
9195
9197
9200
9203
9205
9206
9210
9211
9214
9217
9219
9221
9225
9226
9227
9231
9232
9235
9237
9239
9240
9244
9246
9249
9251
9253
9255
9256
9258
9263
9264
9266
9268
9270
9272
9274
9276
9281
9283
9285
9287
9289
9291
9295
9296
9300
9303
9304
9307
9309
9311
9314
9316
9317
9319
9321
9325
9326
9335
9337
9340
9341
9342
9345
9346
9351
9352
9353
9354
9356
9358
9360
9361
9364
9366
9367
9370
9372
9375
9377
9379
9380
9382
9385
9387
9388
9391
9394
9397
9399
9402
9404
9405
9406
9408
9411
9413
9415
9416
9418
9420
9423
9424
9427
9428
9432
9435
9436
9438
9439
9440
9443
9446
9448
9450
9453
9457
9463
9464
9468
9469
9470
9472
9474
9476
9477
9478
9479
9481
9484
9494
9505
9519
9522
9528
9530
9531
9532
9533
9541
9544
9546
9548
9557
9559
9566
9568
9569
9576
9577
9580
9590
9593
9599
9601
9602
9603
9627
9631
9635
9638
9643
9644
9649
9652
9657
9665
9674
9676
9682
9683
9688
9692
9694
9696
9699
9701
9704
9707
9710
9713
9714
9715
9717
9719
9720
9724
9726
9727
9730
9731
9733
9735
9737
9744
9747
9748
9749
9750
9754
9756
9760
9762
9764
9767
9769
9772
9774
9776
9778
9779
9781
9782
9785
9787
9788
9792
9793
9794
9795
9799
9802
9805
9807
9809
9810
9812
9813
9816
9821
9823
9829
9830
9861
9862
9870
9871
9872
9874
9878
9879
9880
9882
9885
9887
9888
9891
9894
9895
9913
9928
9930
9933
9935
9936
9937
9938
9940
9942
9947
9948
9950
9952
9959
9961
9962
9966
9969
9971
9972
9975
9976
9977
9979
9982
9983
9985
9986
9987
9988
9990
9993
9995
9997
9998
9999
10002
10004
10005
10013
10015
10016
10018
10022
10024
10026
10028
10029
10031
10032
10033
10035
10038
10040
10042
10043
10046
10047
10051
10052
10053
10055
10056
10058
10062
10063
10064
10066
10067
10071
10073
10075
10077
10080
10081
10082
10089
10090
10094
10100
10101
10103
10105
10106
10107
10109
10113
10114
10121
10129
10131
10132
10133
10135
10139
10140
10141
10144
10147
10148
10150
10153
10159
10161
10164
10165
10167
10169
10178
10179
10182
10184
10189
10190
10193
10200
10204
10207
10208
10212
10214
10227
10231
10234
10236
10239
10242
10247
10249
10250
10253
10255
10259
10264
10267
10268
10273
10283
10284
10287
10290
10292
10295
10297
10301
10309
10311
10312
10313
10318
10325
10327
10329
10330
10333
10337
10345
10346
10352
10353
10359
10360
10361
10363
10367
10373
10374
10376
10377
10378
10379
10382
10383
10385
10390
10392
10394
10397
10398
10400
10404
10405
10408
10414
10417
10423
10424
10433
10435
10436
10437
10438
10439
10441
10442
10444
10448
10450
10452
10453
10454
10457
10461
10463
10466
10467
10468
10469
10479
10487
10490
10491
10492
10493
10494
10496
10499
10500
10501
10503
10505
10509
10510
10511
10513
10515
10520
10521
10524
10525
10526
10528
10531
10533
10534
10537
10539
10540
10544
10549
10551
10552
10554
10556
10558
10560
10563
10565
10572
10573
10575
10581
10583
10590
10593
10594
10596
10598
10599
10601
10604
10607
10611
10612
10616
10621
10626
10631
10634
10637
10640
10642
10643
10646
10647
10651
10653
10657
10659
10663
10665
10672
10673
10674
10676
10678
10679
10682
10683
10685
10687
10689
10690
10691
10695
10698
10699
10702
10705
10708
10711
10714
10715
10716
10718
10720
10721
10723
10724
10726
10730
10732
10736
10739
10740
10741
10742
10746
10748
10749
10753
10755
10757
10758
10759
10763
10765
10766
10769
10771
10772
10774
10776
10777
10781
10783
10785
10787
10789
10792
10795
10797
10799
10801
10805
10809
10829
10834
10835
10836
10839
10843
10846
10853
10856
10857
10858
10859
10860
10863
10865
10870
10882
10883
10885
10886
10889
10891
10892
10897
10899
10904
10905
10907
10910
10915
10917
10919
10921
10924
10927
10936
10937
10938
10941
10944
10952
10953
10957
10963
10969
10973
10980
10982
10985
10992
10995
10997
10998
10999
11003
11005
11007
11008
11009
11014
11016
11018
11019
11023
11033
11046
11077
11078
11081
11082
11085
11087
11092
11095
11099
11100
11104
11107
11114
11116
11117
11118
11120
11123
11124
11126
11131
11139
11150
11179
11181
11191
11237
11276
11280
11281
11283
11300
11348
11356
11392
11393
11400
11427
11432
11437
11475
11505
11511
11535
11559
11564
11565
11566
11567
11570
11575
11580
11582
11583
11586
11590
11591
11595
11596
11597
11598
11600
11602
11603
11604
11606
11607
11609
11611
11613
11615
11620
11623
11625
11627
11628
11630
11633
11636
11637
11638
11641
11643
11645
11646
11652
11653
11660
11664
11667
11668
11670
11671
11675
11676
11679
11680
11681
11687
11689
11690
11694
11696
11701
11702
11714
11743
11757
11758
11762
11763
11767
11769
11771
11772
11778
11779
11790
11792
11798
11804
11806
11807
11815
11829
11837
11857
11860
11861
11863
11870
11874
11875
11877
11879
11883
11884
11885
11886
11888
11890
11893
11894
11895
11896
11897
11900
11902
11905
11909
11911
11912
11915
11918
11922
11924
11925
11928
11931
11935
11937
11941
11946
11953
11956
11958
11960
11961
11963
11965
11967
11971
11972
11974
11978
11980
11988
12028
12031
12033
12046
12060
12070
12071
12075
12077
12079
12080
12084
12086
12089
12091
12094
12095
12098
12100
12101
12102
12104
12106
12108
12109
12111
12113
12114
12118
12120
12121
12124
12127
12128
12129
12131
12133
12137
12138
12139
12140
12142
12145
12146
12149
12151
12153
12157
12159
12161
12165
12170
12172
12175
12178
12183
12186
12188
12193
12202
12221
12222
12226
12229
12234
12235
12238
12240
12244
12245
12246
12247
12248
12251
12254
12256
12258
12260
12261
12262
12265
12266
12267
12270
12271
12276
12277
12278
12280
12285
12286
12303
12307
12311
12321
12332
12333
12334
12335
12337
12339
12341
12343
12346
12352
12358
12362
12364
12367
12371
12373
12375
12377
12385
12386
12390
12392
12394
12398
12399
12403
12405
12406
12411
12414
12416
12425
12427
12428
12433
12435
12437
12440
12442
12443
12445
12448
12450
12451
12452
12454
12455
12457
12458
12459
12460
12464
12469
12471
12473
12476
12479
12480
12481
12486
12489
12490
12491
12492
12495
12497
12500
12503
12505
12506
12507
12512
12516
12517
12518
12519
12520
12522
12523
12525
12526
12528
12529
12531
12532
12538
12551
12552
12553
12554
12555
12576
12588
12589
12592
12594
12595
12597
12599
12600
12602
12603
12608
12610
12611
12612
12615
12616
12619
12623
12625
12626
12627
12630
12633
12634
12639
12642
12643
12662
12663
12666
12691
12692
12701
12708
12730
12732
12733
12735
12741
12742
12745
12747
12748
12749
12750
12751
12752
12756
12757
12760
12761
12763
12782
12801
12811
12813
12823
12825
12828
12830
12833
12840
12842
12843
12845
12846
12852
12857
12858
12863
12864
12865
12868
12869
12870
12872
12875
12877
12880
12881
12882
12883
12887
12892
12896
12897
12903
12905
12908
12911
12913
12914
12916
12918
12919
12923
12924
12929
12932
12933
12935
12936
12937
12941
12943
12944
12945
12948
12953
12954
12957
12958
12959
12966
12971
12974
12975
12977
12978
12980
12982
12985
12987
12990
12993
13000
13001
13003
13004
13007
13008
13010
13011
13014
13015
13016
13018
13021
13022
13024
13027
13032
13035
13036
13041
13045
13046
13047
13052
13054
13057
13061
13064
13066
13067
13068
13069
13072
13073
13078
13079
13082
13084
13086
13088
13089
13093
13094
13095
13101
13103
13106
13107
13109
13110
13113
13130
13133
13134
13136
13139
13144
13149
13152
13153
13154
13160
13165
13167
13168
13169
13171
13172
13176
13177
13180
13188
13190
13192
13193
13195
13197
13200
13201
13205
13207
13209
13210
13213
13215
13216
13217
13219
13220
13222
13224
13226
13228
13232
13234
13235
13239
13241
13242
13245
13246
13247
13248
13250
13253
13254
13256
13265
13270
13271
13273
13276
13277
13278
13280
13283
13284
13289
13290
13293
13295
13297
13302
13308
13309
13310
13311
13312
13314
13316
13318
13320
13324
13327
13333
13337
13338
13340
13341
13344
13345
13347
13348
13350
13352
13355
13356
13357
13360
13362
13363
13365
13366
13368
13371
13373
13376
13379
13386
13394
13407
13437
13456
13460
13472
13476
13481
13483
13485
13488
13490
13540
13554
13555
13556
13558
13561
13565
13566
13569
13574
13576
13592
13617
13619
13715
13722
13743
13748
13762
13785
13787
13809
13826
13833
13838
13845
13846
13851
13852
13854
13855
13856
13857
13858
13865
13869
13871
13874
13878
13882
13885
13889
13891
13894
13895
13942
13947
13953
13961
13966
13995
14003
14029
14036
14037
14038
14039
14045
14051
14084
14088
14110
14112
14113
14116
14122
14126
14127
14133
14140
14154
14155
14162
14163
14169
14170
14172
14174
14176
14180
14181
14182
14183
14185
14187
14189
14193
14198
14199
14203
14205
14206
14207
14211
14212
14214
14216
14222
14225
14226
14231
14234
14236
14238
14240
14243
14247
14251
14252
14254
14256
14258
14267
14268
14272
14331
14353
14361
14368
14369
14370
14371
14375
14376
14379
14381
14385
14386
14390
14394
14395
14399
14401
14408
14412
14416
14417
14419
14422
14428
14434
14435
14436
14439
14443
14447
14449
14451
14461
14469
14476
14477
14479
14494
14497
14521
14569
14570
14610
14615
14624
14626
14631
14633
14639
14643
14645
14647
14648
14653
14656
14665
14667
14671
14674
14675
14679
14683
14686
14689
14691
14695
14702
14705
14706
14707
14708
14711
14714
14717
14720
14721
14723
14724
14725
14727
14730
14736
14738
14744
14750
14751
14754
14758
14762
14765
14767
14773
14777
14779
14782
14785
14789
14790
14795
14796
14800
14802
14806
14810
14812
14814
14815
14820
14822
14823
14825
14827
14828
14831
14833
14834
14838
14839
14841
14842
14845
14849
14851
14852
14853
14854
14857
14859
14860
14864
14887
14919
14925
14926
14932
14935
14937
14950
14951
14954
14959
14966
14967
14969
14973
14974
14975
14978
14980
14983
14984
14990
14999
15000
15003
15005
15010
15012
15018
15024
15028
15032
15038
15041
15042
15043
15045
15050
15051
15055
15056
15057
15060
15064
15068
15069
15070
15073
15077
15083
15085
15089
15090
15094
15097
15099
15106
15112
15114
15115
15118
15120
15121
15125
15127
15128
15132
15135
15139
15142
15149
15152
15153
15155
15163
15164
15168
15169
15170
15186
15197
15198
15204
15218
15247
15251
15253
15256
15257
15259
15260
15261
15264
15265
15267
15269
15277
15278
15285
15289
15295
15296
15300
15302
15305
15307
15311
15312
15369
15371
15372
15377
15420
15429
15432
15433
15440
15451
15454
15456
15459
15460
15462
15463
15467
15468
15469
15470
15472
15477
15478
15480
15484
15493
15494
15496
15498
15501
15504
15508
15509
15515
15520
15528
15529
15534
15536
15537
15539
15541
15544
15545
15546
15548
15551
15552
15555
15556
15558
15561
15562
15564
15565
15568
15573
15574
15576
15578
15583
15584
15590
15591
15600
15602
15605
15607
15610
15612
15614
15617
15618
15620
15622
15623
15624
15625
15626
15627
15630
15631
15634
15637
15638
15642
15648
15649
15652
15653
15655
15657
15658
15659
15660
15663
15665
15666
15670
15674
15675
15676
15680
15683
15684
15688
15690
15691
15693
15695
15700
15702
15704
15705
15707
15708
15709
15715
15719
15721
15728
15730
15732
15733
15734
15736
15738
15744
15745
15748
15751
15754
15760
15763
15764
15766
15769
15771
15773
15774
15775
15777
15780
15783
15787
15789
15790
15791
15792
15794
15796
15798
15799
15802
15803
15806
15811
15813
15817
15818
15819
15826
15830
15831
15833
15837
15838
15840
15841
15844
15847
15848
15851
15852
15854
15858
15859
15863
15864
15868
15870
15874
15876
15877
15878
15879
15880
15882
15883
15886
15887
15892
15896
15898
15899
15901
15902
15905
15906
15907
15911
15914
15918
15919
15921
15923
15927
15930
15931
15933
15934
15942
15943
15959
15961
15962
15963
15964
15965
15966
15967
15970
15972
15974
15975
15978
15979
15982
15984
15992
15993
16002
16004
16018
16036
16054
16057
16067
16068
16072
16077
16088
16091
16092
16095
16098
16117
16141
16147
16148
16150
16192
16193
16207
16208
16210
16213
16214
16217
16222
16223
16227
16229
16234
16237
16240
16247
16248
16252
16254
16256
16260
16262
16290
16293
16295
16297
16300
16305
16308
16312
16315
16317
16320
16323
16327
16348
16365
16366
16381
16384
16386
16391
16393
16394
16397
16400
16402
16407
16408
16409
16411
16413
16419
16422
16423
16425
16426
16430
16434
16437
16438
16441
16443
16444
16446
16448
16450
16451
16454
16455
16458
16460
16462
16464
16465
16467
16468
16471
16474
16477
16480
16484
16487
16488
16489
16490
16492
16495
16497
16501
16504
16508
16514
16516
16517
16518
16520
16521
16522
16525
16526
16527
16531
16532
16533
16534
16537
16542
16550
16556
16557
16559
16561
16563
16565
16573
16574
16577
16580
16582
16585
16588
16589
16590
16592
16595
16598
16599
16600
16603
16605
16606
16608
16609
16612
16614
16616
16620
16622
16623
16624
16626
16627
16631
16632
16634
16637
16638
16641
16645
16648
16649
16650
16653
16654
16655
16658
16660
16667
16668
16694
16703
16706
16719
16721
16723
16735
16739
16741
16746
16751
16753
16754
16755
16758
16759
16761
16764
16767
16768
16775
16779
16781
16782
16786
16793
16798
16804
16805
16812
16844
16876
16912
16929
16935
16938
16947
16955
16960
16961
16962
16966
16971
16972
16973
16974
16976
16978
16981
16982
16984
16986
16991
16998
17000
17001
17003
17007
17011
17013
17016
17019
17021
17023
17030
17031
17032
17034
17037
17040
17042
17047
17048
17050
17057
17058
17062
17063
17069
17071
17075
17080
17081
17103
17119
17139
17141
17145
17146
17148
17151
17152
17155
17156
17162
17164
17168
17170
17171
17176
17180
17182
17184
17186
17188
17189
17190
17193
17196
17199
17200
17203
17205
17208
17209
17210
17212
17217
17219
17220
17222
17226
17228
17230
17231
17235
17236
17238
17239
17247
17248
17252
17253
17254
17255
17261
17263
17266
17267
17268
17269
17272
17276
17277
17279
17281
17284
17286
17288
17290
17291
17293
17294
17295
17297
17298
17306
17310
17311
17314
17315
17317
17318
17320
17321
17325
17326
17330
17331
17335
17342
17344
17348
17350
17351
17355
17360
17364
17367
17368
17372
17375
17377
17379
17380
17385
17389
17390
17391
17394
17395
17397
17399
17400
17401
17403
17405
17406
17409
17412
17417
17419
17422
17425
17426
17427
17430
17435
17438
17440
17442
17444
17445
17446
17448
17449
17452
17454
17455
17456
17457
17458
17464
17465
17469
17470
17474
17475
17476
17477
17478
17479
17483
17486
17487
17489
17490
17506
17522
17525
17526
17528
17531
17532
17534
17537
17541
17542
17543
17544
17545
17556
17563
17565
17568
17570
17574
17582
17585
17587
17590
17591
17592
17594
17598
17601
17604
17606
17608
17609
17611
17613
17615
17616
17618
17624
17631
17635
17639
17640
17642
17644
17645
17647
17652
17654
17659
17661
17665
17667
17670
17671
17672
17674
17677
17680
17683
17684
17686
17694
17695
17699
17701
17706
17711
17714
17716
17718
17720
17722
17729
17733
17735
17738
17741
17744
17746
17753
17756
17758
17760
17761
17762
17767
17768
17772
17774
17776
17780
17782
17790
17792
17800
17805
17812
17814
17817
17818
17819
17820
17822
17823
17826
17831
17832
17837
17839
17840
17841
17852
17855
17859
17862
17899
17902
17904
17910
17917
17925
17938
17945
17968
17985
17986
18002
18005
18006
18008
18009
18024
18034
18038
18042
18044
18045
18055
18057
18092
18096
18100
18101
18116
18119
18126
18136
18153
18160
18194
18197
18204
18205
18206
18224
18239
18243
18258
18259
18261
18262
18263
18265
18267
18270
18274
18280
18281
18282
18284
18285
18286
18288
18289
18297
18298
18299
18302
18307
18352
18353
18358
18376
18402
18408
18416
18425
18428
18429
18438
18450
18465
18478
18487
18504
18505
18510
18521
18523
18525
18531
18538
18539
18542
18554
18571
18608
18609
18612
18618
18619
18620
18623
18627
18630
18632
18635
18639
18648
18649
18650
18654
18656
18657
18658
18661
18663
18669
18670
18672
18675
18677
18678
18680
18682
18684
18685
18688
18697
18700
18703
18705
18707
18711
18712
18714
18715
18717
18718
18719
18722
18723
18725
18726
18730
18731
18732
18733
18735
18738
18739
18742
18745
18747
18748
18749
18752
18753
18754
18757
18763
18770
18774
18776
18777
18779
18781
18782
18783
18784
18790
18793
18794
18799
18801
18804
18807
18808
18810
18812
18814
18817
18818
18820
18822
18823
18825
18828
18830
18832
18833
18848
18852
18856
18857
18860
18890
18893
18894
18895
18896
18897
18898
18900
18902
18904
18913
18918
18920
18922
18929
18943
18944
18945
18953
18954
18960
18963
18964
18965
18966
18967
18968
18971
18975
18977
18978
18979
18985
18986
18987
18988
18989
18993
18994
18998
19000
19002
19003
19007
19008
19013
19018
19020
19023
19030
19041
19076
19093
19114
19126
19150
19153
19154
19155
19160
19162
19166
19168
19169
19171
19176
19181
19182
19188
19189
19191
19192
19193
19194
19198
19199
19202
19206
19208
19209
19212
19216
19217
19221
19223
19224
19226
19228
19231
19232
19234
19237
19238
19240
19241
19243
19244
19247
19248
19250
19253
19254
19256
19257
19260
19261
19264
19266
19267
19272
19274
19275
19276
19280
19283
19285
19287
19289
19299
19307
19331
19365
19393
19426
19436
19458
19471
19487
19490
19492
19494
19498
19500
19501
19502
19506
19513
19516
19517
19520
19522
19525
19527
19530
19535
19537
19538
19542
19544
19545
19549
19551
19552
19553
19555
19557
19559
19561
19564
19567
19570
19573
19577
19578
19581
19583
19586
19587
19590
19592
19593
19595
19597
19598
19599
19602
19604
19607
19608
19610
19613
19614
19616
19618
19619
19620
19621
19624
19626
19627
19629
19632
19634
19637
19641
19653
19656
19658
19660
19661
19662
19664
19667
19668
19669
19671
19673
19678
19680
19685
19686
19687
19689
19691
19692
19694
19696
19697
19699
19700
19702
19705
19706
19708
19710
19712
19713
19714
19716
19718
19720
19722
19724
19725
19726
19729
19731
19732
19751
19772
19809
19821
19822
19854
19871
19876
19877
19883
19890
19948
19974
19975
19978
19979
19981
19982
19985
19989
19992
19995
19996
19998
19999
20001
20003
20006
20010
20011
20015
20016
20021
20023
20024
20027
20029
20033
20037
20039
20042
20045
20046
20048
20055
20056
20057
20061
20063
20069
20070
20071
20072
20075
20078
20081
20082
20084
20086
20089
20090
20094
20095
20096
20097
20099
20100
20103
20107
20110
20115
20118
20119
20123
20125
20127
20131
20132
20136
20141
20143
20145
20146
20150
20153
20155
20156
20159
20163
20164
20166
20168
20171
20173
20175
20177
20178
20179
20181
20184
20187
20189
20192
20193
20206
20217
20241
20259
20263
20273
20285
20294
20300
20303
20310
20318
20329
20333
20340
20344
20358
20368
20369
20371
20387
20390
20391
20394
20397
20398
20400
20402
20404
20410
20413
20414
20418
20423
20426
20428
20430
20433
20435
20436
20439
20442
20444
20447
20448
20450
20453
20455
20456
20457
20460
20485
20487
20491
20495
20508
20524
20527
20531
20541
20542
20544
20545
20553
20555
20561
20562
20563
20564
20565
20566
20569
20570
20572
20574
20575
20580
20583
20591
20647
20663
20666
20667
20668
20669
20682
20685
20725
20730
20733
20734
20739
20745
20746
20748
20750
20752
20757
20761
20763
20766
20767
20768
20770
20771
20811
20820
20829
20854
20857
20860
20863
20865
20868
20869
20871
20875
20877
20878
20879
20888
20900
20903
20912
20923
20925
20929
20930
20932
20934
20938
20939
20942
20944
20945
20946
20948
20951
20952
20956
20957
20959
20964
20968
20971
20975
20980
20987
20990
20991
20996
20999
21006
21011
21013
21015
21022
21024
21028
21030
21033
21036
21038
21048
21053
21057
21077
21078
21083
21087
21088
21093
21096
21099
21103
21104
21106
21107
21109
21110
21112
21115
21116
21119
21121
21124
21127
21131
21134
21137
21138
21143
21144
21145
21147
21149
21155
21156
21158
21159
21160
21162
21166
21169
21172
21174
21175
21177
21178
21180
21181
21186
21187
21189
21191
21193
21195
21197
21203
21206
21211
21212
21213
21214
21217
21232
21235
21249
21250
21253
21255
21258
21261
21262
21284
21292
21326
21340
21342
21343
21347
21348
21350
21351
21354
21357
21359
21361
21364
21367
21369
21370
21373
21375
21376
21378
21380
21381
21386
21387
21390
21396
21399
21400
21404
21405
21411
21413
21415
21416
21417
21419
21420
21421
21423
21426
21427
21436
21437
21439
21440
21441
21443
21446
21447
21448
21449
21450
21455
21460
21467
21471
21472
21478
21479
21480
21485
21507
21508
21510
21517
21528
21537
21540
21541
21545
21553
21574
21592
21595
21599
21600
21602
21604
21605
21607
21611
21613
21616
21618
21619
21621
21623
21625
21627
21629
21631
21632
21633
21636
21640
21641
21642
21644
21647
21649
21651
21655
21656
21659
21660
21663
21667
21668
21670
21671
21672
21677
21679
21681
21683
21684
21686
21689
21692
21694
21696
21698
21699
21701
21702
21703
21708
21710
21711
21712
21714
21730
21786
21808
21809
21810
21812
21813
21817
21818
21819
21820
21822
21839
21844
21890
21910
21914
21920
21921
21923
21927
21928
21929
21932
21938
21939
21941
21943
21946
21948
21949
21952
21953
21965
21967
21970
21974
21975
21986
21988
21989
21991
21999
22001
22002
22004
22008
22009
22010
22013
22017
22018
22020
22022
22025
22026
22028
22029
22032
22034
22036
22037
22040
22042
22047
22051
22055
22062
22063
22068
22069
22073
22076
22077
22078
22082
22083
22089
22091
22094
22100
22110
22113
22114
22118
22121
22123
22125
22129
22132
22135
22140
22142
22145
22146
22152
22155
22159
22160
22162
22171
22172
22175
22180
22182
22187
22189
22192
22193
22195
22200
22202
22204
22214
22215
22220
22222
22224
22228
22235
22237
22238
22244
22247
22250
22253
22257
22265
22266
22271
22272
22274
22277
22278
22282
22286
22287
22288
22290
22293
22297
22301
22304
22308
22310
22313
22315
22318
22319
22323
22325
22326
22327
22328
22331
22333
22337
22339
22342
22343
22346
22348
22351
22353
22364
22367
22388
22392
22395
22452
22458
22461
22464
22466
22468
22469
22471
22473
22474
22476
22481
22486
22503
22507
22511
22514
22519
22520
22523
22524
22525
22526
22527
22528
22529
22534
22536
22544
22545
22547
22549
22551
22552
22554
22588
22591
22592
22594
22596
22601
22602
22604
22606
22609
22611
22612
22615
22616
22620
22621
22622
22628
22632
22635
22642
22646
22648
22649
22652
22670
22718
22721
22723
22724
22725
22734
22736
22740
22742
22748
22759
22764
22765
22770
22771
22773
22776
22793
22794
22797
22804
22818
22832
22833
22841
22843
22844
22850
22852
22855
22860
22861
22862
22866
22869
22872
22888
22891
22893
22897
22901
22903
22910
22913
22918
22919
22927
22928
22929
22950
22959
22963
22974
22978
22990
23020
23021
23027
23032
23060
23061
23063
23064
23068
23096
23108
23112
23117
23121
23183
23259
23261
23265
23268
23285
23291
23328
23329
23336
23338
23343
23344
23348
23352
23354
23356
23359
23364
23366
23367
23369
23373
23374
23376
23378
23382
23391
23413
23417
23420
23428
23430
23434
23435
23438
23442
23445
23449
23452
23453
23456
23458
23460
23461
23462
23465
23466
23468
23469
23474
23481
23484
23497
23512
23540
23554
23575
23579
23595
23602
23608
23611
23619
23621
23626
23631
23632
23639
23641
23643
23653
23654
23656
23658
23660
23662
23663
23664
23667
23678
23679
23682
23685
23690
23693
23694
23727
23733
23754
23811
23817
23853
23860
23861
23868
23887
23891
23893
23897
23900
23906
23911
23920
23921
23944
23965
23996
23999
24004
24007
24008
24011
24016
24020
24023
24025
24029
24031
24035
24037
24038
24039
24041
24045
24051
24059
24063
24065
24067
24068
24071
24075
24079
24082
24084
24085
24087
24089
24090
24091
24094
24099
24100
24101
24106
24108
24109
24110
24115
24117
24118
24125
24126
24131
24134
24136
24140
24142
24143
24186
24193
24222
24223
24225
24226
24229
24232
24233
24234
24235
24237
24239
24241
24242
24246
24249
24255
24256
24258
24259
24262
24263
24267
24269
24270
24273
24274
24280
24314
24337
24386
24387
24409
24412
24425
24435
24439
24442
24443
24445
24453
24454
24459
24525
24543
24559
24563
24585
24588
24598
24601
24650
24703
24725
24732
24739
24748
24751
24753
24757
24759
24761
24766
24768
24769
24770
24772
24773
24779
24780
24785
24789
24807
24812
24825
24840
24861
24867
24881
24900
24902
24907
24909
24913
24914
24917
24920
24921
24927
24930
24931
24932
24936
24937
24939
24943
24945
24946
24947
24950
24953
24955
24959
24963
24965
24966
24970
24974
24975
24978
24981
24982
24983
24986
24988
24990
24992
24994
24995
24997
25000
25005
25007
25008
25013
25015
25016
25020
25023
25024
25025
25026
25028
25029
25032
25033
25036
25038
25040
25042
25044
25047
25049
25053
25057
25058
25061
25064
25067
25069
25076
25079
25080
25081
25082
25088
25089
25092
25094
25098
25100
25111
25112
25113
25116
25117
25119
25121
25125
25127
25129
25130
25133
25138
25140
25142
25147
25150
25153
25154
25156
25159
25161
25162
25163
25165
25167
25168
25170
25171
25202
25205
25206
25210
25212
25213
25219
25220
25225
25246
25250
25252
25255
25258
25262
25264
25267
25270
25273
25276
25278
25279
25280
25282
25283
25285
25288
25289
25294
25302
25313
25317
25322
25361
25373
25398
25418
25447
25468
25480
25492
25494
25503
25504
25536
25539
25541
25559
25562
25564
25568
25574
25588
25609
25610
25613
25616
25617
25620
25621
25624
25626
25628
25630
25633
25637
25638
25639
25642
25643
25645
25646
25647
25650
25654
25658
25659
25662
25663
25666
25667
25670
25672
25675
25677
25678
25681
25682
25683
25684
25694
25696
25699
25701
25703
25705
25707
25710
25712
25713
25717
25720
25721
25723
25724
25725
25726
25729
25731
25733
25737
25739
25741
25743
25745
25746
25750
25751
25752
25756
25757
25758
25760
25762
25767
25768
25770
25775
25777
25779
25780
25782
25783
25784
25789
25790
25793
25795
25797
25799
25810
25820
25828
25839
25842
25845
25862
25875
25889
25896
25901
25903
25908
25911
25912
25913
25926
25937
25938
25940
25942
25944
25946
25956
25957
25958
25959
25970
25971
25974
25976
25982
25987
26009
26016
26036
26038
26052
26056
26059
26062
26068
26080
26089
26101
26107
26114
26115
26119
26120
26122
26123
26124
26126
26134
26136
26137
26138
26140
26141
26144
26146
26148
26151
26155
26156
26157
26158
26159
26160
26161
26163
26164
26165
26173
26175
26180
26183
26185
26191
26194
26197
26198
26201
26203
26204
26208
26231
26233
26234
26243
26289
26295
26304
26310
26311
26318
26326
26328
26330
26331
26333
26334
26336
26354
26356
26366
26381
26384
26388
26389
26395
26396
26401
26404
26409
26411
26414
26415
26416
26418
26419
26423
26425
26428
26430
26433
26436
26439
26442
26443
26444
26445
26447
26449
26450
26451
26454
26455
26457
26458
26459
26463
26464
26466
26467
26468
26470
26472
26474
26475
26482
26488
26489
26490
26494
26495
26496
26499
26500
26511
26545
26551
26552
26555
26556
26557
26560
26566
26568
26573
26580
26583
26584
26587
26590
26592
26598
26599
26602
26603
26607
26623
26630
26632
26635
26636
26637
26639
26644
26645
26646
26647
26649
26652
26654
26655
26660
26661
26675
26684
26685
26687
26690
26693
26695
26697
26707
26710
26712
26714
26715
26718
26719
26721
26722
26723
26726
26729
26730
26735
26738
26739
26740
26787
26789
26820
26836
26838
26853
26855
26908
26918
26920
26921
26927
26928
26932
26936
26948
26949
26952
26955
26978
26998
27002
27006
27021
27026
27028
27030
27031
27034
27035
27038
27039
27043
27052
27054
27058
27059
27061
27062
27063
27065
27066
27069
27071
27073
27074
27076
27080
27081
27089
27092
27093
27094
27097
27099
27101
27105
27106
27107
27109
27112
27113
27118
27119
27122
27124
27126
27132
27134
27137
27140
27142
27144
27146
27148
27149
27152
27155
27156
27158
27161
27162
27164
27165
27168
27171
27178
27183
27184
27190
27192
27194
27195
27196
27198
27199
27202
27204
27206
27209
27210
27211
27215
27218
27219
27220
27222
27226
27228
27229
27231
27234
27236
27238
27239
27241
27244
27247
27249
27254
27255
27257
27261
27262
27266
27268
27273
27275
27278
27279
27281
27285
27289
27290
27291
27293
27296
27298
27300
27302
27303
27306
27308
27309
27315
27316
27320
27322
27326
27327
27330
27331
27332
27334
27337
27339
27342
27343
27344
27349
27353
27355
27356
27368
27395
27416
27422
27430
27465
27470
27471
27472
27473
27475
27477
27478
27482
27483
27484
27492
27500
27501
27531
27546
27556
27563
27564
27565
27590
27598
27606
27607
27646
27649
27652
27653
27666
27672
27690
27706
27707
27710
27713
27714
27716
27718
27726
27729
27731
27735
27739
27740
27742
27743
27746
27749
27755
27759
27764
27767
27771
27773
27776
27787
27801
27803
27808
27820
27826
27840
27898
27901
27904
27905
27953
27989
27990
27992
27994
27997
27998
28000
28001
28007
28008
28009
28010
28013
28018
28026
28027
28048
28053
28067
28076
28082
28084
28105
28132
28142
28161
28163
28209
28213
28218
28226
28239
28240
28251
28267
28277
28284
28285
28288
28293
28302
28358
28368
28369
28371
28372
28382
28401
28433
28436
28495
28498
28503
28517
28518
28519
28526
28528
28529
28530
28532
28533
28537
28538
28540
28541
28548
28558
28568
28573
28577
28578
28598
28620
28630
28633
28653
28659
28699
28754
28762
28821
28846
28852
28864
28867
28869
28872
28873
28875
28877
28882
28893
28896
28916
28933
28945
28962
29006
29010
29012
29027
29028
29033
29036
29039
29040
29047
29048
29053
29057
29062
29063
29064
29067
29068
29069
29075
29076
29078
29082
29085
29087
29090
29091
29094
29100
29102
29105
29108
29109
29110
29115
29116
29120
29121
29123
29125
29127
29129
29131
29132
29135
29137
29139
29142
29144
29145
29147
29151
29152
29154
29158
29160
29161
29162
29163
29164
29165
29170
29172
29174
29180
29182
29193
29194
29197
29200
29201
29203
29223
29253
29277
29300
29301
29316
29335
29363
29366
29369
29372
29375
29378
29382
29395
29396
29401
29403
29406
29410
29411
29417
29420
29425
29429
29432
29439
29454
29458
29460
29465
29467
29476
29487
29506
29526
29543
29546
29552
29553
29556
29561
29590
29599
29631
29637
29649
29686
29689
29691
29712
29759
29788
29797
29809
29824
29828
29830
29831
29834
29836
29839
29842
29845
29849
29851
29853
29855
29860
29861
29862
29864
29866
29868
29871
29878
29901
29937
29943
30023
30041
30055
30057
30062
30093
30095
30125
30127
30131
30155
30156
30169
30171
30173
30181
30184
30187
30245
30254
30257
30275
30288
30308
30332
30333
30390
30415
30422
30424
30425
30426
30428
30429
30431
30432
30433
30442
30450
30458
30463
30537
30548
30580
30598
30618
30624
30625
30647
30677
30708
30717
30719
30725
30761
30781
30798
30813
30854
30856
30859
30861
30863
30865
30869
30872
30873
30875
30879
30880
30889
30909
30912
30920
30957
30965
30975
31018
31030
31064
31069
31129
31138
31152
31158
31162
31164
31167
31169
31172
31174
31178
31181
31187
31188
31191
31192
31194
31196
31198
31203
31205
31209
31213
31215
31216
31219
31222
31224
31225
31226
31229
31231
31233
31235
31237
31238
31239
31241
31242
31243
31245
31247
31250
31251
31252
31256
31262
31263
31264
31268
31269
31271
31274
31275
31276
31279
31282
31285
31286
31289
31291
31295
31296
31298
31301
31305
31317
31326
31328
31330
31334
31335
31338
31342
31348
31349
31351
31352
31354
31355
31358
31360
31365
31370
31395
31397
31401
31481
31489
31521
31565
31581
31601
31608
31612
31613
31619
31626
31653
31672
31677
31714
31742
31757
31769
31787
31806
31820
31829
31841
31864
31890
31894
31898
31913
31931
31950
31969
31985
32003
32005
32006
32007
32009
32010
32013
32015
32016
32017
32098
32101
32173
32175
32179
32196
32212
32213
32217
32219
32220
32223
32225
32228
32229
32233
32234
32263
32270
32279
32281
32282
32339
32347
32351
32352
32356
32357
32358
32360
32362
32364
32365
32366
32369
32371
32373
32377
32380
32386
32388
32389
32392
32395
32396
32405
32409
32412
32415
32417
32418
32452
32468
32487
32488
32493
32495
32496
32498
32546
32576
32598
32621
32652
32795
32820
32824
32826
32827
32831
32833
32835
32836
32838
32841
32842
32844
32846
32847
32848
32851
32855
32857
32858
32860
32861
32863
32864
32867
32869
32871
32872
32873
32875
32876
32882
32883
32899
32903
32906
32913
32946
32948
32952
32953
32956
32959
32961
32965
32967
32969
32970
32975
32976
32981
32983
32984
32986
32988
33004
33017
33019
33024
33028
33029
33032
33033
33036
33038
33039
33049
33126
33127
33130
33133
33137
33152
33226
33236
33249
33253
33261
33283
33290
33293
33295
33296
33299
33301
33304
33307
33309
33310
33311
33314
33319
33321
33324
33331
33337
33339
33348
33351
33354
33355
33360
33362
33363
33373
33374
33382
33384
33386
33388
33389
33395
33397
33398
33401
33402
33404
33405
33407
33409
33410
33412
33413
33414
33415
33422
33426
33429
33430
33432
33433
33435
33437
33439
33447
33448
33453
33457
33481
33491
33496
33499
33512
33522
33527
33569
33572
33580
33584
33586
33587
33589
33593
33595
33597
33598
33600
33606
33607
33608
33610
33614
33617
33618
33619
33620
33621
33631
33634
33637
33644
33647
33649
33650
33652
33657
33659
33661
33662
33671
33672
33674
33677
33712
33762
33764
33798
33822
33836
33846
33850
33889
33919
33920
33928
33933
33934
33935
33936
33937
33938
33950
33975
33989
34010
34037
34045
34051
34065
34068
34073
34084
34104
34107
34163
34173
34182
34191
34203
34205
34228
34230
34231
34339
34360
34368
34372
34402
34409
34411
34414
34415
34422
34433
34451
34464
34496
34503
34544
34555
34559
34561
34563
34572
34576
34586
34587
34591
34595
34598
34600
34602
34604
34608
34617
34633
34638
34639
34646
34658
34660
34662
34703
34740
34748
34756
34760
34778
34798
34799
34811
34826
34844
34846
34885
34938
34946
34970
34985
35020
35024
35050
35087
35089
35091
35099
35103
35109
35115
35118
35121
35130
35131
35140
35143
35144
35146
35148
35156
35159
35161
35162
35163
35168
35172
35205
35211
35223
35230
35232
35235
35239
35241
35266
35272
35277
35278
35282
35285
35287
35295
35328
35342
35391
35396
35397
35404
35406
35410
35416
35423
35427
35432
35433
35435
35437
35443
35448
35451
35452
35460
35467
35469
35470
35478
35483
35488
35489
35498
35504
35518
35611
35614
35632
35654
35687
35688
35690
35694
35696
35697
35700
35701
35703
35704
35706
35710
35711
35716
35719
35721
35722
35727
35732
35737
35740
35744
35752
35754
35756
35829
35836
35844
35893
35896
35915
35935
35940
35954
35956
36005
36013
36016
36037
36061
36065
36067
36070
36079
36092
36110
36113
36157
36169
36174
36184
36209
36214
36288
36318
36332
36395
36396
36400
36426
36442
36454
36456
36578
36583
36646
36663
36665
36666
36696
36697
36703
36705
36711
36716
36717
36732
36733
36735
36738
36741
36745
36747
36749
36754
36769
36775
36776
36779
36781
36790
36795
36797
36806
36832
36839
36845
36850
36852
36856
36857
36860
36870
36871
36874
36878
36879
36880
36882
36895
36899
36902
36909
36911
36912
36913
36919
36923
36925
36926
36928
36930
36931
36932
36952
36953
36992
37025
37028
37035
37062
37077
37085
37097
37104
37114
37115
37129
37133
37155
37175
37198
37257
37283
37321
37352
37392
37416
37459
37465
37466
37480
37546
37581
37589
37611
37613
37643
37666
37709
37718
37729
37771
37826
37850
37880
37906
37942
37947
37984
38076
38096
38099
38126
38140
38209
38210
38221
38250
38251
38279
38282
38301
38334
38358
38361
38364
38440
38492
38541
38576
38658
38671
38678
38697
38705
38710
38714
38745
38757
38760
38763
38765
38789
38794
38796
38801
38807
38812
38824
38827
38859
38871
38886
38893
38899
38921
38959
39032
39063
39066
39067
39070
39074
39080
39082
39098
39107
39118
39135
39222
39251
39288
39299
39316
39365
39426
39428
39448
39451
39454
39471
39474
39477
39483
39486
39510
39512
39514
39531
39532
39541
39556
39587
39646
39652
39657
39664
39666
39669
39671
39672
39675
39676
39678
39680
39684
39685
39690
39693
39698
39703
39704
39706
39708
39719
39722
39725
39729
39732
39735
39737
39739
39743
39744
39748
39749
39788
39798
39825
39865
39903
39936
39997
40028
40037
40099
40109
40113
40121
40140
40159
40174
40181
40240
40261
40265
40322
40323
40326
40330
40331
40338
40340
40353
40381
40384
40405
40416
40433
40448
40469
40538
40580
40586
40595
40609
40617
40636
40651
40655
40680
40706
40716
40730
40731
40757
40803
40821
40843
40863
40892
40899
40904
40906
40907
40909
40913
40920
40935
40937
40967
40970
40972
40985
41010
41057
41063
41064
41067
41094
41135
41141
41187
41190
41253
41274
41282
41288
41290
41293
41297
41299
41305
41308
41316
41372
41382
41384
41385
41387
41390
41391
41396
41401
41402
41406
41407
41447
41461
41463
41467
41468
41470
41484
41488
41492
41494
41500
41503
41506
41509
41513
41515
41517
41518
41520
41523
41525
41532
41533
41598
41615
41651
41677
41682
41685
41687
41701
41705
41706
41711
41712
41714
41716
41719
41722
41725
41731
41735
41737
41738
41743
41744
41746
41750
41756
41767
41771
41773
41775
41779
41784
41788
41795
41804
41807
41838
41855
41860
41918
41955
41970
42019
42020
42021
42026
42028
42029
42032
42035
42040
42043
42045
42046
42049
42050
42051
42052
42056
42059
42063
42064
42068
42069
42074
42076
42078
42081
42082
42083
42117
42118
42128
42133
42186
42283
42293
42297
42352
42400
42407
42408
42410
42411
42413
42419
42438
42482
42519
42593
42594
42599
42619
42628
42640
42642
42647
42650
42654
42657
42661
42662
42709
42714
42716
42759
42781
42782
42820
42870
42875
42886
42887
42904
42916
42931
42932
42954
43022
43060
43077
43089
43136
43142
43149
43173
43193
43210
43225
43292
43391
43404
43405
43406
43409
43412
43422
43445
43499
43541
43542
43553
43605
43615
43682
43734
43747
43755
43830
43860
43883
43889
43903
43909
43942
43978
43991
43999
44002
44004
44005
44007
44009
44014
44065
44076
44098
44123
44182
44183
44194
44205
44214
44219
44220
44225
44226
44227
44230
44232
44238
44242
44245
44253
44256
44259
44261
44276
44296
44335
44359
44381
44401
44415
44432
44447
44512
44522
44524
44545
44550
44609
44648
44662
44663
44665
44667
44672
44681
44688
44696
44700
44702
44715
44736
44742
44752
44795
44796
44799
44800
44802
44805
44806
44807
44811
44814
44815
44820
44828
44829
44830
44832
44835
44837
44840
44843
44845
44852
44854
44857
44861
44863
44868
44870
44872
44874
44877
44878
44880
44881
44884
44888
44894
44897
44903
44908
44911
44913
44917
44919
44920
44929
44931
44932
44934
44938
44944
44945
44946
44948
44951
44952
44953
44955
44958
44960
44961
44963
44964
44966
44968
44969
44972
44975
44977
44981
44986
44993
44996
44999
45003
45004
45006
45009
45011
45013
45017
45020
45021
45024
45026
45028
45029
45034
45038
45045
45053
45056
45065
45068
45069
45071
45073
45076
45079
45081
45083
45085
45089
45093
45094
45095
45100
45103
45105
45108
45119
45120
45125
45126
45130
45132
45133
45136
45141
45142
45148
45150
45151
45158
45161
45163
45166
45200
45210
45217
45242
45249
45250
45252
45254
45256
45259
45263
45264
45269
45272
45273
45287
45305
45310
45345
45351
45357
45359
45390
45396
45446
45450
45474
45478
45485
45487
45489
45491
45494
45496
45500
45506
45510
45513
45517
45519
45520
45522
45527
45529
45532
45535
45537
45544
45554
45556
45558
45564
45570
45573
45577
45587
45596
45598
45600
45630
45635
45652
45668
45670
45686
45705
45770
45773
45776
45791
45820
45827
45828
45835
45839
45841
45843
45846
45859
45860
45876
45882
45885
45886
45891
45898
45900
45905
45907
45909
45916
45918
45920
45930
45932
45939
45940
45942
45946
45949
45951
45954
45961
45964
45969
45971
45982
45986
45990
45992
46004
46007
46008
46015
46016
46019
46028
46029
46031
46034
46039
46041
46043
46046
46048
46060
46063
46068
46077
46098
46103
46106
46111
46114
46122
46160
46171
46175
46176
46177
46179
46182
46184
46189
46190
46193
46195
46199
46201
46207
46209
46210
46214
46221
46224
46232
46236
46237
46241
46247
46250
46251
46256
46258
46261
46263
46265
46270
46272
46273
46276
46277
46278
46281
46283
46286
46287
46294
46300
46301
46306
46318
46330
46332
46336
46339
46421
46422
46426
46429
46431
46435
46519
46520
46526
46530
46547
46600
46611
46624
46644
46654
46706
46726
46759
46762
46763
46770
46772
46775
46777
46781
46785
46787
46791
46793
46794
46802
46807
46811
46813
46821
46837
46839
46841
46844
46848
46857
46859
46861
46869
46891
46892
46893
46901
46903
46904
46909
46910
46911
46913
46919
46920
46925
46928
46929
46931
46936
46942
46943
46945
46947
46950
46952
46953
46957
46958
46959
46990
46991
47013
47030
47036
47039
47040
47047
47050
47052
47054
47056
47057
47060
47061
47081
47183
47184
47190
47208
47266
47301
47309
47401
47430
47457
47467
47498
47501
47504
47505
47509
47511
47513
47516
47517
47524
47531
47533
47539
47542
47544
47547
47549
47551
47552
47553
47558
47561
47563
47564
47565
47569
47654
47656
47660
47701
47707
47775
47778
47798
47807
47812
47813
47814
47819
47820
47822
47823
47825
47828
47830
47833
47836
47837
47840
47843
47846
47848
47853
47856
47857
47873
47940
47945
47948
47955
47959
47960
47965
47989
47999
48016
48032
48054
48113
48122
48128
48186
48238
48260
48301
48310
48448
48572
48587
48649
48684
48685
48692
48702
48737
48896
48918
48931
48961
49054
49055
49065
49078
49101
49102
49119
49130
49181
49225
49259
49294
49297
49299
49302
49303
49306
49355
49368
49386
49388
49391
49393
49395
49396
49402
49404
49408
49409
49411
49419
49423
49425
49429
49431
49433
49436
49437
49440
49489
49560
49567
49586
49590
49595
49596
49600
49605
49609
49611
49612
49613
49630
49633
49683
49703
49717
49777
49805
49845
49860
49862
49863
49866
49868
49871
49873
49875
49880
49884
49888
49889
49893
49894
49916
50038
50075
50077
50078
50082
50086
50089
50090
50092
50098
50101
50104
50113
50119
50125
50127
50129
50134
50181
50240
50242
50245
50247
50358
50365
50371
50373
50415
50419
50442
50443
50465
50472
50489
50520
50580
50611
50633
50645
50690
50693
50694
50697
50699
50702
50706
50707
50708
50710
50714
50716
50723
50736
50752
50757
50767
50771
50784
50788
50789
50790
50794
50796
50805
50868
50902
50953
51026
51090
51123
51133
51137
51158
51168
51171
51174
51175
51181
51219
51299
51359
51378
51379
51418
51419
51430
51451
51485
51486
51487
51490
51491
51493
51495
51496
51497
51498
51500
51501
51505
51508
51510
51512
51613
51678
51680
51682
51686
51688
51691
51694
51696
51698
51699
51769
51804
51880
51883
51884
51889
51890
51891
51892
51899
51900
51906
51909
51914
51919
51922
51926
51927
51930
51936
51938
51941
51944
51945
51947
51948
51950
51952
51955
51966
51970
51971
51974
51977
51980
51981
51982
51987
51989
51991
51994
51995
51996
51999
52030
52089
52099
52133
52138
52166
52182
52207
52245
52368
52451
52581
52584
52588
52713
52724
52767
52839
52840
52844
52869
52889
52907
52924
52967
52968
52972
52976
52977
53064
53124
53145
53171
53202
53232
53281
53442
53443
53445
53478
53480
53481
53483
53485
53487
53488
53498
53499
53500
53502
53504
53505
53506
53663
53665
53669
53671
53672
53679
53721
53777
53843
53921
54021
54034
54049
54101
54184
54220
54291
54307
54315
54321
54337
54361
54390
54437
54461
54539
54642
54691
54726
54729
54730
54731
54732
54734
54737
54745
54757
54758
54761
54764
54765
54767
54769
54774
54780
54781
54783
54788
54791
54793
54795
54796
54797
54798
54799
54804
54907
54945
54965
55075
55085
55110
55111
55132
55324
55336
55397
55461
55485
55542
55582
55607
55616
55620
55621
55623
55624
55629
55630
55634
55695
55707
55712
55744
55772
55799
55875
55888
55908
55922
55926
55951
55999
56072
56107
56146
56160
56197
56224
56263
56339
56354
56442
56504
56508
56565
56608
56680
56687
56763
56773
56814
56881
56912
56967
56991
57137
57247
57367
57372
57477
57507
57564
57644
57669
57692
57693
57695
57706
57781
57793
57808
57872
57913
57929
57930
57934
57966
57985
58011
58014
58050
58070
58098
58100
58177
58206
58267
58444
58491
58534
58554
58642
58658
58666
58729
58830
58856
58869
58964
59002
59005
59006
59008
59010
59012
59032
59057
59065
59068
59071
59073
59077
59079
59083
59144
59212
59246
59274
59313
59315
59316
59319
59322
59323
59324
59326
59332
59334
59353
59372
59425
59467
59472
59596
59660
59734
59774
59883
59957
59973
59995
60023
60050
60074
60186
60275
60373
60400
60450
60521
60550
60621
60626
60679
60787
60803
60869
60878
60905
60982
61013
61043
61108
61216
61219
61240
61245
61260
61307
61319
61410
61411
61412
61415
61416
61418
61420
61423
61424
61427
61429
61431
61432
61437
61441
61442
61443
61447
61448
61451
61453
61455
61456
61459
61460
61462
61463
61464
61467
61468
61471
61473
61475
61478
61481
61482
61484
61489
61494
61497
61498
61522
61523
61596
61835
61845
61896
62020
62021
62023
62024
62026
62028
62033
62036
62075
62127
62137
62138
62184
62207
62245
62273
62308
62393
62444
62450
62536
62560
62561
62564
62570
62614
62641
62657
62720
62727
62729
62745
62811
62889
62978
62996
63002
63004
63024
63026
63031
63039
63041
63050
63056
63058
63112
63133
63168
63181
63191
63312
63339
63427
63530
63539
63666
63676
63688
63714
63722
63777
63819
64063
64167
64236
64349
64376
64384
64512
64524
64529
64548
64573
64625
64732
64734
64735
64736
64744
64801
64807
64999
65041
65049
65195
65198
65203
65206
65211
65213
65214
65240
65242
65247
65249
65254
65255
65257
65265
65270
65277
65282
65285
65287
65288
65349
65354
65356
65358
65359
65372
65379
65410
65450
65495
65523
65530
65532
65742
65818
65962
65981
65988
66078
66213
66219
66228
66231
66242
66259
66304
66347
66463
66465
66468
66475
66476
66487
66493
66504
66523
66526
66529
66542
66602
66690
66853
66856
66978
67048
67059
67067
67082
67110
67168
67182
67239
67280
67345
67402
67407
67409
67448
67632
67667
67671
67746
67790
67827
67870
68015
68016
68018
68019
68023
68027
68029
68103
68197
68207
68259
68306
68323
68458
68484
68500
68505
68563
68586
68716
68737
68749
68776
68832
68846
68947
69004
69117
69210
69256
69280
69306
69343
69412
69499
69502
69504
69547
69598
69631
69674
69703
69727
69736
69742
69755
69763
69770
69863
69870
69994
70042
70221
70454
70511
70715
70789
71122
71206
71302
71446
71448
71450
71454
71455
71456
71458
71461
71465
71469
71470
71473
71480
71491
71492
71496
71497
71499
71502
71503
71506
71509
71513
71515
71517
71521
71523
71526
71529
71536
71538
71541
71544
71548
71551
71552
71562
71565
71566
71570
71573
71576
71578
71581
71583
71585
71587
71589
71591
71596
71601
71605
71608
71611
71614
71617
71620
71623
71626
71627
71631
71634
71638
71640
71641
71646
71649
71654
71656
71658
71660
71662
71663
71665
71669
71672
71673
71674
71676
71678
71682
71684
71690
71693
71695
71697
71699
71701
71703
71707
71922
72303
72305
72306
72308
72319
72537
72564
