0 41
0 17
0 3
0 25
0 48
1 17
1 41
1 3
1 25
2 3
0 27
0 6
0 10
2 41
0 39
1 48
0 36
2 48
2 17
1 39
0 30
1 27
2 10
0 37
0 40
0 18
0 20
0 8
0 12
0 13
1 10
0 47
1 6
1 30
1 36
1 37
1 18
2 36
1 8
0 21
1 13
1 40
0 14
1 20
2 37
1 21
2 21
2 20
0 46
2 13
1 47
2 25
2 12
1 12
1 46
0 32
2 39
0 28
0 2
2 32
0 22
1 28
0 5
0 38
2 28
2 27
1 22
2 14
2 43
2 40
0 44
1 38
0 9
1 14
0 11
0 1
2 5
2 44
1 2
0 24
0 42
0 43
1 11
2 22
1 5
2 6
0 0
1 32
2 2
1 24
1 9
2 26
1 44
1 0
2 8
1 43
0 26
0 4
1 1
0 16
0 23
2 30
2 11
0 15
0 29
2 0
1 16
0 49
1 42
2 29
0 19
1 29
1 49
1 15
0 34
0 45
0 7
0 33
2 49
2 46
1 26
1 4
1 23
2 16
1 34
2 31
2 34
1 45
2 35
0 31
0 35
1 31
1 33
1 19
2 9
2 47
1 7
2 1
1 35
2 18
2 33
2 24
2 15
2 19
2 42
2 4
2 23
2 38
2 7
2 45

Score: 135.32999999999996