0
5
6
8
13
15
16
20
21
26
28
29
95
97
99
101
102
104
105
106
107
109
112
115
116
117
119
120
125
126
134
136
137
140
141
143
146
147
148
150
151
155
157
161
164
165
167
168
169
171
174
175
177
179
182
184
185
188
190
191
194
195
196
197
198
200
202
203
204
207
208
210
212
213
214
217
218
219
220
222
224
227
231
232
234
235
236
238
239
240
241
257
298
299
301
303
305
306
310
312
350
351
353
354
363
375
376
377
380
383
385
388
390
391
394
395
398
399
400
402
404
406
407
409
411
414
415
417
424
433
434
441
444
446
449
463
468
473
476
479
482
485
486
