0 20
0 24
1 20
1 24
2 24
2 20
0 5
3 20
4 20
0 26
0 17
0 3
2 13
1 26
1 3
1 17
0 10
2 3
2 26
0 11
0 12
1 11
1 12
0 2
0 4
2 11
0 25
1 5
1 2
2 23
1 4
3 26
4 26
3 24
2 2
0 14
3 2
1 25
3 11
0 23
2 25
2 15
1 10
0 7
3 25
4 25
4 11
2 4
0 29
2 17
2 7
4 2
0 21
1 14
2 5
2 14
3 17
1 29
4 17
2 12
0 19
1 7
3 12
4 24
0 22
3 13
3 5
0 16
1 23
3 4
0 15
2 18
2 9
4 12
4 5
0 9
1 21
3 14
2 10
1 16
1 22
2 16
3 16
2 29
4 16
3 23
0 1
2 22
1 15
0 6
1 19
3 3
4 3
3 7
4 23
3 22
0 18
0 27
1 9
3 9
1 6
0 8
2 21
3 10
1 1
0 28
4 14
2 6
0 13
2 8
4 9
4 10
1 28
2 28
3 6
0 0
4 4
3 21
1 0
1 27
2 0
4 6
2 19
3 19
1 8
2 1
2 27
4 21
4 7
4 19
1 13
1 18
3 28
3 18
4 28
4 13
3 1
4 18
4 1
3 8
3 15
3 0
4 15
3 27
4 8
4 22
4 0
3 29
4 29
4 27

Score: 75.55999999999976