0
523
535
540
543
546
555
556
609
613
615
617
626
629
639
660
662
663
664
673
675
678
679
682
683
685
690
691
692
693
695
696
700
701
702
704
705
709
710
711
712
714
716
717
719
720
722
726
727
730
734
735
738
739
742
744
745
746
748
749
762
765
781
787
801
806
809
812
815
816
817
821
822
823
825
826
828
831
832
834
836
837
839
841
842
843
845
846
848
850
851
853
854
859
860
861
863
864
867
871
872
875
877
880
881
883
886
889
891
893
895
898
900
901
902
904
909
914
916
917
925
927
950
967
975
978
987
989
1001
1007
1018
1023
1035
1041
1046
1068
1084
1100
1121
1175
1182
1183
1184
1187
1190
1191
1193
1198
1201
1206
1207
1208
1210
1212
1215
1218
1219
1220
1224
1228
1233
1237
1241
1245
1247
1248
1252
1253
1257
1258
1259
1260
1261
1263
1264
1268
1273
1274
1277
1279
1281
1284
1288
1290
1295
1296
1300
1303
1304
1321
1338
1339
1340
1347
1348
1352
1353
1354
1356
1359
1362
1364
1367
1369
1372
1374
1375
1376
1377
1380
1384
1387
1388
1390
1392
1394
1397
1400
1402
1403
1406
1419
1421
1422
1428
1431
1434
1435
1436
1438
1440
1442
1446
1447
1450
1451
1453
1454
1455
1456
1489
1497
1498
1501
1511
1512
1515
1516
1517
1520
1526
1528
1530
1531
1534
1541
1543
1544
1547
1548
1549
1550
1551
1552
1554
1560
1561
1566
1568
1570
1572
1576
1577
1581
1583
1587
1599
1600
1608
1618
1629
1651
1670
1674
1679
1680
1682
1683
1687
1688
1695
1697
1699
1703
1705
1708
1711
1713
1717
1718
1719
1721
1723
1726
1729
1730
1731
1732
1733
1734
1736
1738
1740
1744
1746
1750
1751
1752
1753
1754
1758
1762
1763
1766
1770
1775
1780
1782
1786
1789
1791
1793
1795
1796
1799
1801
1803
1804
1805
1806
1808
1810
1812
1820
1821
1823
1827
1831
1833
1834
1835
1839
1840
1841
1845
1846
1849
1854
1860
1861
1862
1863
1866
1869
1870
1874
1877
1880
1884
1885
1891
1892
1895
1896
1909
1910
1911
1912
1913
1920
1923
1929
1932
1944
1949
1950
1953
1958
1964
1966
1980
1987
1988
1990
1993
1995
1998
1999
2000
2002
2003
2004
2007
2008
2010
2017
2021
2023
2025
2027
2030
2031
2034
2037
2038
2042
2046
2047
2048
2050
2052
2065
2067
2068
2070
2071
2073
2074
2079
2080
2081
2083
2084
2085
2086
2088
2089
2093
2099
2103
2108
2109
2111
2113
2118
2125
2126
2129
2133
2134
2138
2139
2141
2142
2144
2145
2152
2156
2160
2167
2173
2174
2196
2209
2224
2241
2279
2283
2290
2295
2296
2310
2323
2340
2341
2348
2356
2358
2361
2362
2363
2364
2366
2368
2369
2373
2380
2384
2386
2388
2391
2392
2394
2397
2398
2400
2401
2402
2405
2406
2410
2414
2416
2418
2420
2422
2423
2427
2431
2435
2437
2438
2440
2443
2448
2449
2450
2452
2456
2457
2460
2461
2463
2470
2477
2479
2490
2491
2507
2516
2528
2548
2553
2555
2567
2572
2574
2576
2585
2587
2590
2591
2592
2593
2595
2597
2600
2601
2603
2605
2608
2609
2610
2614
2617
2620
2622
2628
2629
2632
2633
2635
2638
2640
2642
2644
2645
2648
2650
2655
2656
2660
2661
2662
2663
2665
2668
2669
2675
2677
2680
2683
2684
2686
2691
2692
2697
2699
2702
2709
2711
2712
2715
2720
2731
2748
2752
2754
2755
2757
2764
2783
2799
2810
2811
2820
2823
2835
2836
2837
2838
2847
2850
2857
2860
2861
2870
2871
2872
2880
2887
2890
2906
2919
2920
2921
2922
2936
2958
2960
2962
2972
2976
2993
3009
3014
3015
3019
3021
3023
3038
3043
3063
3069
3087
3095
3109
3119
3121
3122
3124
3126
3127
3128
3132
3134
3149
3178
3185
3191
3192
3196
3198
3202
3208
3209
3215
3219
3221
3223
3226
3228
3235
3236
3237
3241
3243
3264
3304
3311
3320
3330
3331
3332
3339
3342
3343
3346
3347
3350
3354
3356
3366
3367
3369
3374
3376
3380
3382
3383
3385
3386
3388
3390
3391
3394
3395
3396
3400
3401
3402
3403
3404
3406
3407
3408
3409
3411
3412
3413
3414
3416
3419
3420
3423
3425
3427
3430
3431
3434
3437
3438
3442
3444
3445
3448
3455
3457
3458
3459
3460
3475
3491
3498
3515
3516
3518
3519
3520
3522
3537
3540
3542
3544
3550
3551
3554
3555
3557
3561
3565
3566
3570
3573
3577
3579
3582
3585
3594
3598
3616
3640
3650
3676
3682
3692
3696
3710
3713
3715
3718
3719
3722
3723
3725
3727
3729
3730
3732
3733
3748
3757
3758
3761
3763
3764
3765
3767
3769
3772
3775
3776
3777
3779
3781
3782
3783
3785
3788
3790
3792
3798
3804
3807
3815
3817
3819
3822
3823
3825
3827
3833
3837
3838
3842
3843
3845
3846
3848
3852
3878
3883
3901
3904
3910
3913
3918
3921
3923
3931
3936
3937
3938
3941
3954
3958
3967
3977
3982
3985
3987
3989
3995
4001
4013
4023
4062
4064
4073
4078
4085
4111
4120
4121
4165
4167
4168
4170
4172
4173
4175
4176
4177
4179
4181
4183
4187
4188
4192
4194
4195
4196
4197
4198
4201
4206
4208
4209
4211
4214
4215
4218
4239
4248
4249
4250
4253
4256
4257
4260
4269
4273
4278
4279
4287
4300
4305
4306
4309
4317
4320
4322
4327
4333
4344
4363
4364
4375
4379
4393
4426
4434
4443
4445
4481
4482
4486
4489
4502
4509
4520
4539
4543
4546
4550
4552
4554
4556
4557
4560
4563
4565
4566
4570
4572
4573
4576
4577
4578
4579
4582
4584
4588
4590
4591
4597
4602
4607
4617
4619
4623
4631
4641
4657
4662
4663
4672
4676
4677
4691
4703
4744
4750
4754
4757
4760
4766
4774
4787
4800
4809
4844
4854
4855
4861
4887
4897
4900
4904
4908
4916
4917
4924
4926
4928
4929
4930
4931
4933
4944
4947
4949
4951
4954
4956
4959
4960
4962
4963
4965
4967
4968
4969
4971
4973
4974
4977
4979
4982
4984
4986
4991
4992
4994
4996
4999
5000
5005
5017
5018
5034
5040
5064
5073
5082
5096
5097
5107
5108
5109
5112
5113
5116
5117
5125
5128
5129
5130
5135
5152
5172
5184
5186
5189
5196
5200
5201
5202
5221
5223
5226
5228
5232
5234
5235
5238
5243
5245
5247
5250
5251
5253
5257
5266
5267
5270
5274
5275
5276
5277
5278
5279
5280
5282
5286
5289
5290
5291
5293
5301
5303
5305
5307
5311
5316
5317
5319
5326
5327
5330
5332
5337
5338
5342
5343
5347
5348
5353
5354
5360
5361
5364
5366
5370
5371
5373
5376
5378
5379
5381
5382
5384
5385
5386
5388
5389
5391
5393
5397
5398
5411
5414
5423
5447
5454
5468
5481
5483
5497
5502
5503
5505
5506
5507
5508
5510
5518
5522
5525
5527
5528
5530
5533
5536
5537
5540
5542
5544
5545
5548
5550
5551
5552
5553
5557
5558
5560
5563
5565
5566
5568
5569
5572
5576
5579
5581
5583
5584
5586
5588
5589
5596
5597
5598
5600
5606
5612
5631
5633
5637
5649
5659
5663
5666
5668
5669
5702
5710
5715
5716
5717
5735
5750
5757
5763
5771
5785
5790
5794
5795
5797
5801
5805
5830
5838
5846
5847
5866
5868
5871
5873
5874
5881
5903
5911
5933
5939
5954
5957
5971
5972
5978
5981
6008
6023
6044
6056
6062
6068
6071
6073
6075
6079
6080
6082
6083
6092
6107
6113
6115
6117
6119
6138
6140
6141
6144
6148
6151
6155
6156
6157
6167
6168
6183
6184
6188
6190
6191
6194
6195
6198
6199
6205
6207
6230
6233
6238
6268
6269
6271
6273
6274
6303
6305
6316
6342
6348
6349
6358
6360
6374
6385
6411
6447
6450
6451
6457
6458
6462
6465
6468
6474
6476
6478
6480
6481
6484
6486
6487
6488
6490
6492
6494
6496
6497
6501
6505
6509
6510
6512
6514
6515
6517
6522
6524
6527
6528
6530
6533
6547
6577
6582
6588
6635
6660
6665
6668
6669
6671
6672
6683
6709
6712
6713
6719
6720
6721
6723
6725
6730
6733
6734
6736
6741
6748
6764
6782
6783
6786
6802
6807
6808
6810
6811
6813
6815
6818
6821
6823
6824
6827
6833
6835
6837
6838
6839
6841
6842
6844
6852
6863
6872
6883
6887
6897
6906
6907
6915
6938
6944
6951
6952
6967
6991
6993
6997
6999
7000
7002
7004
7008
7011
7013
7016
7017
7021
7023
7026
7031
7034
7044
7050
7068
7088
7095
7108
7110
7111
7129
7135
7137
7141
7142
7150
7166
7198
7200
7201
7202
7203
7210
7217
7219
7222
7224
7225
7226
7227
7228
7230
7231
7236
7239
7243
7244
7246
7256
7285
7312
7318
7326
7351
7382
7396
7397
7400
7420
7426
7433
7453
7463
7466
7503
7506
7507
7508
7515
7522
7539
7546
7551
7555
7556
7558
7559
7560
7566
7577
7582
7584
7588
7591
7593
7600
7602
7603
7605
7640
7642
7643
7647
7649
7651
7655
7661
7663
7666
7668
7670
7671
7674
7676
7678
7680
7684
7686
7688
7689
7692
7694
7695
7697
7702
7705
7746
7747
7772
7774
7775
7792
7804
7820
7821
7823
7833
7856
7865
7875
7892
7905
7908
7913
7915
7917
7918
7919
7949
7950
7959
7972
8002
8007
8022
8023
8026
8028
8031
8036
8043
8047
8065
8066
8068
8071
8086
8099
8109
8115
8126
8127
8131
8134
8136
8138
8142
8143
8144
8153
8155
8157
8159
8161
8162
8171
8195
8205
8216
8218
8231
8233
8235
8237
8238
8239
8240
8241
8243
8248
8249
8252
8258
8263
8267
8275
8284
8286
8292
8294
8297
8298
8301
8303
8313
8331
8342
8350
8357
8369
8384
8385
8406
8433
8438
8458
8459
8471
8499
8529
8555
8557
8572
8587
8611
8612
8615
8630
8634
8655
8657
8658
8659
8691
8726
8735
8740
8746
8748
8749
8751
8752
8760
8763
8765
8766
8767
8769
8770
8773
8778
8783
8784
8789
8816
8819
8858
8875
8900
8906
8916
8922
8949
8962
8965
8967
8970
9010
9029
9033
9082
9097
9113
9117
9149
9154
9156
9162
9163
9173
9175
9177
9179
9181
9182
9183
9186
9190
9192
9194
9197
9198
9201
9207
9244
9249
9252
9255
9256
9259
9260
9296
9305
9327
9332
9344
9346
9352
9372
9374
9405
9446
9467
9477
9480
9484
9486
9487
9489
9490
9492
9493
9494
9497
9500
9501
9502
9505
9507
9512
9514
9520
9526
9533
9582
9584
9591
9598
9602
9603
9609
9613
9615
9617
9621
9625
9626
9628
9629
9631
9635
9639
9641
9644
9645
9647
9652
9654
9656
9659
9660
9661
9663
9665
9669
9673
9675
9680
9682
9683
9684
9686
9690
9693
9694
9695
9697
9698
9699
9700
9706
9708
9712
9713
9715
9716
9719
9722
9725
9728
9729
9735
9736
9738
9741
9744
9747
9748
9749
9751
9755
9757
9759
9761
9763
9766
9781
9786
9796
9802
9810
9812
9815
9816
9818
9824
9829
9831
9834
9836
9839
9840
9844
9846
9848
9852
9853
9854
9856
9863
9870
9874
9876
9883
9884
9887
9890
9892
9895
9901
9910
9916
9927
9933
9945
9948
9954
9958
9959
9962
9963
9968
9990
10000
10008
10061
10069
10070
10073
10075
10078
10080
10081
10084
10087
10088
10089
10090
10091
10098
10122
10124
10153
10178
10184
10190
10203
10204
10205
10209
10210
10217
10220
10222
10224
10225
10227
10233
10234
10285
10291
10324
10353
10361
10385
10388
10396
10407
10409
10423
10424
10426
10428
10456
10458
10460
10464
10465
10466
10469
10471
10472
10475
10477
10479
10484
10486
10489
10516
10526
10543
10558
10592
10594
10596
10599
10606
10616
10618
10621
10630
10642
10651
10660
10665
10667
10670
10703
10712
10717
10722
10723
10724
10725
10728
10732
10735
10740
10742
10745
10755
10775
10781
10799
10820
10823
10864
10930
10937
10964
10967
10969
10970
10972
10975
10978
10979
10981
10985
10986
10989
10990
10992
10993
10994
10995
10998
10999
11000
11002
11005
11006
11007
11009
11010
11014
11016
11017
11020
11021
11024
11025
11026
11028
11030
11032
11033
11035
11044
11045
11047
11048
11052
11065
11093
11094
11098
11104
11106
11109
11110
11111
11131
11133
11145
11146
11150
11163
11167
11185
11197
11208
11209
11216
11219
11220
11223
11230
11232
11233
11235
11236
11238
11240
11241
11242
11243
11244
11253
11267
11268
11281
11286
11292
11295
11314
11316
11330
11361
11395
11401
11404
11406
11407
11408
11412
11413
11419
11424
11428
11429
11441
11449
11454
11458
11504
11540
11543
11546
11551
11557
11585
11595
11608
11627
11629
11630
11632
11633
11638
11639
11642
11644
11646
11649
11654
11655
11658
11661
11663
11665
11667
11668
11671
11672
11675
11677
11678
11681
11682
11683
11684
11701
11716
11730
11735
11780
11789
11831
11840
11851
11861
11865
11894
11904
11913
11915
11929
11937
11959
11965
12014
12015
12017
12018
12019
12020
12024
12028
12033
12035
12038
12040
12041
12042
12048
12049
12052
12064
12073
12077
12081
12084
12090
12091
12095
12099
12116
12118
12137
12140
12146
12167
12168
12175
12182
12206
12212
12236
12261
12265
12270
12300
12304
12305
12312
12313
12323
12351
12389
12397
12440
12441
12449
12467
12498
12502
12503
12508
12510
12511
12512
12513
12518
12522
12525
12526
12530
12531
12538
12542
12543
12546
12547
12550
12553
12554
12555
12556
12557
12558
12560
12561
12582
12583
12586
12598
12623
12639
12644
12655
12657
12662
12670
12671
12683
12714
12752
12777
12780
12783
12787
12812
12816
12824
12826
12861
12886
12894
12902
12913
12938
12939
12986
12991
13014
13052
13054
13061
13065
13070
13083
13089
13103
13105
13109
13123
13127
13128
13135
13138
13139
13142
13143
13158
13165
13189
13199
13203
13209
13218
13225
13246
13281
13288
13289
13292
13293
13295
13296
13298
13300
13331
13375
13376
13377
13395
13414
13417
13419
13432
13433
13434
13437
13438
13449
13450
13451
13466
13467
13498
13499
13501
13502
13503
13516
13519
13522
13523
13524
13525
13532
13533
13535
13536
13538
13540
13543
13555
13558
13559
13561
13564
13567
13568
13570
13583
13588
13590
13604
13611
13612
13621
13639
13646
13672
13674
13675
13677
13682
13684
13685
13687
13689
13691
13699
13710
13735
13740
13752
13795
13798
13819
13849
13858
13941
13943
13953
14007
14026
14033
14036
14037
14041
14043
14063
14064
14065
14067
14068
14080
14091
14149
14160
14162
14170
14180
14184
14194
14195
14218
14239
14247
14276
14301
14309
14320
14330
14407
14419
14428
14483
14496
14507
14509
14511
14515
14516
14517
14521
14526
14536
14541
14546
14566
14568
14578
14587
14591
14609
14646
14656
14678
14706
14708
14710
14714
14720
14721
14732
14757
14781
14786
14792
14794
14822
14828
14864
14868
14875
14890
14898
14936
14945
14948
14949
15003
15018
15021
15043
15045
15048
15050
15054
15055
15057
15060
15061
15062
15063
15064
15066
15068
15076
15077
15078
15089
15098
15175
15194
15203
15211
15249
15275
15288
15316
15318
15321
15326
15328
15329
15335
15336
15338
15352
15362
15377
15394
15397
15409
15410
15441
15462
15463
15466
15468
15470
15474
15480
15482
15483
15521
15523
15524
15531
15532
15535
15559
15575
15578
15595
15681
15685
15703
15717
15727
15733
15735
15738
15739
15742
15743
15745
15746
15748
15751
15753
15754
15755
15759
15762
15765
15767
15768
15769
15770
15773
15774
15776
15782
15784
15786
15789
15791
15792
15797
15799
15800
15802
15805
15806
15817
15818
15821
15822
15825
15827
15829
15832
15833
15836
15839
15840
15841
15842
15843
15844
15847
15849
15850
15906
15918
15920
15949
15964
15971
15979
16009
16027
16029
16039
16068
16089
16181
16184
16202
16210
16216
16217
16220
16221
16223
16225
16226
16228
16230
16239
16267
16276
16279
16297
16308
16346
16358
16369
16379
16391
16396
16408
16419
16439
16443
16480
16483
16485
16486
16489
16494
16499
16504
16507
16532
16539
16554
16559
16562
16578
16583
16638
16649
16667
16723
16727
16729
16736
16737
16739
16748
16752
16758
16762
16764
16770
16774
16785
16788
16789
16790
16795
16803
16817
16856
16861
16875
16879
16889
16898
16915
16946
16988
17003
17004
17006
17011
17012
17031
17042
17071
17092
17111
17127
17140
17159
17174
17195
17205
17210
17216
17233
17241
17256
17257
17260
17262
17267
17272
17275
17279
17282
17283
17286
17287
17288
17294
17298
17301
17306
17307
17308
17310
17312
17315
17317
17320
17321
17323
17325
17326
17327
17328
17329
17330
17334
17335
17337
17340
17341
17342
17343
17344
17346
17347
17350
17351
17356
17357
17361
17363
17364
17368
17369
17372
17373
17375
17378
17380
17383
17385
17387
17408
17413
17435
17490
17535
17546
17558
17574
17576
17586
17590
17593
17595
17597
17599
17602
17603
17608
17609
17612
17613
17615
17619
17620
17624
17625
17628
17629
17630
17631
17634
17639
17658
17664
17674
17696
17698
17758
17761
17763
17799
17828
17835
17838
17839
17862
17864
17866
17868
17869
17872
17873
17880
17882
17907
17913
17918
17921
17937
17941
17945
17946
17948
17949
17954
17956
17957
17958
17960
17963
17965
17968
17970
17972
17994
18024
18034
18036
18073
18078
18082
18090
18106
18116
18117
18126
18133
18138
18152
18188
18189
18203
18209
18229
18247
18253
18268
18272
18302
18305
18308
18310
18321
18322
18331
18360
18361
18367
18370
18371
18375
18376
18393
18406
18420
18432
18436
18442
18531
18542
18544
18577
18591
18622
18678
18682
18743
18769
18770
18783
18784
18791
18795
18796
18801
18802
18803
18807
18812
18814
18819
18821
18823
18825
18830
18833
18859
18906
18924
18939
18941
18971
18972
18974
18975
18978
18981
18982
18985
18986
18996
18999
19019
19032
19035
19036
19037
19041
19044
19048
19049
19051
19054
19059
19071
19074
19084
19085
19093
19095
19096
19098
19104
19107
19109
19115
19119
19122
19129
19138
19190
19191
19205
19213
19222
19239
19279
19306
19321
19343
19376
19381
19463
19483
19488
19493
19528
19530
19581
19586
19587
19618
19651
19657
19673
19678
19691
19761
19766
19787
19792
19812
19834
19848
19859
19898
19905
19912
19916
19917
19935
19938
19939
19941
19943
19944
19961
19997
20002
20006
20017
20070
20081
20087
20105
20107
20133
20175
20176
20196
20214
20260
20292
20304
20329
20338
20340
20364
20368
20370
20371
20381
20382
20388
20390
20404
20408
20442
20445
20446
20448
20466
20476
20522
20563
20578
20582
20588
20601
20630
20669
20679
20689
20721
20729
20773
20775
20787
20790
20793
20794
20798
20799
20802
20803
20804
20805
20807
20809
20810
20811
20813
20815
20819
20820
20823
20824
20826
20827
20828
20831
20833
20834
20837
20838
20840
20842
20844
20848
20852
20854
20858
20860
20861
20865
20868
20870
20872
20873
20878
20880
20883
20884
20886
20888
20890
20891
20895
20934
20956
20962
20975
20980
20983
20986
21036
21075
21130
21141
21143
21147
21190
21220
21226
21276
21286
21302
21325
21359
21362
21399
21402
21442
21474
21476
21507
21535
21586
21592
21608
21617
21643
21696
21724
21725
21748
21779
21785
21802
21821
21831
21846
21850
21853
21857
21860
21862
21867
21869
21873
21877
21882
21884
21885
21891
21892
21902
21906
21915
21916
21923
21925
21933
21944
21948
21949
21954
21961
21964
21965
21967
21968
22000
22030
22036
22037
22071
22089
22092
22137
22179
22192
22225
22252
22272
22291
22310
22320
22322
22326
22331
22335
22336
22340
22343
22347
22349
22351
22360
22361
22395
22411
22426
22427
22433
22436
22440
22458
22500
22517
22524
22582
22606
22609
22612
22616
22619
22622
22624
22628
22634
22636
22638
22641
22648
22651
22655
22706
22711
22717
22733
22753
22821
22848
22860
22878
22919
22945
22968
22990
23007
23022
23034
23040
23046
23138
23144
23160
23184
23195
23214
23215
23228
23262
23269
23278
23287
23293
23331
23366
23415
23430
23485
23486
23510
23513
23523
23527
23546
23558
23561
23574
23637
23638
23645
23657
23659
23700
23701
23713
23718
23738
23740
23758
23786
23790
23818
23819
23825
23835
23855
23858
23876
23889
23901
23906
23916
24019
24031
24032
24035
24050
24055
24088
24113
24121
24142
24179
24180
24192
24202
24224
24254
24262
24265
24267
24298
24299
24302
24306
24307
24311
24312
24313
24327
24333
24336
24339
24340
24344
24345
24357
24369
24378
24380
24382
24383
24384
24389
24399
24400
24406
24448
24452
24535
24537
24560
24577
24582
24590
24596
24641
24663
24667
24671
24676
24677
24691
24696
24786
24805
24814
24818
24819
24862
24874
24876
24881
24888
24893
24897
24900
24902
24908
24909
24916
24927
24931
24933
24936
24939
24944
24951
24965
24972
24973
24976
24979
24980
24981
24985
24993
24997
25013
25021
25026
25027
25029
25033
25034
25042
25088
25117
25118
25121
25123
25125
25128
25164
25180
25200
25203
25206
25209
25211
25212
25223
25269
25303
25308
25341
25375
25383
25393
25395
25406
25409
25431
25432
25562
25568
25581
25609
25627
25649
25695
25729
25749
25801
25808
25866
25882
25897
25910
25925
25943
25964
26002
26013
26041
26054
26065
26089
26110
26113
26137
26139
26141
26143
26148
26156
26160
26163
26184
26239
26243
26276
26315
26363
26397
26411
26423
26437
26464
26492
26494
26499
26517
26528
26535
26550
26554
26557
26565
26570
26584
26607
26655
26685
26686
26697
26703
26767
26771
26778
26779
26780
26781
26785
26787
26788
26791
26810
26902
26925
26961
26988
27047
27057
27059
27061
27064
27066
27070
27075
27083
27089
27094
27104
27109
27110
27112
27121
27124
27137
27164
27186
27191
27195
27197
27198
27201
27204
27207
27210
27213
27214
27216
27217
27218
27221
27222
27226
27229
27232
27234
27236
27237
27239
27240
27254
27272
27284
27308
27317
27319
27367
27427
27433
27455
27459
27467
27493
27503
27512
27552
27562
27595
27665
27680
27686
27691
27692
27694
27697
27699
27702
27707
27710
27711
27712
27714
27715
27717
27720
27721
27723
27725
27731
27733
27737
27740
27746
27748
27752
27754
27757
27762
27768
27771
27775
27780
27783
27784
27787
27793
27796
27798
27825
27850
27854
27861
27943
27974
27986
27990
28028
28044
28129
28178
28212
28214
28236
28239
28242
28248
28249
28252
28257
28259
28261
28265
28267
28272
28273
28274
28276
28278
28281
28284
28290
28294
28295
28298
28299
28303
28305
28307
28309
28311
28314
28316
28319
28321
28328
28354
28412
28413
28417
28422
28423
28430
28434
28436
28438
28451
28466
28494
28500
28515
28522
28544
28547
28553
28558
28561
28565
28569
28570
28575
28587
28593
28666
28702
28768
28797
28842
28878
28920
28965
28969
29014
29068
29072
29106
29174
29180
29238
29259
29273
29294
29307
29346
29400
29434
29482
29485
29490
29491
29492
29494
29509
29511
29512
29571
29574
29580
29605
29612
29648
29768
29771
29885
29915
29944
29988
30000
30021
30085
30088
30104
30149
30154
30181
30187
30214
30231
30242
30268
30275
30308
30331
30360
30394
30399
30411
30434
30494
30515
30528
30545
30584
30610
30612
30613
30669
30670
30695
30773
30802
30887
30908
30939
30949
30954
30999
31004
31012
31013
31048
31064
31067
31127
31150
31236
31269
31438
31482
31494
31517
31526
31593
31642
31644
31672
31695
31702
31728
31730
31785
31819
31869
31872
31874
31875
31877
31888
31932
31938
31939
31978
31980
31981
31996
31999
32000
32127
32141
32144
32149
32150
32152
32156
32160
32163
32167
32170
32178
32193
32202
32249
32258
32298
32400
32417
32425
32429
32434
32435
32457
32533
32534
32541
32542
32544
32546
32547
32602
32610
32629
32638
32682
32698
32705
32778
32807
32836
32861
32923
32959
32982
33066
33069
33073
33074
33075
33082
33126
33146
33152
33155
33157
33160
33164
33167
33170
33172
33228
33254
33279
33286
33389
33391
33407
33408
33410
33421
33495
33503
33505
33508
33518
33528
33660
33709
33714
33768
33772
33775
33777
33781
33782
33783
33784
33785
33786
33787
33819
33862
33865
33897
33914
33919
33927
33928
34010
34018
34037
34095
34125
34276
34285
34306
34329
34362
34413
34438
34488
34546
34559
34560
34561
34681
34698
34761
34842
34944
34951
34957
34980
35003
35052
35150
35240
35277
35320
35334
35352
35372
35380
35476
35527
35563
35573
35608
35622
35623
35690
35704
35707
35837
35844
35850
35858
35899
35919
35948
35962
35970
35989
36024
36078
36082
36190
36199
36231
36259
36280
36431
36449
36495
36593
36617
36628
36693
36706
36717
36719
36720
36729
36923
36943
36944
36945
36981
37010
37055
37057
37081
37150
37153
37246
37247
37257
37373
37396
37399
37423
37528
37561
37565
37567
37641
37643
37789
37873
37917
37922
37992
38064
38093
38119
38122
38169
38192
38212
38227
38254
38328
38333
38348
38361
38418
38419
38420
38528
38549
38561
38566
38583
38597
38620
38633
38712
38734
38762
38784
39029
39104
39313
39340
39374
39380
39399
39443
39474
39478
39519
39536
39547
39562
39568
39606
39650
39651
39678
39679
39696
39705
39706
39707
39712
39715
39733
39737
39773
39783
39930
40075
40188
40202
40232
40252
40271
40426
40456
40511
40523
40531
40535
40561
40658
40712
40713
40727
40770
40811
40838
40888
41003
41061
41065
41066
41100
41284
41322
41358
41585
41619
41632
41701
41704
41708
41710
41712
41715
41840
41936
41968
42064
42082
42110
42339
42490
42537
42538
42541
42543
42544
42548
42550
42554
42559
42560
42562
42566
42569
42570
42596
42763
42781
42843
42970
43023
43151
43179
43182
43185
43211
43260
43346
43552
43578
43629
43732
44078
44165
44315
44369
44385
44388
44392
44395
44399
44403
44407
44414
44415
44628
44668
44747
44748
44753
44755
44756
44795
44805
45047
45318
45505
45522
45601
45616
45688
45722
45805
45865
45874
45926
46301
46321
46337
46341
46344
46347
46364
46398
46472
46562
46767
46834
46874
47020
47210
47407
47409
47416
47433
47616
47881
