0
20
41
58
77
79
111
112
116
126
133
141
169
173
187
190
191
193
211
216
267
290
296
310
312
333
344
380
384
385
398
417
419
446
454
506
518
527
541
554
557
603
642
646
653
665
667
674
683
690
712
715
754
755
776
783
784
795
804
808
813
818
832
864
865
891
909
913
917
960
975
976
1030
1036
1049
1056
1096
1104
1114
1117
1119
1137
1143
1176
1184
1196
1198
1207
1265
1283
1299
1335
1340
1364
1399
1417
1445
1464
1484
1489
1499
1510
1537
1541
1554
1561
1565
1573
1577
1589
1596
1623
1634
1671
1726
1753
1763
1771
1774
1789
1800
1809
1816
1828
1865
1874
1879
1896
1916
1929
1954
1961
1973
1985
2011
2026
2071
2073
2078
2081
2094
2143
2146
2155
2160
2171
2187
2204
2209
2239
2253
2256
2267
2284
2310
2327
2361
2385
2390
2393
2424
2499
2503
2519
2522
2529
2534
2567
2573
2577
2579
2580
2582
2583
2597
2616
2645
2696
2709
2727
2750
2774
2802
2831
2844
2875
2882
2895
2905
2916
2927
2953
2981
3028
3030
3085
3089
3095
3098
3100
3112
3126
3174
3203
3259
3279
3290
3324
3328
3332
3333
3349
3352
3373
3387
3456
3520
3526
3541
3544
3559
3565
3612
3618
3634
3641
3655
3662
3693
3714
3734
3739
3753
3774
3807
3858
3859
3895
3923
3987
4009
4026
4079
4088
4119
4125
4182
4240
4274
4339
4341
4342
4369
4433
4490
4513
4534
4583
4589
4601
4603
4604
4606
4607
4609
4628
4718
4738
4770
4781
4799
4818
4831
4917
4959
4999
5067
5140
5161
5230
5239
5240
5260
5367
5409
5459
5475
5497
5556
5647
5676
5697
5813
5880
6005
6053
6057
