0 16
0 1
0 22
2 0
2 3
1 16
2 16
1 22
1 1
2 22
0 3
0 29
0 0
0 25
3 16
0 21
2 1
0 26
1 3
1 29
2 29
3 3
1 25
1 0
3 29
0 10
3 1
0 4
0 6
1 10
2 17
2 10
0 9
0 18
1 21
2 26
2 19
0 12
1 9
0 24
1 26
1 4
2 4
1 6
1 12
3 19
2 12
2 20
3 4
3 22
0 14
0 28
3 12
0 23
1 14
2 14
0 5
3 14
2 6
0 11
1 5
2 5
1 18
2 21
1 28
1 24
2 28
0 7
2 24
3 28
3 21
2 2
2 18
3 26
1 11
3 24
0 19
3 5
2 11
3 0
1 7
2 7
1 19
0 17
3 10
2 25
0 27
0 15
2 9
2 8
1 27
1 23
2 27
3 9
1 15
0 2
3 7
2 23
0 13
3 18
2 15
0 20
1 17
3 23
3 27
1 20
3 17
1 2
0 8
1 13
1 8
3 8
3 15
3 2
3 25
3 11
3 20
3 6
2 13
3 13

Score: 83.54999999999991