0
23
26
28
32
33
35
40
41
42
45
49
62
65
66
71
72
73
76
83
86
88
91
93
94
104
105
108
112
114
118
120
121
123
128
131
133
135
138
142
145
146
151
162
171
175
192
199
209
217
227
251
252
256
261
265
273
276
278
281
287
290
292
293
295
299
309
313
320
338
340
341
346
347
353
355
360
364
368
373
374
380
410
416
420
421
423
426
428
430
431
436
440
442
445
446
449
452
462
468
469
475
478
482
483
484
490
497
498
502
505
510
511
516
526
529
531
533
535
536
540
541
542
547
548
554
556
560
561
564
569
573
577
589
597
610
612
616
618
623
628
631
637
638
640
644
645
648
651
653
655
677
691
694
695
697
698
704
705
708
709
714
719
725
727
730
734
736
737
739
750
756
760
762
783
789
855
861
874
890
904
912
914
917
931
959
969
975
978
982
986
989
990
993
1000
1002
1003
1005
1008
1009
1018
1027
1030
1031
1032
1043
1044
1045
1048
1053
1055
1074
1087
1093
1100
1112
1115
1116
1140
1147
1176
1184
1196
1200
1202
1225
1228
1231
1238
1242
1245
1247
1248
1252
1254
1255
1258
1264
1267
1270
1273
1274
1278
1281
1284
1285
1287
1289
1290
1292
1294
1306
1307
1314
1316
1322
1324
1326
1331
1336
1338
1341
1346
1348
1349
1350
1355
1366
1368
1372
1376
1379
1382
1387
1388
1390
1391
1396
1403
1432
1465
1508
1510
1530
1531
1532
1544
1564
1576
1577
1589
1592
1593
1600
1606
1610
1632
1635
1636
1669
1677
1680
1682
1684
1688
1692
1708
1712
1725
1734
1737
1748
1751
1753
1755
1757
1759
1760
1764
1766
1776
1783
1785
1804
1807
1829
1833
1846
1854
1865
1867
1872
1873
1874
1877
1884
1885
1891
1895
1905
1906
1907
1915
1917
1918
1919
1921
1923
1926
1928
1933
1935
1936
1939
1941
1944
1946
1947
1949
1950
1952
1955
1956
1964
1965
1966
1985
2013
2028
2033
2078
2081
2111
2120
2131
2151
2153
2172
2174
2179
2190
2191
2193
2197
2202
2203
2207
2210
2213
2217
2219
2221
2223
2224
2226
2227
2230
2232
2233
2234
2235
2236
2237
2240
2243
2247
2248
2251
2256
2259
2261
2264
2265
2268
2269
2273
2274
2275
2277
2283
2284
2285
2286
2287
2291
2295
2297
2300
2301
2304
2305
2306
2310
2313
2316
2317
2318
2321
2323
2328
2330
2331
2334
2336
2337
2338
2340
2343
2344
2346
2348
2352
2354
2359
2362
2364
2365
2367
2368
2371
2374
2380
2383
2385
2390
2391
2394
2395
2396
2397
2398
2400
2401
2404
2405
2408
2411
2412
2415
2419
2428
2429
2430
2431
2433
2435
2437
2439
2440
2442
2443
2444
2446
2448
2450
2453
2456
2458
2460
2462
2467
2468
2485
2508
2511
2514
2515
2516
2520
2525
2526
2531
2533
2534
2535
2536
2543
2560
2564
2643
2653
2656
2657
2675
2706
2713
2767
2770
2771
2772
2773
2775
2778
2779
2780
2784
2785
2786
2792
2793
2795
2796
2799
2802
2804
2806
2813
2822
2823
2826
2828
2831
2832
2835
2837
2839
2841
2843
2844
2850
2851
2859
2873
2917
2918
2937
2941
2951
2968
2970
2975
2977
2978
2989
2995
2996
3015
3021
3022
3035
3075
3105
3106
3109
3111
3113
3115
3118
3119
3120
3121
3191
3198
3200
3204
3205
3212
3216
3219
3221
3223
3227
3232
3238
3241
3245
3246
3269
3273
3277
3282
3295
3298
3301
3303
3310
3311
3313
3318
3319
3325
3326
3329
3331
3334
3335
3336
3338
3342
3344
3348
3349
3350
3352
3353
3354
3356
3359
3363
3365
3366
3369
3372
3374
3375
3377
3380
3383
3384
3387
3389
3392
3394
3397
3398
3424
3433
3434
3445
3462
3463
3464
3465
3466
3467
3468
3472
3478
3490
3515
3516
3524
3551
3553
3554
3555
3560
3561
3562
3564
3570
3574
3575
3576
3577
3579
3580
3584
3585
3587
3589
3591
3595
3596
3599
3602
3622
3647
3654
3698
3724
3752
3758
3763
3783
3785
3786
3789
3793
3798
3800
3803
3804
3808
3812
3815
3820
3822
3824
3826
3828
3836
3838
3839
3843
3845
3850
3868
3881
3882
3887
3900
3907
3915
3933
3935
3936
3939
3941
3943
3947
3950
3954
3955
3956
3960
3963
3970
3973
3976
3981
4042
4064
4082
4083
4088
4089
4093
4096
4097
4099
4100
4104
4112
4115
4116
4120
4122
4127
4129
4141
4150
4155
4157
4158
4161
4166
4169
4171
4172
4176
4182
4184
4185
4186
4190
4191
4192
4193
4194
4196
4227
4229
4231
4238
4242
4243
4250
4257
4261
4295
4297
4308
4329
4368
4408
4419
4423
4424
4426
4429
4430
4438
4485
4534
4566
4569
4573
4574
4587
4592
4599
4601
4611
4614
4618
4619
4637
4661
4671
4674
4676
4690
4718
4729
4730
4734
4735
4736
4739
4742
4744
4747
4749
4752
4757
4758
4764
4765
4771
4773
4798
4832
4833
4835
4841
4843
4844
4845
4849
4850
4851
4913
4914
4927
4941
4947
4950
4952
4966
4985
4988
4991
5013
5024
5026
5029
5030
5031
5035
5036
5041
5042
5043
5046
5048
5052
5055
5056
5059
5070
5075
5078
5079
5083
5088
5129
5141
5143
5151
5175
5184
5187
5188
5202
5208
5213
5214
5222
5224
5225
5231
5243
5258
5278
5330
5334
5335
5347
5365
5367
5370
5373
5375
5377
5379
5381
5384
5390
5391
5392
5394
5407
5413
5415
5416
5418
5420
5421
5448
5454
5455
5464
5465
5475
5478
5480
5481
5483
5484
5509
5512
5514
5515
5519
5520
5522
5523
5525
5531
5536
5538
5539
5541
5547
5553
5586
5603
5606
5618
5636
5637
5640
5662
5664
5678
5679
5690
5699
5700
5702
5705
5709
5711
5713
5714
5715
5716
5721
5726
5729
5738
5741
5765
5774
5840
5841
5854
5861
5873
5898
5904
5908
5910
5925
5932
5981
6005
6006
6007
6021
6031
6052
6054
6063
6064
6065
6066
6072
6077
6081
6087
6112
6114
6115
6142
6149
6164
6201
6202
6206
6208
6209
6210
6212
6214
6215
6216
6217
6219
6225
6227
6228
6230
6232
6244
6246
6296
6315
6320
6323
6325
6333
6360
6365
6374
6377
6378
6380
6381
6390
6396
6411
6427
6436
6458
6463
6465
6473
6476
6478
6480
6483
6489
6490
6491
6492
6493
6495
6510
6517
6518
6527
6528
6536
6555
6557
6558
6562
6567
6568
6571
6572
6578
6580
6581
6582
6583
6585
6586
6589
6598
6601
6614
6625
6626
6651
6654
6655
6656
6659
6660
6663
6667
6669
6671
6677
6679
6682
6683
6686
6699
6703
6704
6705
6707
6708
6709
6711
6713
6714
6715
6742
6746
6748
6759
6788
6800
6815
6817
6831
6857
6869
6876
6877
6879
6883
6886
6887
6890
6893
6895
6913
6916
6928
6940
6966
6975
6996
7003
7006
7027
7038
7045
7060
7062
7065
7068
7070
7074
7075
7076
7078
7079
7082
7087
7109
7113
7118
7121
7123
7126
7130
7131
7133
7134
7135
7136
7137
7138
7141
7143
7147
7151
7152
7154
7155
7159
7161
7165
7166
7171
7172
7173
7174
7180
7182
7184
7199
7200
7201
7202
7208
7211
7214
7216
7218
7221
7223
7224
7227
7228
7230
7231
7237
7238
7241
7244
7260
7272
7273
7284
7290
7325
7360
7366
7370
7378
7416
7419
7420
7424
7438
7456
7457
7474
7480
7482
7485
7510
7512
7520
7529
7530
7534
7535
7537
7540
7545
7571
7576
7594
7606
7610
7612
7621
7662
7682
7685
7696
7704
7722
7735
7741
7742
7744
7749
7755
7764
7766
7772
7801
7805
7806
7808
7815
7822
7823
7825
7830
7832
7835
7845
7850
7851
7854
7855
7859
7860
7867
7870
7872
7874
7875
7879
7883
7884
7888
7890
7893
7897
7899
7906
7910
7915
7918
7920
7924
7928
7932
7934
7935
7938
7939
7940
7943
7946
7947
7948
7951
7954
7956
7960
7962
7966
7968
7969
7973
7975
7978
7985
7987
7988
7989
7991
7993
7994
8000
8006
8010
8013
8014
8018
8023
8024
8029
8030
8032
8033
8038
8045
8048
8054
8057
8069
8078
8098
8100
8124
8131
8133
8135
8136
8137
8138
8141
8143
8145
8169
8185
8208
8212
8232
8233
8235
8237
8242
8246
8250
8255
8256
8258
8260
8261
8263
8264
8267
8270
8271
8272
8275
8278
8280
8282
8285
8286
8290
8306
8338
8344
8350
8357
8363
8367
8368
8372
8374
8376
8384
8386
8388
8390
8391
8392
8395
8397
8398
8402
8403
8405
8406
8410
8412
8413
8419
8422
8424
8429
8432
8437
8496
8506
8508
8518
8568
8585
8612
8614
8629
8635
8646
8654
8663
8678
8682
8712
8715
8727
8728
8748
8775
8776
8783
8794
8804
8817
8821
8839
8885
8900
8907
8910
8915
8918
8920
8921
8922
8925
8928
8929
8930
8931
8932
8935
8938
8941
8948
8951
8956
8961
8967
8971
8974
8975
8977
8981
9028
9079
9084
9088
9143
9145
9147
9151
9153
9177
9179
9196
9197
9199
9202
9203
9207
9209
9213
9218
9221
9223
9228
9229
9231
9234
9235
9237
9240
9241
9246
9247
9248
9250
9252
9253
9257
9258
9262
9263
9265
9292
9312
9324
9329
9338
9353
9392
9396
9407
9415
9417
9420
9422
9425
9428
9433
9434
9437
9438
9440
9443
9446
9448
9452
9455
9456
9459
9463
9464
9485
9487
9492
9499
9511
9512
9513
9516
9519
9521
9528
9530
9532
9535
9537
9540
9542
9543
9547
9548
9549
9550
9555
9558
9561
9564
9569
9577
9579
9588
9590
9592
9593
9603
9605
9606
9608
9611
9612
9631
9634
9637
9639
9643
9644
9647
9651
9652
9654
9655
9658
9659
9662
9663
9667
9681
9683
9686
9687
9691
9696
9697
9699
9704
9706
9708
9711
9712
9719
9721
9749
9765
9804
9844
9858
9871
9872
9873
9875
9898
9913
9914
9916
9917
9919
9924
9925
9935
9953
9962
9971
9974
9987
10025
10040
10066
10085
10090
10094
10095
10096
10097
10099
10105
10112
10119
10124
10129
10132
10134
10136
10139
10148
10156
10169
10232
10245
10249
10266
10279
10289
10300
10311
10322
10328
10342
10376
10380
10383
10385
10391
10396
10398
10409
10412
10416
10420
10457
10471
10476
10478
10497
10498
10507
10524
10534
10547
10548
10550
10556
10561
10564
10574
10576
10578
10585
10592
10593
10595
10599
10601
10603
10606
10609
10611
10612
10630
10640
10642
10695
10701
10711
10729
10731
10733
10742
10748
10749
10751
10752
10754
10757
10762
10768
10770
10781
10785
10796
10802
10803
10816
10842
10849
10877
10879
10881
10885
10901
10905
10917
10949
10952
10957
10958
10960
10962
10966
10972
10974
10976
10979
10982
10983
10986
10989
11002
11003
11005
11006
11010
11013
11094
11137
11140
11237
11238
11255
11281
11312
11318
11331
11339
11340
11355
11386
11403
11421
11439
11441
11444
11448
11449
11455
11457
11459
11462
11466
11469
11470
11471
11477
11487
11505
11534
11573
11615
11616
11620
11625
11649
11659
11668
11669
11671
11672
11676
11700
11743
11758
11759
11763
11764
11766
11771
11782
11798
11835
11869
11874
11876
11879
11880
11888
11890
11891
11893
11894
11895
11897
11909
11915
11918
11975
11995
12011
12047
12062
12066
12085
12102
12107
12113
12116
12146
12150
12169
12175
12182
12195
12213
12247
12252
12254
12256
12289
12292
12294
12295
12298
12301
12303
12306
12349
12364
12370
12395
12396
12402
12417
12422
12423
12424
12427
12445
12446
12447
12448
12450
12453
12463
12516
12550
12593
12606
12634
12647
12653
12654
12659
12660
12661
12662
12664
12667
12669
12695
12711
12715
12754
12757
12766
12771
12774
12804
12844
12848
12852
12887
12906
12913
12948
12950
12952
12955
12962
12963
12988
12992
12995
13000
13018
13026
13027
13048
13065
13103
13106
13108
13128
13136
13137
13141
13173
13186
13193
13194
13209
13210
13213
13218
13229
13272
13279
13291
13318
13322
13392
13421
13423
13424
13425
13430
13431
13433
13434
13435
13437
13438
13439
13440
13441
13444
13477
13498
13506
13534
13538
13548
13555
13559
13564
13579
13585
13624
13631
13640
13641
13642
13643
13645
13648
13650
13658
13702
13707
13716
13726
13749
13762
13774
13815
13846
13855
13873
13901
13904
13906
13907
13911
13912
13915
13919
13923
13927
13929
13930
13934
13935
13939
13940
13942
13943
13945
13962
13965
13967
14008
14044
14047
14059
14072
14086
14092
14099
14104
14106
14110
14112
14113
14116
14133
14157
14199
14207
14227
14251
14272
14300
14318
14351
14380
14420
14435
14458
14475
14491
14492
14507
14573
14594
14600
14612
14615
14616
14617
14620
14623
14628
14631
14633
14634
14644
14650
14651
14652
14659
14672
14674
14676
14677
14678
14680
14683
14686
14688
14689
14690
14694
14695
14758
14782
14812
14850
14861
14863
14881
14884
14886
14890
14891
14893
14895
14992
14994
15002
15005
15010
15013
15018
15044
15047
15072
15081
15123
15143
15154
15167
15190
15217
15228
15234
15251
15274
15275
15277
15282
15293
15295
15307
15365
15369
15373
15396
15400
15425
15432
15535
15538
15542
15543
15544
15546
15548
15550
15551
15553
15557
15571
15572
15573
15575
15578
15579
15580
15590
15591
15592
15595
15596
15601
15603
15607
15609
15614
15615
15619
15626
15627
15630
15635
15638
15639
15641
15644
15648
15650
15667
15696
15699
15712
15718
15737
15740
15786
15793
15799
15801
15808
15816
15819
15847
15863
16006
16007
16010
16011
16022
16035
16037
16038
16039
16042
16062
16067
16076
16135
16136
16138
16141
16171
16181
16182
16184
16185
16187
16189
16190
16193
16194
16195
16197
16201
16203
16204
16218
16246
16259
16307
16310
16314
16334
16342
16347
16375
16385
16392
16406
16419
16430
16481
16526
16529
16531
16559
16569
16578
16591
16603
16609
16614
16617
16618
16620
16622
16624
16639
16641
16644
16646
16685
16735
16738
16761
16799
16800
16865
16888
16891
16896
16938
16941
16954
16965
16966
16970
16973
16975
16978
16980
16982
16983
16985
16987
16988
16995
17003
17004
17006
17012
17013
17017
17025
17041
17043
17045
17047
17048
17050
17052
17055
17057
17071
17128
17140
17156
17164
17165
17167
17191
17192
17193
17194
17195
17196
17198
17201
17205
17224
17245
17300
17301
17303
17310
17340
17352
17359
17362
17367
17402
17468
17487
17492
17515
17521
17603
17604
17607
17625
17636
17657
17684
17715
17743
17766
17769
17796
17814
17819
17921
17932
17939
17949
17963
17984
18010
18030
18044
18077
18089
18107
18137
18152
18158
18187
18223
18236
18242
18269
18276
18289
18290
18291
18297
18304
18344
18384
18402
18407
18415
18416
18438
18442
18465
18469
18476
18477
18487
18491
18495
18500
18505
18506
18508
18512
18517
18520
18525
18528
18530
18532
18533
18535
18539
18543
18547
18552
18554
18556
18561
18562
18565
18568
18572
18575
18578
18580
18582
18584
18586
18587
18589
18592
18594
18595
18600
18601
18606
18609
18614
18616
18618
18625
18628
18629
18633
18634
18637
18638
18642
18643
18646
18647
18654
18661
18662
18666
18673
18675
18679
18682
18684
18685
18687
18691
18692
18693
18697
18698
18703
18704
18708
18713
18716
18720
18721
18722
18725
18739
18740
18744
18749
18758
18763
18766
18771
18776
18782
18790
18794
18795
18799
18801
18805
18807
18808
18810
18818
18820
18823
18824
18825
18828
18829
18830
18840
18873
18900
18903
18904
18915
18925
18995
18999
19005
19018
19027
19041
19071
19082
19108
19139
19148
19162
19163
19167
19170
19172
19175
19178
19179
19180
19188
19189
19193
19203
19211
19221
19249
19251
19274
19292
19297
19304
19343
19427
19444
19506
19526
19615
19670
19700
19732
19753
19777
19818
19821
19828
19841
19846
19856
19857
19858
19867
19869
19891
19892
19893
19901
19946
19973
19984
20036
20049
20053
20056
20058
20070
20079
20101
20112
20130
20163
20188
20219
20268
20320
20323
20339
20357
20413
20437
20491
20550
20565
20590
20638
20647
20673
20724
20738
20802
20849
20924
20944
20955
20961
20980
20981
20985
20992
21029
21030
21038
21067
21126
21133
21151
21156
21184
21238
21244
21271
21277
21280
21286
21288
21290
21293
21298
21318
21320
21326
21350
21351
21367
21369
21381
21399
21409
21419
21420
21421
21432
21486
21496
21525
21532
21553
21601
21607
21616
21645
21683
21728
21729
21744
21752
21762
21863
21912
21913
21961
21968
21983
22004
22058
22108
22126
22134
22147
22148
22189
22191
22224
22225
22226
22246
22259
22264
22274
22284
22285
22286
22296
22298
22299
22318
22323
22325
22331
22333
22334
22337
22340
22344
22346
22348
22350
22371
22392
22413
22431
22466
22468
22484
22494
22501
22533
22563
22576
22581
22584
22586
22601
22602
22630
22636
22637
22641
22643
22645
22647
22650
22674
22688
22718
22740
22742
22750
22786
22801
22810
22834
22857
22871
22872
22877
22887
22897
22908
22938
22983
23000
23054
23058
23081
23115
23123
23125
23127
23129
23132
23135
23141
23143
23144
23145
23147
23148
23149
23150
23153
23156
23158
23159
23161
23164
23165
23168
23169
23171
23174
23214
23225
23250
23272
23286
23321
23326
23327
23333
23347
23352
23391
23471
23475
23477
23481
23483
23484
23488
23491
23496
23498
23499
23500
23502
23504
23512
23513
23516
23518
23522
23523
23524
23526
23529
23532
23536
23542
23545
23547
23549
23551
23554
23557
23560
23561
23563
23566
23569
23571
23575
23579
23582
23583
23585
23586
23588
23591
23593
23597
23600
23602
23658
23682
23710
23712
23716
23719
23722
23723
23724
23725
23743
23756
23777
23806
23826
23836
23852
23858
23860
23865
23883
23901
23932
23941
23991
23994
23998
24004
24022
24035
24078
24102
24139
24218
24249
24258
24273
24275
24277
24278
24279
24284
24285
24286
24289
24292
24293
24297
24300
24301
24303
24358
24417
24422
24423
24437
24480
24502
24509
24533
24551
24560
24571
24599
24602
24645
24660
24677
24682
24698
24737
24743
24793
24799
24809
24822
24828
24830
24852
24864
24908
24912
24928
24962
24984
25014
25054
25094
25149
25162
25163
25166
25177
25205
25245
25248
25254
25255
25260
25263
25271
25288
25297
25305
25307
25310
25314
25315
25318
25319
25321
25324
25327
25329
25334
25335
25340
25347
25349
25351
25352
25353
25355
25361
25367
25369
25375
25382
25395
25396
25404
25433
25445
25451
25467
25471
25474
25477
25496
25501
25504
25506
25514
25515
25525
25566
25572
25573
25575
25576
25585
25586
25660
25694
25704
25758
25783
25894
25921
25948
25956
25960
25962
25965
25969
25972
25975
25980
25982
25990
26001
26038
26040
26069
26102
26103
26128
26172
26178
26240
26241
26243
26248
26249
26253
26257
26258
26261
26264
26269
26271
26273
26274
26278
26281
26289
26292
26293
26296
26300
26305
26306
26311
26314
26315
26319
26321
26325
26327
26329
26333
26334
26335
26339
26341
26344
26349
26350
26353
26360
26362
26365
26367
26370
26390
26391
26392
26402
26433
26439
26442
26458
26459
26469
26479
26544
26554
26575
26626
26636
26672
26689
26703
26725
26769
26853
26917
26954
26979
26987
27005
27014
27041
27063
27118
27125
27139
27188
27189
27216
27219
27221
27233
27236
27241
27392
27396
27399
27400
27405
27410
27418
27428
27429
27431
27450
27453
27466
27474
27475
27479
27501
27510
27526
27527
27529
27532
27535
27538
27540
27542
27545
27558
27583
27637
27639
27675
27681
27683
27685
27686
27689
27692
27696
27697
27701
27702
27708
27709
27722
27723
27725
27727
27729
27732
27734
27736
27746
27747
27748
27749
27751
27754
27759
27763
27765
27767
27769
27824
27864
27870
27874
27875
27876
27880
27884
27891
27898
27900
27919
27920
27921
28051
28069
28103
28168
28180
28222
28240
28247
28248
28264
28273
28275
28277
28282
28291
28293
28297
28299
28300
28304
28307
28316
28322
28339
28380
28387
28390
28424
28428
28446
28485
28490
28502
28505
28506
28508
28509
28534
28539
28567
28658
28726
28755
28772
28783
28784
28788
28811
28894
28908
28909
28912
28914
28917
28920
28925
29010
29013
29015
29018
29065
29133
29150
29182
29184
29187
29209
29210
29309
29310
29311
29316
29323
29331
29335
29348
29354
29356
29370
29378
29380
29382
29393
29398
29412
29415
29442
29454
29458
29459
29483
29514
29545
29548
29616
29725
29766
29881
29895
29933
29980
29983
30016
30021
30023
30025
30030
30032
30033
30035
30037
30044
30046
30051
30058
30062
30065
30067
30075
30086
30122
30183
30204
30221
30283
30326
30498
30551
30552
30559
30560
30575
30598
30635
30650
30782
30783
30892
30893
30898
30899
30900
30905
30922
30926
30948
30986
31015
31021
31046
31054
31149
31154
31221
31262
31269
31290
31319
31337
31451
31460
31463
31464
31465
31492
31493
31495
31497
31498
31500
31501
31520
31521
31555
31592
31657
31799
31805
31809
31812
31819
31820
31831
31845
31848
31880
31888
31905
31936
31993
32003
32016
32027
32034
32039
32044
32049
32053
32059
32062
32065
32071
32074
32086
32090
32106
32115
32119
32122
32133
32140
32143
32185
32195
32200
32205
32215
32305
32358
32390
32479
32480
32637
32669
32679
32685
32750
32762
32789
32805
32885
32947
32977
32980
33038
33065
33071
33116
33120
33197
33223
33263
33264
33265
33269
33272
33280
33292
33295
33296
33449
33544
33546
33578
33602
33605
33607
33619
33679
33708
33724
33768
33771
33820
33959
33979
34014
34031
34037
34038
34045
34053
34055
34061
34064
34066
34070
34075
34079
34114
34119
34141
34155
34162
34165
34170
34176
34181
34205
34210
34221
34234
34237
34239
34250
34254
34259
34281
34294
34296
34298
34299
34303
34308
34312
34313
34314
34316
34319
34322
34324
34326
34327
34330
34332
34333
34335
34337
34340
34341
34344
34347
34349
34350
34354
34356
34357
34360
34383
34390
34398
34400
34408
34409
34415
34429
34433
34436
34450
34453
34473
34477
34488
34489
34493
34495
34498
34500
34501
34502
34503
34512
34516
34522
34527
34531
34532
34536
34538
34541
34542
34544
34546
34548
34553
34554
34558
34560
34562
34568
34570
34574
34578
34580
34582
34583
34584
34586
34588
34589
34591
34593
34595
34596
34636
34713
34716
34756
34758
34760
34761
34762
34765
34767
34771
34772
34775
34777
34786
34787
34791
34793
34796
34799
34800
34802
34803
34806
34814
34821
34824
34829
34831
34833
34861
34862
34916
34967
34992
35052
35105
35122
35124
35182
35183
35203
35268
35298
35300
35301
35324
35338
35404
35504
35525
35548
35635
35637
35658
35679
35688
35692
35704
35708
35711
35712
35713
35717
35720
35721
35727
35731
35734
35758
35765
35770
35816
35843
35844
35846
35857
35863
35872
35873
35878
35883
35887
35891
35895
35896
35897
35902
35904
35910
35920
35921
35929
35936
35948
35954
35963
35968
35969
36007
36027
36034
36038
36044
36065
36071
36073
36084
36093
36104
36112
36148
36164
36172
36287
36319
36325
36345
36367
36408
36443
36444
36526
36549
36637
36674
36754
36755
36839
36842
36843
36844
36850
36851
36853
36854
36856
36859
36865
36868
36871
36873
36907
36981
37013
37137
37200
37203
37204
37206
37214
37222
37226
37228
37229
37234
37238
37243
37245
37248
37250
37251
37252
37255
37257
37292
37300
37341
37357
37405
37443
37484
37487
37518
37656
37678
37724
37779
37809
37835
37858
37906
37907
37945
37949
37951
37955
37959
37963
37967
37978
37982
37988
37992
37996
38017
38072
38110
38115
38130
38132
38139
38142
38150
38154
38157
38160
38165
38167
38197
38222
38249
38277
38393
38505
38537
38548
38564
38622
38638
38656
38663
38817
38868
38897
39011
39054
39074
39143
39148
39163
39169
39173
39180
39186
39193
39208
39289
39367
39387
39395
39421
39428
39431
39434
39474
39549
39577
39592
39671
39750
39780
39788
39942
39948
39950
39978
40047
40144
40148
40152
40154
40174
40258
40270
40284
40353
40375
40572
40573
40582
40587
40643
40677
40734
40743
40776
40792
40820
40822
40830
40877
40963
41029
41119
41205
41226
41286
41290
41329
41341
41374
41381
41503
41517
41585
41604
41607
41666
41755
41897
41934
41935
42048
42092
42131
42245
42271
42278
42413
42481
42514
42536
42555
42606
42647
42653
42656
42661
42667
42668
42670
42678
42686
42687
42695
42704
42778
42839
42869
43069
43187
43197
43281
43367
43559
43626
43697
43699
43703
43709
43710
43715
43718
43723
43729
43735
43794
43880
44039
44100
44108
44111
44115
44118
44238
44289
44298
44321
44335
44457
44778
44795
44893
44948
45043
45050
45135
45137
45139
45140
45144
45243
45266
45342
45377
45590
45684
45872
45982
45987
45995
45997
45998
46000
46009
46015
46195
46343
46350
46351
46354
46358
46370
46371
46448
46450
46486
46487
46493
46612
46675
46677
46680
46687
46689
46691
46699
46709
46714
46716
46725
46731
46743
46751
46757
46782
46788
46794
47066
47132
47137
47147
47148
47152
47154
47155
47159
47237
47248
47266
47270
47271
47275
47282
47284
47288
47294
47311
47314
47320
47321
47628
47649
47650
47678
47965
