0 39
0 27
1 39
2 19
3 19
2 39
1 27
0 19
3 39
0 24
1 19
2 24
2 34
3 24
4 39
2 30
1 24
0 30
0 13
4 24
2 27
2 17
4 19
0 3
2 3
3 3
4 3
0 9
0 49
0 34
1 30
1 3
3 27
3 30
2 5
2 9
1 9
0 1
3 9
2 49
4 9
2 1
2 15
3 1
1 49
1 1
0 20
1 13
4 27
4 1
3 5
1 20
0 32
2 13
0 12
3 34
1 32
0 5
1 34
1 12
0 45
1 5
0 18
3 49
3 13
2 32
2 48
1 18
0 25
0 48
2 20
2 42
0 0
3 20
1 48
2 36
3 36
4 49
4 13
1 25
0 36
0 37
2 45
2 44
2 38
1 0
0 33
1 36
0 6
3 48
0 16
2 37
3 38
2 6
3 32
4 48
1 33
1 16
3 6
2 35
2 25
2 16
4 36
3 45
1 45
0 22
1 37
1 6
2 22
3 22
2 18
2 2
2 21
4 6
3 17
3 37
0 14
1 22
2 12
3 42
1 14
0 15
4 20
2 33
4 5
0 42
1 15
0 17
3 16
0 11
2 28
2 29
4 37
3 33
3 21
4 16
4 17
4 32
1 17
0 21
1 42
1 11
2 46
2 0
2 11
1 21
0 44
4 33
2 40
3 18
0 2
0 38
0 40
0 35
1 44
3 0
4 45
4 42
3 28
3 2
3 12
1 40
0 46
4 30
3 25
2 8
0 43
1 35
1 2
0 47
1 38
0 8
3 11
4 0
4 11
2 47
2 4
4 21
3 8
2 14
4 2
4 8
2 43
1 8
4 12
3 47
1 47
1 43
0 7
1 46
4 18
4 47
3 15
0 23
1 7
4 34
2 31
4 25
0 10
2 23
3 46
2 10
3 31
0 31
3 29
1 31
1 10
0 41
3 10
2 7
1 23
0 29
2 26
3 44
3 23
3 43
4 10
1 29
0 28
1 41
3 14
3 40
2 41
3 41
4 31
0 26
4 22
4 43
4 46
4 14
1 26
0 4
1 28
4 15
1 4
3 7
4 40
3 26
3 4
4 41
4 44
4 7
4 38
3 35
4 35
4 29
4 28
4 23
4 26
4 4

Score: 362.48650827322854