0 4
0 10
0 24
1 4
0 29
2 4
0 21
3 4
0 12
1 29
2 9
1 21
2 29
1 24
1 12
2 12
0 2
1 10
2 10
2 21
2 24
0 18
0 19
0 23
1 2
2 2
3 12
4 4
3 10
2 17
3 24
1 18
0 8
3 29
4 24
3 2
4 29
0 1
1 23
2 23
0 22
2 18
0 17
0 16
0 27
1 1
2 1
0 20
4 2
1 19
1 8
1 22
3 23
3 1
0 15
2 19
4 1
0 28
2 8
4 23
4 12
3 8
1 15
0 26
2 15
1 17
2 22
1 28
1 16
3 17
0 5
3 19
2 16
1 26
2 26
3 26
4 26
2 28
0 25
3 21
3 18
3 15
0 7
4 10
2 3
2 6
4 17
3 28
0 9
0 6
4 21
0 3
1 7
1 25
2 25
2 7
3 22
1 5
3 16
0 14
2 5
3 25
0 11
1 20
4 19
1 6
2 20
1 14
3 5
1 27
2 13
4 28
4 22
2 14
4 5
0 13
0 0
1 3
4 16
3 6
3 3
3 20
4 6
1 0
1 11
2 0
2 11
2 27
1 9
1 13
3 0
3 11
4 11
3 9
3 27
3 13
4 25
4 8
3 7
4 0
4 9
4 3
4 15
4 13
4 18
3 14
4 7
4 20
4 27
4 14

Score: 73.18000000000048