0
17131
17133
17134
17159
17210
17293
17300
17301
17353
17356
17376
17384
17391
17398
17400
17402
17403
17404
17407
17426
17436
17483
17492
17564
17573
17591
17620
17621
17634
17754
17766
17768
17796
17800
17837
17863
17879
17880
17891
17899
17911
17913
17919
17924
17948
17958
17977
17988
18002
18053
18059
18093
18094
18095
18097
18100
18103
18106
18107
18120
18124
18140
18145
18152
18156
18159
18160
18182
18201
18205
18216
18218
18256
18261
18273
18276
18281
18282
18288
18289
18291
18295
18306
18315
18323
18325
18326
18328
18329
18331
18332
18377
18387
18404
18441
18455
18489
18495
18498
18548
18563
18564
18620
18624
18653
18655
18680
18684
18685
18765
18785
18789
18796
18812
18838
18882
18894
18919
18928
18952
18968
18973
18995
19000
19008
19010
19011
19013
19017
19019
19021
19024
19025
19026
19029
19034
19036
19056
19075
19078
19079
19111
19141
19160
19161
19164
19166
19167
19168
19171
19173
19175
19181
19183
19184
19187
19188
19193
19195
19198
19199
19200
19202
19204
19208
19209
19210
19211
19213
19214
19239
19246
19257
19300
19322
19333
19336
19338
19353
19360
19367
19375
19393
19404
19420
19422
19423
19424
19451
19455
19500
19506
19520
19522
19526
19539
19592
19607
19609
19610
19612
19614
19690
19697
19726
19740
19750
19762
19780
19805
19808
19809
19810
19811
19814
19816
19853
19899
19928
19989
19997
20010
20022
20043
20044
20063
20081
20091
20092
20109
20127
20130
20151
20166
20197
20216
20218
20220
20223
20225
20271
20312
20332
20338
20350
20382
20386
20405
20406
20416
20421
20425
20428
20431
20449
20465
20473
20479
20487
20511
20514
20515
20518
20570
20593
20608
20619
20642
20662
20698
20701
20706
20708
20709
20710
20711
20714
20724
20729
20730
20732
20734
20735
20741
20743
20782
20786
20790
20793
20819
20829
20830
20835
20845
20880
20889
20894
20905
20939
20980
21012
21040
21042
21044
21050
21052
21054
21058
21059
21061
21062
21064
21068
21074
21076
21077
21079
21083
21084
21090
21104
21142
21145
21147
21150
21156
21178
21187
21202
21204
21207
21218
21256
21278
21306
21314
21317
21328
21380
21408
21424
21441
21461
21501
21528
21532
21535
21539
21544
21546
21548
21553
21555
21557
21558
21560
21561
21591
21642
21656
21671
21705
21709
21763
21767
21772
21784
21790
21797
21823
21824
21857
21871
21903
21930
21944
21961
21998
22024
22113
22165
22173
22175
22177
22180
22184
22187
22192
22194
22200
22203
22207
22221
22223
22227
22232
22234
22236
22238
22239
22241
22243
22244
22250
22252
22253
22255
22262
22263
22266
22267
22270
22285
22298
22320
22387
22390
22392
22406
22417
22420
22452
22456
22458
22461
22462
22464
22511
22515
22521
22642
22664
22680
22723
22734
22767
22773
22795
22843
22869
22889
22921
22927
22942
22991
22996
23008
23050
23063
23071
23078
23104
23163
23180
23198
23225
23227
23266
23269
23283
23340
23347
23359
23396
23507
23542
23548
23582
23609
23653
23654
23656
23658
23660
23666
23676
23678
23683
23689
23695
23728
23770
23786
23797
23819
23820
23822
23824
23835
23875
23916
23966
23969
23993
24002
24003
24055
24059
24085
24086
24092
24094
24168
24181
24220
24244
24246
24250
24272
24282
24285
24293
24299
24303
24343
24374
24375
24404
24477
24576
24577
24586
24641
24645
24696
24736
24737
24738
24739
24741
24743
24745
24747
24748
24749
24752
24762
24766
24820
24842
24844
24908
24909
24911
24913
24916
24921
24928
24931
24933
24939
24943
24947
24948
24950
24954
24957
24963
24967
24968
24969
24974
24976
24977
24989
25070
25074
25082
25086
25098
25099
25105
25129
25146
25150
25157
25164
25167
25182
25209
25224
25246
25313
25382
25386
25398
25427
25433
25439
25442
25444
25445
25449
25451
25452
25453
25455
25473
25514
25565
25642
25669
25699
25725
25772
25774
25794
25817
25941
25953
25978
26079
26146
26178
26198
26230
26237
26240
26244
26247
26248
26250
26251
26254
26258
26312
26318
26432
26452
26475
26528
26536
26547
26568
26607
26679
26800
26824
26826
26890
26894
26950
26988
26992
27078
27107
27125
27153
27284
27291
27309
27317
27352
27395
27493
27538
27542
27601
27602
27613
27621
27653
27663
27682
27689
27706
27707
27711
27712
27713
27716
27802
27836
27841
27921
27983
28010
28016
28017
28020
28027
28028
28031
28034
28037
28041
28048
28051
28053
28057
28061
28063
28071
28077
28078
28106
28113
28190
28194
28218
28293
28297
28319
28468
28535
28586
28609
28615
28624
28631
28643
28666
28679
28682
28686
28689
28701
28715
28779
28908
28919
28950
29035
29134
29176
29184
29211
29226
29236
29273
29327
29329
29344
29400
29408
29471
29492
29516
29563
29607
29710
29761
29813
29931
29983
30021
30026
30064
30133
30149
30154
30193
30194
30195
30196
30200
30235
30261
30267
30287
30327
30369
30440
30448
30458
30481
30507
30527
30539
30581
30628
30641
30660
30714
30717
30801
30853
30874
30932
30934
30937
30939
30943
30948
30956
30957
30962
30985
31065
31084
31136
31151
31183
31241
31279
31308
31343
31345
31412
31414
31417
31418
31422
31424
31430
31431
31435
31436
31466
31471
31473
31475
31540
31548
31580
31797
31800
31816
31830
31852
31883
31904
31928
31970
31981
31985
32028
32069
32073
32101
32195
32198
32200
32201
32204
32206
32227
32241
32280
32313
32406
32435
32489
32499
32516
32598
32600
32664
32665
32691
32761
32764
32768
32770
32791
32819
32929
32995
33014
33111
33189
33191
33192
33220
33270
33309
33358
33382
33394
33403
33409
33411
33412
33416
33418
33419
33420
33429
33431
33436
33446
33458
33463
33473
33478
33497
33519
33589
33608
33628
33694
33732
33754
33813
33875
33950
33953
33975
33985
34062
34161
34229
34258
34306
34315
34334
34346
34358
34412
34436
34539
34558
34629
34688
34710
35158
35278
35341
35383
35459
35485
35530
35702
35791
35857
35928
35975
36054
36125
36259
36336
36436
36438
36441
36484
36485
36632
36770
36774
36780
36791
36837
36882
36887
37062
37390
37432
37554
37663
37671
37713
37759
37810
37826
37975
38003
38007
38012
38015
38016
38017
38018
38019
38020
38022
38023
38025
38026
38027
38031
38033
38035
38036
38037
38042
38044
38046
38047
38048
38053
38054
38059
38060
38064
38066
38068
38070
38071
38076
38079
38081
38084
38086
38087
38164
38313
38470
38476
38596
38652
38666
38705
38755
38949
39048
39140
39354
39412
39479
39513
39569
39571
39572
39579
39697
39792
40027
40160
40164
40215
40233
40360
40568
40860
40923
40966
41012
41115
41132
41343
41401
41554
41589
41798
41870
42018
42025
42120
42162
42394
42532
42988
43304
43643
43658
43869
44097
44209
44298
44384
44557
44558
44678
44682
44903
44944
