0
4
6
7
8
17
26
28
30
33
36
39
43
44
47
49
51
54
61
67
69
70
75
78
80
81
85
87
88
91
93
98
106
109
112
117
118
133
145
162
164
172
173
175
176
177
180
186
190
197
200
201
203
205
207
208
210
214
216
217
219
221
223
230
235
250
258
270
271
277
281
282
292
293
295
298
300
301
303
305
307
308
311
317
319
323
324
328
329
339
344
346
350
369
370
399
410
411
412
414
418
420
421
423
438
452
453
466
480
485
489
490
529
535
538
541
543
548
588
589
590
599
614
629
630
638
639
646
647
676
682
685
686
688
696
699
713
716
721
722
727
735
736
741
748
749
753
756
769
775
779
780
789
796
814
816
827
837
849
860
864
868
869
883
892
906
907
910
918
920
921
975
984
997
1003
1016
1018
1026
1051
1054
1064
1075
1083
1115
1126
1139
1140
1145
1153
1162
1189
1204
1205
1237
1245
1253
1265
1273
1277
1280
1287
1304
1311
1319
1329
1339
1346
1359
1362
1363
1381
1403
1406
1407
1421
1427
1431
1446
1454
1463
1470
1481
1508
1536
1538
1547
1580
1586
1594
1659
1663
1667
1669
1680
1688
1693
1705
1711
1720
1721
1737
1748
1754
1759
1762
1765
1780
1799
1801
1806
1807
1834
1856
1867
1892
1901
1902
1912
1942
1944
1965
1975
2006
2052
2061
2079
2081
2104
2105
2128
2177
2180
2192
2205
2212
2224
2227
2256
2277
2287
2300
2306
2307
2316
2324
2326
2357
2361
2364
2365
2371
2373
2388
2396
2409
2410
2414
2423
2430
2440
2454
2461
2480
2484
2486
2489
2501
2529
2531
2546
2553
2570
2578
2592
2602
2614
2619
2629
2638
2647
2649
2651
2672
2690
2695
2697
2702
2708
2716
2718
2722
2723
2724
2725
2728
2730
2733
2734
2736
2743
2765
2771
2772
2773
2776
2797
2801
2802
2809
2814
2834
2841
2846
2847
2867
2873
2875
2876
2885
2899
2902
2916
2917
2931
2972
2979
3002
3003
3006
3008
3015
3018
3033
3034
3038
3039
3043
3047
3058
3066
3079
3081
3113
3118
3152
3156
3169
3181
3224
3227
3237
3241
3248
3259
3288
3298
3307
3313
3351
3387
3391
3396
3398
3426
3427
3429
3478
3489
3507
3535
3558
3568
3589
3594
3599
3610
3613
3652
3653
3654
3658
3660
3661
3665
3672
3673
3675
3679
3681
3682
3684
3686
3687
3695
3699
3705
3707
3710
3712
3735
3741
3752
3780
3782
3792
3802
3813
3816
3830
3840
3860
3863
3869
3881
3883
3887
3890
3893
3907
3920
3928
3946
3947
3961
3968
3969
3971
3991
4034
4037
4042
4080
4081
4126
4143
4174
4183
4192
4228
4231
4232
4240
4248
4257
4286
4291
4295
4298
4308
4331
4334
4335
4347
4349
4357
4395
4420
4435
4437
4451
4452
4453
4455
4457
4458
4463
4465
4476
4480
4493
4502
4508
4509
4529
4593
4603
4617
4621
4641
4652
4659
4668
4679
4690
4698
4727
4752
4766
4769
4800
4806
4824
4836
4843
4862
4871
4899
4921
4926
4930
4942
4957
4980
5002
5005
5041
5056
5071
5075
5083
5108
5158
5172
5180
5194
5206
5244
5282
5291
5294
5295
5326
5330
5331
5366
5387
5397
5403
5423
5438
5452
5456
5474
5485
5508
5524
5537
5547
5571
5586
5596
5601
5617
5627
5632
5644
5661
5679
5682
5689
5700
5708
5714
5720
5732
5744
5788
5817
5841
5843
5855
5861
5887
5894
5907
5912
5965
5999
6019
6020
6030
6051
6069
6079
6124
6146
6167
6177
6210
6219
6226
6288
6309
6314
6358
6373
6438
6481
6488
6530
6532
6541
6555
6557
6574
6609
6620
6622
6630
6641
6648
6672
6684
6692
6694
6695
6697
6710
6719
6740
6750
6751
6757
6770
6799
6805
6819
6826
6848
6857
6880
6907
6914
6924
6936
6940
6985
7030
7034
7049
7062
7096
7098
7106
7141
7160
7165
7170
7180
7200
7225
7274
7297
7317
7332
7340
7343
7386
7399
7406
7412
7422
7443
7444
7455
7478
7491
7505
7532
7541
7565
7573
7606
7635
7652
7687
7697
7728
7756
7805
7882
7891
7941
7952
8008
8026
8062
8129
8132
8159
8180
8186
8237
8244
8246
8259
8384
8427
8530
8587
8606
8629
8631
8636
8638
8640
8643
8644
8650
8651
8667
8704
8711
8755
