0
2
16
17
44
45
48
56
57
67
71
75
85
88
95
96
98
104
111
113
115
132
134
143
148
155
164
173
180
193
194
208
211
214
216
219
225
227
242
252
259
274
278
301
312
313
318
320
324
339
342
344
350
356
361
372
377
378
386
395
404
420
425
430
432
437
448
454
468
469
481
486
518
529
543
547
556
561
588
599
606
633
637
657
658
661
674
692
696
699
701
709
715
725
734
745
746
774
785
815
818
822
829
831
841
847
851
858
874
887
896
898
920
925
926
927
933
936
957
975
977
981
993
998
999
1005
1013
1060
1065
1072
1075
1078
1079
1080
1091
1114
1119
1123
1136
1154
1178
1192
1201
1204
1205
1240
1242
1243
1257
1277
1280
1285
1286
1287
1290
1296
1299
1306
1321
1324
1329
1335
1338
1341
1345
1359
1365
1387
1389
1392
1401
1415
1425
1433
1436
1441
1454
1458
1459
1502
1517
1518
1530
1532
1543
1552
1554
1558
1567
1579
1580
1581
1611
1614
1620
1623
1630
1640
1648
1665
1671
1677
1689
1704
1708
1710
1724
1737
1743
1744
1750
1784
1795
1802
1818
1856
1896
1905
1916
1917
1964
1967
1990
1992
2000
2002
2039
2055
2065
2075
2085
2091
2102
2103
2110
2142
2167
2176
2180
2182
2196
2200
2238
2255
2259
2264
2265
2268
2291
2309
2311
2325
2332
2349
2361
2374
2380
2390
2421
2423
2449
2452
2458
2467
2490
2502
2519
2531
2536
2547
2572
2581
2585
2587
2590
2593
2594
2597
2598
2626
2652
2657
2666
2705
2707
2711
2725
2756
2765
2771
2788
2804
2813
2831
2841
2844
2872
2886
2908
2935
2945
2946
2953
2968
2973
2982
2994
3019
3024
3043
3048
3052
3061
3070
3075
3103
3104
3127
3132
3172
3206
3271
3284
3302
3331
3337
3346
3359
3417
3445
3487
3505
3520
3531
3569
3607
3650
3720
3732
3759
