0
16
18
20
22
24
26
28
29
33
34
42
60
64
65
67
72
117
121
132
134
138
150
156
160
174
176
178
181
182
185
186
187
188
197
198
201
227
229
230
243
251
252
254
256
259
261
264
267
269
270
271
272
276
286
291
292
305
308
311
316
320
322
324
335
336
339
342
345
346
347
349
355
356
358
359
361
364
368
370
373
381
384
387
391
394
399
402
405
408
410
411
414
416
418
421
425
429
430
433
434
437
438
439
440
445
448
449
450
451
452
456
458
460
461
465
470
471
473
476
479
480
482
502
503
519
542
547
548
551
553
554
566
570
573
575
580
582
597
598
601
602
608
612
620
623
625
633
638
639
641
643
645
649
651
654
665
675
676
678
680
682
683
686
687
716
717
721
756
757
758
762
763
766
767
772
778
779
780
781
782
783
828
839
846
847
855
859
864
866
868
870
873
890
903
931
933
935
938
944
945
946
947
954
955
960
962
969
984
1007
1021
1034
1037
1041
1045
1047
1049
1054
1055
1056
1059
1062
1064
1065
1071
1079
1095
1096
1099
1100
1101
1103
1107
1111
1141
1146
1153
1166
1174
1219
1247
1257
1267
1271
1280
1287
1292
1302
1306
1307
1325
1327
1330
1334
1341
1344
1350
1353
1367
1395
1409
1436
1448
1466
1506
1509
1513
1515
1517
1522
1523
1525
1529
1531
1535
1537
1538
1541
1544
1551
1552
1554
1556
1558
1573
1586
1591
1596
1608
1636
1645
1652
1656
1689
1695
1699
1726
1733
1735
1739
1752
1753
1769
1772
1819
1821
1836
1837
1848
1864
1867
1889
1893
1901
1904
1915
1924
1925
1937
1939
1958
1962
1965
1971
1975
1978
1984
1996
2000
2009
2011
2016
2018
2019
2022
2024
2026
2028
2031
2033
2042
2043
2044
2046
2058
2069
2072
2073
2075
2079
2081
2082
2085
2086
2089
2091
2094
2095
2103
2113
2123
2126
2127
2131
2133
2134
2139
2141
2143
2144
2145
2148
2151
2155
2159
2165
2166
2167
2178
2180
2182
2191
2222
2233
2241
2248
2270
2275
2280
2284
2318
2330
2331
2334
2337
2345
2350
2355
2362
2363
2373
2384
2398
2399
2401
2403
2405
2410
2411
2413
2423
2437
2443
2448
2452
2454
2467
2481
2487
2514
2536
2551
2557
2587
2588
2589
2591
2599
2601
2615
2630
2636
2643
2646
2657
2670
2712
2717
2720
2725
2738
2742
2751
2753
2755
2756
2758
2762
2764
2765
2771
2824
2830
2831
2832
2833
2837
2839
2840
2841
2877
2882
2883
2886
2887
2888
2895
2917
2918
2919
2922
2924
2927
2928
2942
2944
2947
2950
2952
2956
2957
2958
2960
2964
2965
2968
2970
2971
2975
2976
2978
2980
2981
2984
2999
3000
3001
3002
3007
3009
3010
3012
3014
3017
3019
3022
3024
3025
3027
3032
3036
3039
3040
3042
3048
3051
3053
3056
3058
3059
3063
3068
3074
3078
3115
3126
3127
3155
3162
3164
3166
3167
3182
3192
3199
3203
3204
3210
3214
3217
3218
3228
3234
3237
3240
3242
3252
3254
3255
3260
3265
3272
3281
3283
3285
3286
3289
3294
3298
3300
3304
3307
3308
3310
3313
3315
3316
3319
3321
3323
3324
3326
3328
3333
3345
3346
3351
3355
3356
3360
3361
3363
3364
3373
3375
3378
3382
3386
3387
3388
3390
3395
3399
3400
3402
3404
3406
3409
3410
3411
3412
3414
3415
3416
3419
3422
3424
3426
3429
3433
3434
3436
3444
3447
3450
3455
3466
3477
3490
3495
3502
3504
3514
3529
3531
3534
3536
3537
3554
3561
3566
3568
3571
3572
3573
3575
3578
3579
3586
3589
3603
3625
3633
3635
3637
3640
3656
3664
3666
3670
3710
3716
3717
3736
3764
3770
3772
3777
3778
3787
3789
3792
3796
3807
3853
3855
3865
3880
3883
3889
3914
3917
3935
3941
3943
3955
3970
3975
3976
3991
3992
4021
4035
4037
4039
4040
4052
4053
4075
4091
4097
4107
4125
4134
4143
4151
4154
4168
4194
4197
4199
4202
4205
4206
4235
4242
4248
4249
4250
4252
4256
4260
4264
4269
4270
4272
4276
4282
4283
4285
4286
4298
4299
4306
4313
4315
4318
4320
4322
4323
4329
4331
4333
4334
4337
4342
4343
4346
4350
4351
4355
4358
4365
4367
4368
4369
4373
4374
4376
4378
4381
4383
4384
4385
4388
4389
4391
4392
4393
4416
4418
4420
4429
4439
4445
4454
4462
4466
4472
4483
4484
4487
4490
4495
4498
4508
4511
4515
4516
4520
4522
4527
4528
4529
4531
4539
4540
4542
4547
4568
4579
4585
4601
4602
4603
4608
4609
4614
4616
4617
4645
4662
4666
4667
4670
4671
4688
4694
4700
4706
4749
4750
4752
4755
4759
4761
4770
4777
4778
4782
4787
4789
4793
4794
4800
4801
4815
4819
4825
4828
4830
4834
4837
4838
4840
4844
4845
4847
4854
4855
4860
4866
4877
4886
4890
4891
4905
4953
4957
4967
4968
4969
4971
4972
4976
4985
4987
4989
4992
4994
4995
4996
4997
4998
4999
5023
5026
5034
5042
5044
5050
5110
5122
5124
5126
5128
5133
5138
5142
5151
5154
5167
5170
5173
5174
5178
5182
5197
5228
5232
5233
5238
5239
5248
5252
5278
5297
5306
5339
5344
5349
5361
5375
5390
5401
5402
5403
5404
5408
5410
5413
5429
5433
5438
5439
5440
5447
5451
5453
5454
5455
5456
5460
5461
5462
5465
5474
5486
5493
5495
5499
5501
5513
5516
5524
5539
5543
5549
5552
5553
5554
5555
5557
5560
5562
5564
5568
5575
5592
5595
5596
5598
5599
5610
5618
5620
5650
5657
5664
5688
5692
5711
5712
5728
5738
5743
5793
5795
5804
5808
5813
5820
5821
5830
5832
5837
5841
5844
5846
5850
5851
5853
5854
5884
5885
5899
5900
5903
5906
5963
5968
5977
5995
6006
6008
6027
6042
6049
6050
6056
6062
6070
6071
6077
6081
6083
6090
6114
6117
6118
6125
6134
6135
6155
6191
6193
6222
6228
6230
6231
6233
6234
6235
6236
6237
6238
6240
6243
6248
6252
6256
6260
6262
6267
6273
6277
6280
6282
6283
6285
6288
6292
6298
6299
6301
6304
6310
6328
6331
6334
6345
6384
6387
6398
6411
6421
6422
6424
6432
6436
6443
6451
6459
6460
6470
6485
6495
6497
6517
6533
6535
6560
6563
6577
6579
6581
6584
6585
6587
6591
6592
6595
6596
6599
6602
6604
6610
6611
6616
6617
6619
6620
6622
6629
6632
6635
6638
6641
6643
6645
6648
6653
6654
6655
6666
6671
6675
6679
6687
6692
6709
6710
6735
6736
6743
6754
6758
6804
6805
6821
6823
6839
6854
6858
6864
6866
6893
6900
6910
6918
6921
6922
6923
6934
6946
6949
6950
6952
6953
6955
6957
6959
6961
6962
6963
6969
6996
7001
7012
7036
7048
7049
7069
7089
7096
7097
7117
7118
7122
7125
7133
7140
7147
7158
7169
7177
7179
7186
7199
7203
7206
7215
7221
7249
7265
7271
7276
7280
7285
7290
7292
7295
7330
7342
7344
7347
7348
7350
7352
7353
7357
7358
7361
7363
7364
7372
7377
7379
7382
7387
7438
7457
7464
7503
7505
7525
7533
7534
7541
7543
7545
7578
7585
7590
7594
7612
7638
7673
7675
7677
7678
7680
7682
7703
7708
7711
7722
7739
7779
7782
7826
7836
7838
7869
7871
7885
7891
7901
7906
7910
7918
7926
7929
7972
7981
7992
7993
8006
8022
8025
8027
8030
8040
8045
8092
8099
8106
8116
8131
8135
8145
8146
8167
8172
8174
8177
8180
8187
8191
8193
8198
8204
8207
8209
8217
8222
8223
8224
8225
8226
8228
8230
8237
8238
8242
8255
8256
8270
8290
8306
8308
8314
8328
8330
8343
8348
8352
8383
8387
8414
8419
8443
8444
8445
8461
8490
8496
8501
8506
8523
8525
8528
8558
8560
8570
8582
8595
8597
8601
8604
8624
8626
8630
8631
8634
8643
8644
8659
8672
8673
8687
8696
8715
8725
8736
8756
8770
8822
8826
8835
8852
8856
8858
8877
8901
8904
8911
8924
8945
8959
8963
8964
8967
8969
8976
8981
9017
9055
9095
9097
9100
9125
9129
9139
9140
9185
9196
9209
9211
9238
9239
9240
9241
9248
9251
9257
9258
9260
9262
9263
9265
9266
9267
9272
9275
9278
9289
9290
9293
9325
9332
9353
9378
9386
9395
9403
9428
9434
9437
9440
9442
9443
9445
9446
9447
9450
9451
9452
9456
9462
9484
9485
9521
9523
9527
9542
9550
9551
9576
9592
9607
9608
9618
9625
9638
9641
9642
9666
9676
9681
9688
9757
9762
9786
9788
9797
9823
9824
9837
9838
9857
9892
9903
9936
9944
9970
9972
9983
9990
9992
9994
10009
10032
10048
10050
10060
10072
10117
10120
10181
10200
10213
10216
10225
10284
10287
10308
10351
10353
10359
10364
10372
10404
10414
10419
10424
10431
10432
10438
10441
10458
10468
10479
10525
10553
10573
10574
10575
10604
10609
10612
10656
10657
10658
10665
10692
10694
10698
10721
10726
10753
10762
10767
10776
10779
10788
10795
10800
10805
10835
10837
10840
10841
10884
10896
10901
10927
10932
10939
10949
10974
10985
11041
11077
11078
11109
11113
11130
11141
11154
11156
11195
11207
11217
11221
11233
11240
11246
11252
11399
11402
11408
11450
11473
11479
11480
11498
11515
11557
11568
11580
11589
11591
11595
11599
11601
11604
11610
11611
11615
11625
11628
11631
11652
11654
11656
11660
11675
11678
11716
11738
11752
11753
11770
11772
11773
11775
11790
11808
11853
11856
11872
11886
11894
11923
11938
11944
11958
11960
11974
11986
11987
12001
12010
12027
12043
12050
12058
12066
12091
12108
12175
12217
12231
12245
12254
12257
12259
12262
12266
12287
12323
12356
12370
12371
12373
12376
12403
12409
12410
12421
12430
12432
12440
12442
12463
12472
12507
12511
12526
12558
12567
12576
12621
12636
12644
12707
12726
12738
12772
12821
12831
12835
12878
12879
12880
12881
12883
12951
12954
12967
12977
13002
13038
13094
13140
13151
13159
13203
13233
13268
13283
13297
13301
13302
13325
13345
13383
13399
13415
13476
13489
13544
13555
13570
13593
13658
13662
13669
13679
13681
13682
13689
13693
13700
13707
13718
13726
13728
13730
13731
13751
13754
13764
13769
13797
13798
13856
13868
13891
13898
13925
13928
13951
13969
13974
13991
14042
14049
14058
14078
14087
14096
14099
14100
14115
14119
14130
14153
14156
14182
14206
14211
14224
14230
14234
14235
14236
14240
14253
14255
14265
14271
14282
14292
14294
14299
14308
14316
14325
14349
14363
14368
14381
14396
14397
14403
14407
14408
14418
14465
14467
14486
14502
14521
14535
14537
14560
14563
14577
14582
14586
14588
14595
14600
14611
14640
14649
14664
14665
14667
14696
14703
14704
14775
14800
14816
14833
14835
14845
14878
14884
14916
14918
14921
14923
14932
14934
14962
15013
15033
15034
15048
15049
15056
15057
15070
15072
15076
15078
15082
15085
15094
15097
15098
15101
15103
15105
15108
15109
15112
15113
15114
15116
15120
15121
15126
15130
15132
15134
15136
15137
15139
15140
15141
15148
15149
15157
15203
15206
15234
15260
15284
15295
15310
15323
15344
15367
15378
15384
15403
15437
15447
15456
15525
15538
15549
15550
15561
15568
15601
15606
15612
15634
15644
15681
15699
15711
15719
15741
15742
15777
15828
15839
15844
15846
15856
15869
15876
15897
15927
15931
15952
15956
15962
16000
16015
16028
16041
16057
16111
16112
16120
16131
16149
16164
16172
16201
16282
16292
16299
16301
16308
16319
16337
16371
16380
16407
16432
16451
16479
16480
16481
16482
16572
16596
16602
16604
16613
16625
16645
16654
16719
16724
16753
16764
16766
16835
16847
16859
16879
16950
16974
17081
17093
17136
17142
17161
17163
17166
17175
17197
17206
17220
17256
17272
17285
17330
17361
17365
17396
17408
17432
17450
17454
17503
17517
17590
17614
17674
17704
17708
17710
17810
17857
17904
17908
17928
17938
17945
17955
17964
18014
18052
18207
18270
18312
18315
18316
18322
18328
18329
18330
18337
18341
18380
18391
18404
18427
18485
18530
18608
18620
18634
18639
18684
18688
18728
18745
18752
18840
18881
18918
18957
18971
19025
19028
19112
19143
19145
19181
19194
19197
19198
19200
19203
19204
19206
19207
19216
19217
19220
19223
19302
19327
19333
19364
19473
19480
19575
19589
19601
19704
19734
19748
19821
19830
19857
19882
19946
19951
19954
19958
19975
20001
20090
20098
20118
20119
20147
20175
20182
20295
20358
20391
20528
20539
20609
20612
20618
20621
20624
20632
20642
20653
20674
20783
20817
20825
20849
20863
20874
20967
20993
21001
21043
21083
21132
21184
21224
21310
21330
21388
21454
21512
21567
21588
21660
21687
21704
21770
21772
21777
21791
21959
21966
21968
22026
22089
22366
22383
22435
22671
22717
22773
22822
22836
22863
22882
22886
22909
22975
23011
23017
23028
23038
23149
23167
23192
23321
23338
23357
23377
23413
23440
23590
23598
23609
23747
23756
23785
23854
23892
23930
23952
23992
24134
24257
24319
24327
24379
24527
