0
0
1
6
10
11
13
15
32
57
82
85
87
88
98
101
102
104
106
107
108
111
113
116
118
125
126
127
128
131
132
134
135
136
162
177
205
235
276
289
292
293
311
312
314
316
318
319
321
322
325
329
337
342
343
347
350
356
392
432
453
495
505
514
518
529
599
607
623
630
633
636
641
662
678
682
685
689
691
693
695
702
705
708
713
716
720
723
724
725
727
729
732
735
738
739
741
742
743
748
750
753
768
769
770
796
825
835
836
847
880
885
912
916
939
956
958
971
982
996
1067
1094
1106
1112
1114
1118
1121
1125
1126
1130
1138
1140
1141
1151
1155
1159
1160
1162
1165
1168
1184
1202
1282
1293
1303
1326
1349
1350
1351
1353
1357
1363
1367
1372
1386
1403
1419
1420
1423
1424
1426
1433
1436
1467
1506
1507
1515
1524
1533
1538
1546
1574
1604
1620
1629
1631
1633
1642
1656
1659
1663
1665
1690
1696
1705
1706
1726
1730
1734
1736
1742
1743
1746
1749
1751
1753
1756
1759
1761
1765
1767
1769
1770
1773
1774
1777
1780
1784
1785
1789
1791
1793
1794
1797
1799
1803
1804
1854
1864
1893
1898
1994
1999
2000
2002
2034
2084
2086
2088
2091
2116
2134
2135
2137
2181
2182
2183
2185
2189
2191
2204
2257
2259
2262
2264
2298
2300
2310
2312
2314
2316
2317
2350
2358
2359
2361
2362
2385
2416
2419
2422
2423
2426
2427
2430
2433
2437
2440
2478
2509
2521
2524
2555
2567
2588
2602
2604
2607
2608
2609
2611
2613
2615
2619
2620
2621
2622
2624
2625
2629
2633
2635
2637
2639
2666
2704
2711
2718
2723
2749
2770
2783
2796
2802
2843
2848
2863
2894
2925
2984
2991
2996
3004
3006
3026
3039
3040
3050
3106
3166
3167
3211
3216
3247
3252
3258
3263
3264
3267
3271
3272
3281
3291
3292
3366
3379
3389
3400
3417
3435
3436
3437
3444
3476
3478
3479
3486
3497
3499
3509
3512
3514
3523
3557
3634
3665
3679
3685
3721
3747
3759
3760
3768
3769
3778
3789
3797
3799
3800
3802
3819
3822
3824
3825
3831
3832
3837
3839
3842
3895
3922
3941
3951
4153
4172
4175
4176
4179
4181
4184
4197
4207
4256
4265
4266
4302
4327
4359
4386
4404
4407
4409
4413
4415
4419
4420
4422
4440
4457
4489
4493
4511
4532
4582
4618
4642
4663
4667
4675
4677
4698
4711
4721
4724
4725
4728
4729
4733
4734
4737
4738
4844
4860
4912
4916
4918
4941
4943
5016
5046
5108
5109
5112
5115
5118
5120
5122
5123
5125
5127
5131
5153
5155
5175
5176
5179
5183
5186
5189
5192
5193
5198
5204
5205
5207
5211
5212
5214
5215
5216
5219
5222
5225
5226
5228
5230
5232
5234
5335
5366
5373
5374
5381
5398
5399
5457
5470
5471
5532
5534
5537
5543
5570
5601
5602
5605
5607
5608
5617
5644
5652
5659
5662
5663
5664
5665
5701
5769
5777
5801
5815
5885
5952
6021
6027
6140
6178
6227
6264
6274
6277
6381
6383
6402
6412
6435
6443
6458
6524
6600
6650
6664
6670
6673
6686
6729
6746
6761
6772
6818
6856
6908
7033
7102
7122
7124
7155
7185
7187
7250
7258
7333
7337
7339
7357
7397
7408
7473
7519
7531
7562
7563
7565
7566
7567
7569
7577
7579
7581
7582
7724
7728
7732
7734
7740
7783
7851
7863
7864
7869
7918
7963
7999
8082
8133
8158
8177
8229
8298
8401
8403
8404
8492
8590
8591
8625
8730
8775
8816
8889
8909
8910
8949
8950
8953
8957
8958
8959
8998
9000
9018
