0
1203
1217
1225
1230
1237
1242
1263
1268
1279
1291
1301
1310
1321
1334
1336
1341
1345
1351
1356
1358
1362
1363
1373
1374
1375
1397
1404
1405
1406
1410
1429
1436
1441
1442
1443
1444
1450
1531
1558
1560
1561
1563
1564
1567
1568
1577
1586
1592
1605
1607
1608
1642
1656
1660
1662
1663
1665
1667
1672
1676
1677
1680
1692
1694
1712
1719
1727
1749
1799
1801
1802
1806
1829
1832
1833
1834
1842
1866
1872
1894
1910
1962
1969
1972
1975
1977
1981
1986
1993
1998
1999
2000
2007
2009
2010
2028
2057
2098
2119
2155
2164
2171
2202
2229
2239
2240
2247
2268
2285
2287
2319
2338
2365
2381
2407
2408
2410
2412
2413
2414
2511
2537
2556
2596
2601
2629
2640
2649
2675
2685
2687
2688
2691
2702
2760
2770
2772
2777
2778
2779
2783
2784
2790
2791
2795
2798
2801
2842
2852
2863
2886
2895
2896
2915
2937
2938
2963
2997
3008
3064
3078
3097
3099
3100
3104
3105
3124
3134
3140
3147
3167
3201
3203
3258
3282
3374
3378
3380
3381
3396
3402
3405
3406
3407
3408
3409
3411
3412
3414
3415
3417
3432
3445
3447
3448
3450
3477
3482
3493
3494
3505
3511
3514
3518
3529
3533
3535
3536
3539
3544
3546
3549
3553
3554
3555
3558
3570
3574
3588
3607
3620
3622
3632
3646
3668
3678
3683
3686
3687
3690
3693
3695
3697
3699
3701
3702
3706
3707
3724
3738
3775
3780
3786
3791
3797
3850
3892
3896
3915
3952
3959
3978
3985
3987
3992
3994
4001
4002
4093
4100
4101
4104
4156
4169
4170
4174
4210
4212
4214
4216
4230
4242
4274
4297
4324
4325
4344
4354
4366
4399
4421
4440
4442
4443
4444
4450
4454
4457
4459
4460
4483
4490
4501
4519
4554
4571
4591
4603
4634
4680
4691
4695
4706
4707
4710
4711
4747
4748
4754
4766
4810
4845
4847
4850
4858
4859
4871
4873
4902
4908
4910
4932
4961
4984
5014
5035
5053
5054
5057
5059
5061
5063
5064
5105
5116
5120
5132
5158
5172
5192
5199
5201
5202
5215
5239
5240
5243
5244
5262
5264
5273
5290
5341
5377
5380
5409
5422
5428
5450
5462
5473
5492
5538
5562
5580
5610
5635
5636
5643
5654
5674
5676
5701
5707
5711
5719
5750
5768
5773
5799
5807
5827
5832
5833
5835
5839
5870
5907
5920
5950
5954
5967
5989
6007
6062
6125
6130
6131
6215
6216
6256
6259
6268
6296
6312
6326
6334
6375
6382
6422
6440
6492
6497
6643
6644
6648
6655
6656
6661
6666
6687
6705
6744
6746
6809
6828
6831
6844
6855
6866
6908
6921
6938
6939
6941
6946
6955
6956
6962
6973
6975
6976
6978
7069
7087
7099
7101
7102
7104
7106
7131
7132
7133
7158
7177
7206
7207
7242
7255
7268
7291
7292
7293
7300
7315
7317
7319
7320
7323
7388
7389
7407
7499
7513
7515
7528
7567
7570
7573
7586
7598
7630
7672
7702
7715
7720
7722
7731
7732
7778
7797
7799
7801
7886
7910
7932
7935
7949
7952
7964
7965
7982
7983
8004
8086
8106
8126
8139
8149
8163
8188
8194
8202
8312
8381
8403
8412
8477
8478
8549
8555
8591
8682
8693
8694
8697
8698
8701
8705
8706
8708
8710
8715
8717
8718
8719
8720
8721
8722
8724
8729
8731
8732
8734
8737
8738
8743
8745
8747
8749
8750
8753
8754
8756
8758
8759
8760
8766
8780
8792
8825
8862
8863
8864
8880
8891
8910
8925
8932
8960
8973
8995
9011
9012
9014
9015
9071
9089
9090
9116
9128
9134
9145
9289
9342
9349
9440
9449
9457
9480
9501
9551
9559
9579
9596
9660
9663
9666
9742
9743
9746
9748
9829
9836
9840
9857
9896
9902
10007
10009
10011
10036
10068
10102
10131
10163
10270
10292
10318
10363
10372
10440
10443
10445
10484
10560
10619
10674
10716
10743
10749
10750
10761
10834
10860
10881
10907
11016
11077
11080
11089
11147
11264
11428
11547
11670
11724
11727
11731
11735
11740
11741
11747
11752
11820
11821
11836
11875
11878
11898
11970
12039
12075
12081
12085
12101
12137
12157
12159
12171
12298
12386
12450
12488
12573
12594
12662
12690
12732
12828
12993
13005
13143
13158
13229
13289
13438
13494
13522
