0 20
0 22
2 1
0 9
0 16
2 22
2 15
2 14
0 8
1 9
2 9
1 20
1 16
2 20
3 14
2 16
3 16
3 9
0 28
0 15
1 22
0 14
2 28
3 20
0 18
1 8
2 8
3 28
1 28
3 8
2 18
3 18
0 27
1 15
1 18
3 15
2 29
3 22
1 14
0 7
2 26
0 13
0 12
0 1
0 29
0 26
0 11
2 11
0 23
1 1
3 26
2 23
1 29
0 6
3 29
0 10
1 26
1 27
1 13
1 12
1 6
2 7
2 3
0 3
1 3
3 3
1 23
1 7
2 12
2 24
0 24
2 13
2 5
0 21
3 13
0 0
2 27
1 24
2 10
3 23
2 2
3 12
3 2
0 4
1 10
0 19
0 2
2 6
3 6
0 17
1 11
1 21
1 17
2 17
1 19
3 7
3 17
3 11
1 4
0 25
1 2
1 25
2 4
1 0
0 5
3 4
3 24
3 10
2 0
2 19
1 5
3 0
3 27
3 1
2 21
2 25
3 19
3 25
3 21
3 5

Score: 94.66999999999996