0
25
36
44
51
58
70
74
76
78
79
82
94
117
127
157
160
163
164
166
167
168
174
175
178
182
186
191
192
195
196
198
200
204
207
209
211
213
217
218
221
229
233
237
240
242
243
244
253
259
270
277
293
297
300
305
308
310
311
312
315
318
320
322
324
325
326
328
330
334
335
338
339
342
347
349
362
364
368
371
374
378
381
385
386
387
392
393
394
396
398
400
402
403
407
409
411
415
416
418
420
421
425
428
430
436
443
444
447
449
450
452
454
456
459
460
462
463
466
467
468
469
472
474
476
478
479
480
482
484
485
487
488
492
493
496
498
500
502
504
506
509
512
515
518
519
521
528
531
533
534
536
538
540
541
542
544
546
547
550
554
556
557
