0
1
3
4
5
7
11
15
16
18
21
22
25
30
31
32
38
39
42
45
46
48
50
54
56
59
62
63
65
69
71
72
73
74
77
79
81
82
85
86
90
92
93
94
99
101
104
106
127
129
130
183
193
207
231
232
237
247
251
252
255
257
258
259
262
263
269
274
287
288
289
290
293
295
297
300
301
303
304
305
309
311
314
316
317
320
324
330
332
335
341
349
385
392
407
408
409
415
425
429
432
435
436
449
451
456
457
465
472
475
476
477
481
487
491
493
495
497
499
502
503
506
561
592
597
598
600
604
605
608
611
614
617
621
622
626
628
629
634
638
639
646
649
650
652
653
655
656
659
660
662
663
667
670
671
672
678
680
684
687
691
693
695
696
697
701
704
706
707
709
710
711
715
716
720
722
723
726
727
728
731
738
740
742
745
746
748
749
754
756
771
783
786
789
790
792
797
802
805
808
810
812
814
816
819
826
827
832
835
836
837
840
842
844
845
859
873
878
889
890
915
930
935
940
968
971
985
986
994
995
1002
1014
1018
1020
1022
1024
1027
1033
1036
1039
1057
1069
1076
1102
1105
1133
1136
1152
1157
1159
1165
1166
1187
1237
1244
1253
1255
1269
1272
1282
1284
1300
1315
1316
1325
1334
1337
1344
1345
1347
1350
1352
1354
1358
1360
1362
1366
1368
1395
1396
1402
1407
1433
1448
1450
1459
1462
1473
1478
1480
1482
1484
1487
1488
1489
1493
1496
1498
1500
1503
1508
1509
1518
1523
1524
1528
1529
1533
1536
1537
1543
1544
1553
1555
1557
1558
1560
1561
1564
1566
1572
1573
1579
1581
1582
1584
1587
1588
1594
1595
1597
1600
1602
1603
1612
1618
1620
1622
1623
1628
1630
1636
1661
1663
1668
1687
1689
1694
1697
1706
1715
1716
1722
1740
1768
1780
1783
1809
1812
1813
1817
1822
1827
1828
1841
1843
1844
1847
1849
1875
1877
1882
1883
1885
1890
1892
1912
1923
1936
1966
1974
1975
1976
1981
1986
1988
1990
1993
1994
1997
2013
2020
2022
2031
2034
2036
2040
2043
2046
2057
2063
2064
2067
2070
2072
2073
2076
2077
2079
2084
2087
2095
2097
2098
2099
2104
2112
2115
2119
2122
2123
2126
2128
2130
2131
2133
2135
2142
2160
2165
2188
2192
2203
2217
2224
2229
2233
2242
2243
2246
2259
2262
2267
2271
2273
2275
2277
2279
2280
2283
2285
2286
2288
2289
2290
2299
2304
2306
2310
2312
2313
2316
2318
2324
2326
2329
2332
2335
2336
2337
2338
2339
2342
2343
2345
2351
2353
2356
2360
2361
2363
2367
2371
2377
2380
2382
2398
2399
2403
2406
2425
2437
2444
2447
2453
2454
2456
2466
2475
2483
2484
2487
2489
2490
2491
2492
2493
2496
2497
2501
2504
2518
2538
2546
2553
2555
2557
2577
2579
2580
2600
2602
2604
2605
2607
2610
2613
2623
2639
2640
2643
2644
2663
2669
2670
2677
2679
2683
2694
2696
2697
2698
2702
2706
2729
2744
2753
2756
2766
2774
2788
2795
2796
2798
2814
2815
2826
2846
2852
2853
2856
2858
2888
2895
2896
2901
2902
2911
2927
2938
2942
2944
2949
2964
2968
2970
2972
2980
2997
3010
3026
3029
3031
3037
3040
3062
3086
3091
3092
3099
3118
3119
3129
3130
3148
3149
3150
3175
3188
3197
3199
3201
3210
3212
3214
3223
3232
3233
3240
3245
3259
3268
3279
3295
3296
3300
3305
3306
3321
3341
3373
3379
3382
3384
3387
3388
3405
3412
3425
3443
3457
3468
3471
3475
3478
3482
3483
3488
3491
3493
3494
3496
3501
3504
3514
3521
3522
3525
3535
3538
3540
3543
3552
3555
3558
3561
3564
3572
3574
3576
3578
3584
3586
3589
3590
3593
3595
3598
3604
3606
3610
3611
3619
3620
3623
3628
3629
3631
3634
3636
3640
3642
3645
3650
3652
3653
3654
3656
3658
3660
3661
3662
3667
3682
3683
3707
3711
3713
3714
3717
3722
3724
3729
3732
3761
3790
3797
3804
3817
3822
3823
3824
3839
3846
3856
3864
3873
3884
3904
3906
3914
3920
3936
3944
3945
3956
3968
3986
3995
3999
4002
4006
4025
4035
4041
4046
4057
4058
4061
4068
4073
4076
4077
4082
4085
4096
4101
4108
4110
4112
4126
4136
4145
4152
4163
4179
4195
4204
4221
4234
4243
4254
4261
4279
4293
4304
4320
4326
4340
4341
4352
4354
4355
4366
4372
4376
4383
4391
4400
4408
4410
4417
4418
4420
4421
4423
4424
4426
4429
4430
4432
4435
4455
4458
4485
4489
4494
4496
4504
4515
4534
4559
4568
4580
4585
4595
4598
4600
4630
4651
4658
4667
4669
4671
4683
4688
4691
4698
4712
4719
4734
4736
4740
4742
4759
4761
4777
4785
4789
4798
4805
4808
4809
4815
4817
4818
4820
4821
4823
4827
4833
4838
4839
4840
4844
4847
4850
4851
4853
4854
4860
4861
4862
4866
4869
4873
4875
4887
4892
4902
4907
4909
4914
4916
4921
4951
4969
4988
4991
4992
4995
5000
5024
5025
5035
5036
5038
5040
5046
5047
5052
5054
5069
5078
5093
5094
5107
5125
5140
5154
5176
5187
5189
5191
5193
5195
5205
5212
5218
5219
5280
5281
5284
5285
5291
5292
5300
5317
5321
5334
5346
5400
5413
5419
5428
5436
5438
5442
5473
5478
5489
5510
5513
5519
5536
5538
5539
5543
5544
5545
5546
5559
5562
5563
5564
5568
5570
5572
5576
5581
5587
5625
5627
5631
5634
5635
5645
5652
5664
5671
5675
5689
5707
5713
5734
5737
5746
5750
5754
5757
5768
5775
5778
5780
5782
5792
5796
5798
5807
5813
5814
5818
5820
5822
5825
5829
5832
5833
5842
5844
5851
5853
5855
5859
5860
5862
5873
5885
5920
5933
5939
5949
5975
5978
5979
5981
5982
5986
5988
5989
5991
5992
5993
6013
6038
6045
6047
6048
6053
6060
6074
6088
6106
6112
6147
6148
6152
6156
6158
6159
6170
6176
6177
6179
6181
6187
6213
6221
6222
6227
6232
6234
6238
6246
6250
6255
6256
6260
6264
6275
6300
6323
6333
6343
6367
6370
6382
6384
6392
6393
6408
6438
6444
6474
6479
6481
6486
6513
6518
6519
6537
6547
6548
6551
6552
6554
6567
6577
6594
6599
6608
6610
6639
6646
6677
6698
6711
6743
6766
6776
6825
6826
6845
6848
6852
6866
6875
6888
6895
6926
6931
6934
6936
6937
6938
6939
6940
6944
6948
6949
6954
6955
6957
6958
6961
6976
6977
6989
6995
7004
7017
7021
7053
7064
7066
7077
7098
7108
7122
7123
7128
7129
7131
7133
7134
7137
7152
7153
7166
7183
7186
7219
7246
7247
7248
7249
7250
7257
7261
7263
7267
7268
7270
7278
7300
7301
7303
7305
7307
7324
7330
7331
7334
7349
7358
7360
7369
7370
7382
7388
7398
7406
7429
7430
7431
7433
7434
7470
7479
7483
7485
7486
7487
7488
7491
7502
7503
7514
7524
7539
7555
7577
7604
7617
7639
7654
7657
7660
7667
7673
7681
7684
7688
7692
7705
7710
7716
7732
7751
7760
7767
7782
7797
7807
7811
7813
7826
7829
7830
7850
7861
7863
7864
7865
7870
7873
7877
7878
7900
7913
7915
7917
7928
7930
7943
7946
7951
7963
7964
7965
7977
7978
7980
7983
7985
7986
7988
7993
7996
8000
8015
8023
8045
8047
8063
8072
8079
8088
8090
8100
8101
8107
8148
8155
8157
8172
8195
8235
8268
8278
8280
8287
8291
8302
8345
8347
8349
8350
8353
8366
8411
8467
8471
8491
8498
8502
8512
8515
8517
8520
8532
8534
8536
8540
8543
8546
8550
8556
8566
8574
8578
8591
8593
8594
8596
8597
8619
8643
8655
8656
8658
8661
8663
8664
8665
8667
8671
8679
8703
8704
8706
8740
8767
8774
8786
8800
8825
8861
8864
8874
8913
8925
8928
8929
8940
8979
8982
8991
9003
9033
9041
9049
9057
9060
9061
9069
9070
9072
9078
9082
9084
9088
9090
9091
9097
9100
9102
9120
9132
9157
9174
9177
9178
9180
9182
9186
9188
9194
9205
9207
9210
9214
9216
9218
9225
9241
9244
9255
9270
9287
9308
9310
9326
9351
9391
9393
9398
9408
9420
9439
9451
9452
9454
9458
9467
9478
9504
9534
9538
9559
9569
9604
9615
9648
9713
9714
9722
9725
9727
9728
9730
9736
9740
9742
9749
9750
9778
9782
9792
9835
9842
9845
9846
9852
9854
9859
9860
9872
9876
9882
9885
9888
9896
9929
9939
9966
9982
9990
10006
10019
10024
10066
10083
10092
10119
10128
10179
10217
10258
10260
10272
10292
10384
10388
10399
10400
10453
10467
10489
10523
10532
10592
10602
10619
10627
10702
10724
10733
10772
10814
10819
10831
10832
10925
10933
10972
10996
11022
11030
11041
11051
11063
11071
11077
11082
11093
11102
11166
11169
11203
11204
11212
11213
11215
11219
11221
11223
11224
11225
11227
11228
11232
11266
11269
11273
11275
11276
11278
11281
11282
11283
11297
11325
11361
11367
11371
11387
11392
11401
11428
11448
11468
11475
11494
11501
11502
11514
11519
11532
11536
11561
11565
11578
11639
11640
11645
11647
11661
11682
11736
11743
11770
11776
11791
11801
11803
11805
11807
11812
11815
11817
11833
11839
11858
11862
11865
11919
11921
11938
11940
11956
11962
11963
11965
11982
11985
11986
12033
12037
12059
12078
12082
12111
12114
12128
12136
12150
12155
12184
12189
12196
12200
12204
12217
12223
12259
12282
12288
12293
12294
12296
12297
12299
12301
12309
12314
12315
12323
12331
12335
12388
12399
12402
12407
12416
12433
12479
12483
12494
12511
12569
12582
12610
12648
12660
12707
12717
12752
12760
12775
12792
12796
12805
12810
12827
12829
12831
12833
12839
12840
12884
12895
12898
12905
12907
12912
12915
12916
12918
12923
12926
12929
12936
12943
12950
12968
12983
12997
13023
13048
13054
13062
13080
13083
13096
13103
13107
13109
13141
13146
13153
13154
13164
13179
13185
13190
13214
13288
13323
13333
13340
13356
13364
13366
13368
13370
13371
13376
13377
13379
13380
13388
13426
13428
13429
13442
13459
13476
13484
13515
13549
13583
13631
13648
13662
13686
13691
13753
13757
13759
13799
13810
13833
13837
13864
13881
13888
13932
13948
13964
13989
13993
14023
14025
14056
14144
14149
14153
14176
14215
14221
14237
14263
14290
14345
14386
14388
14389
14397
14418
14482
14539
14547
14560
14561
14565
14569
14585
14628
14644
14649
14650
14651
14653
14656
14665
14688
14716
14720
14739
14746
14747
14812
14822
14826
14835
14840
14864
14867
14876
14877
14887
14902
14904
14905
14906
14921
14926
14933
14958
14991
15011
15018
15083
15087
15147
15184
15191
15209
15212
15231
15285
15298
15305
15308
15340
15341
15357
15382
15383
15410
15443
15488
15517
15520
15532
15549
15568
15600
15605
15608
15616
15630
15655
15674
15686
15714
15739
15741
15744
15764
15778
15808
15838
15850
15852
15903
15905
15916
15947
15957
16006
16038
16078
16116
16119
16135
16154
16219
16247
16273
16300
16301
16350
16361
16370
16392
16395
16440
16469
16482
16501
16505
16607
16615
16634
16667
16679
16694
16744
16766
16812
16826
16851
16862
16886
16894
16911
16912
16914
16929
16935
16936
16937
16942
16974
16989
16991
17016
17042
17043
17044
17079
17095
17097
17105
17127
17139
17151
17170
17207
17226
17260
17312
17318
17335
17362
17375
17376
17385
17404
17407
17416
17435
17445
17446
17458
17465
17476
17477
17488
17513
17519
17544
17577
17596
17602
17657
17658
17665
17694
17725
17726
17727
17728
17730
17755
17770
17787
17822
17826
17848
17857
17879
17884
17885
17944
17950
17958
17998
18015
18020
18027
18039
18040
18075
18128
18132
18174
18218
18227
18234
18261
18285
18315
18316
18317
18388
18434
18442
18482
18496
18583
18615
18626
18675
18707
18725
18732
18736
18745
18750
18761
18787
18820
18871
18885
18896
18898
18922
18946
18955
18966
18970
19021
19023
19024
19025
19026
19058
19079
19095
19105
19106
19130
19134
19136
19152
19197
19198
19209
19210
19216
19220
19224
19233
19236
19321
19325
19339
19361
19363
19365
19368
19370
19373
19374
19375
19407
19418
19425
19427
19428
19430
19435
19505
19521
19529
19557
19583
19585
19587
19588
19590
19591
19633
19727
19749
19759
19767
19798
19814
19887
19968
20026
20035
20062
20142
20145
20218
20223
20232
20284
20286
20290
20292
20332
20363
20388
20390
20411
20456
20497
20536
20584
20602
20604
20618
20731
20733
20739
20740
20741
20742
20744
20751
20754
20773
20784
20807
20812
20844
20895
20912
20917
20935
21035
21054
21090
21189
21200
21216
21243
21254
21313
21319
21323
21467
21502
21536
21558
21573
21604
21617
21618
21639
21648
21709
21714
21750
21752
21765
21870
21890
21978
21981
22020
22036
22074
22123
22132
22138
22151
22158
22169
22248
22264
22291
22376
22384
22407
22467
22493
22518
22528
22561
22563
22620
22648
22768
22781
22795
22801
22834
22930
22965
22981
22994
23000
23004
23008
23032
23072
23099
23131
23172
23184
23254
23279
23286
23349
23467
23468
23534
23554
23590
23600
23860
23863
24019
24032
24139
24199
24201
24324
24325
24351
24566
24608
24714
24732
24744
24788
24813
24861
24949
25031
25160
25161
25197
25334
25425
25429
25438
25445
25476
25531
25549
25681
25685
25784
25839
25936
25982
25988
26031
26082
26235
26247
26283
26342
26347
26390
26428
26446
26472
26518
26558
26578
26649
26721
26790
27040
27041
27121
27123
27125
27126
27128
27132
27133
27136
27137
27138
27141
27145
27146
27149
27152
27154
27158
27159
27160
27162
27166
27167
27168
27170
27171
27269
27559
27615
27697
27745
27832
27899
28009
28131
28156
28227
28449
28469
28680
