0
12
21
23
27
30
37
39
42
51
58
69
75
76
78
90
93
99
105
122
132
135
138
139
141
143
147
151
157
167
173
181
184
189
195
196
209
214
220
228
235
239
246
252
280
284
300
304
309
332
355
372
385
395
400
408
411
414
416
419
429
431
445
450
454
456
458
465
466
475
486
487
491
492
507
510
515
519
524
531
543
544
557
562
570
574
590
598
609
613
618
622
625
630
635
636
637
644
648
663
687
689
702
706
724
731
744
745
752
757
762
785
809
825
829
846
854
865
885
888
891
894
908
916
918
921
928
929
931
942
955
959
978
984
987
997
1006
1011
1016
1024
1030
1041
1065
1067
1073
1074
1081
1088
1093
1103
1125
1139
1145
1154
1167
1187
1193
1195
1210
1224
1226
1228
1245
1250
1256
1284
1318
1323
1332
1334
1358
1373
1393
1410
1415
1439
1456
1458
1471
1489
1501
1505
1518
1519
1524
1526
1534
1549
1553
1573
1574
1578
1582
1585
1586
1590
1601
1617
1627
1630
1636
1670
1680
1681
1691
1699
1703
1706
1707
1708
1709
1725
1727
1728
1742
1754
1760
1765
1772
1795
1800
1805
1811
1822
1824
1845
1856
1858
1863
1870
1879
1880
1886
1899
1901
1904
1918
1940
1946
1947
1955
1984
1998
2021
2024
2033
2034
2043
2059
2061
2073
2081
2083
2095
2098
2116
2124
2125
2143
2164
2166
2180
2192
2222
2239
2247
2250
2253
2264
2284
2325
2347
2362
2371
2398
2407
2432
2434
2453
2454
2461
2475
2477
2486
2532
2568
2581
2608
2613
2638
2650
2661
2686
2695
2712
2721
2745
2778
2784
2787
2789
2832
2836
2837
2863
2882
2887
2919
2955
2989
2992
3003
3014
3021
3055
3081
3097
3098
3106
3139
3140
3192
3217
3222
3250
3268
3276
3288
3295
3297
3323
3344
3372
3390
3400
3405
3438
3457
3480
3501
3540
3557
3580
3584
3644
3704
3724
3729
3746
3790
3838
3846
3867
3878
3951
