0 33
0 28
0 31
0 6
1 31
0 14
1 28
0 44
2 44
2 22
0 8
0 48
1 14
1 6
1 33
1 44
0 10
2 6
2 14
1 48
0 12
1 10
1 12
0 7
0 32
1 7
0 39
0 49
2 0
2 8
0 13
1 39
0 0
1 32
1 8
2 39
2 33
1 0
1 49
0 18
1 13
2 13
0 21
2 31
2 28
1 21
0 22
0 11
1 18
1 22
0 24
2 18
0 26
0 46
0 41
1 26
0 17
1 11
1 24
2 11
2 17
1 17
0 27
2 27
2 26
2 40
0 42
0 25
1 27
0 37
1 46
2 10
2 48
1 37
1 25
0 45
0 20
0 38
2 46
0 23
2 25
1 45
0 34
2 45
2 41
2 34
2 36
1 41
0 2
1 34
0 30
1 20
2 49
1 23
0 19
2 20
2 23
2 47
2 19
2 2
0 16
1 2
1 42
0 47
0 36
1 38
2 1
1 47
0 1
1 19
0 3
1 16
0 35
1 36
0 9
2 12
1 1
1 9
0 5
2 24
2 42
2 16
2 7
2 30
1 5
1 35
0 29
1 29
1 30
0 15
0 4
2 5
2 32
2 21
2 9
2 43
1 15
2 35
1 3
0 40
0 43
1 4
1 43
2 38
1 40
2 37
2 15
2 29
2 3
2 4

Score: 362.0941944367851