0
4
8
10
11
12
13
14
16
18
20
24
25
26
27
31
34
36
41
44
46
48
50
53
54
56
57
59
60
67
70
72
74
79
87
92
93
97
100
101
102
103
105
109
114
115
117
121
122
126
127
128
130
132
139
140
144
146
147
151
152
155
157
160
163
164
165
167
169
175
176
177
178
180
182
184
190
193
200
202
204
205
206
209
212
215
218
221
222
225
240
244
246
250
263
269
273
279
280
297
309
313
315
317
319
322
323
329
331
333
334
335
336
338
340
355
367
385
409
411
416
421
427
433
435
438
442
446
447
452
455
460
464
465
468
471
472
475
478
486
490
491
493
506
512
523
525
545
548
557
563
564
575
581
582
584
588
593
595
597
600
601
608
610
612
613
618
619
621
625
627
631
633
635
640
641
642
646
647
649
650
670
673
680
687
690
697
703
712
717
718
722
724
734
735
739
743
747
749
750
758
759
760
764
767
770
773
775
795
806
810
813
815
817
820
822
823
826
827
829
830
833
835
836
838
847
851
852
853
855
856
857
859
860
861
862
863
866
870
873
874
876
878
879
882
883
884
886
888
889
891
892
895
901
906
912
916
921
923
924
925
927
928
931
932
933
936
940
942
957
961
963
964
985
986
1006
1013
1014
1016
1020
1025
1026
1029
1030
1032
1043
1054
1065
1068
1072
1078
1121
1122
1123
1131
1134
1136
1139
1143
1167
1168
1172
1175
1180
1185
1187
1190
1191
1192
1193
1194
1196
1198
1200
1201
1204
1205
1206
1207
1209
1214
1218
1223
1241
1242
1264
1291
1293
1298
1299
1306
1335
1337
1358
1361
1362
1363
1364
1367
1369
1370
1374
1376
1380
1382
1383
1386
1387
1392
1394
1398
1399
1404
1405
1408
1411
1412
1418
1419
1424
1425
1427
1431
1433
1437
1440
1441
1442
1443
1452
1453
1456
1457
1458
1461
1463
1464
1465
1467
1469
1470
1473
1475
1476
1483
1484
1488
1490
1491
1498
1499
1500
1503
1507
1517
1521
1527
1540
1542
1573
1599
1604
1609
1619
1623
1627
1632
1642
1655
1677
1683
1696
1699
1705
1715
1726
1728
1732
1740
1741
1744
1753
1769
1770
1775
1777
1780
1783
1784
1787
1790
1791
1792
1793
1795
1797
1800
1804
1820
1838
1857
1859
1868
1869
1912
1914
1919
1923
1925
1937
1942
1957
1959
1961
1962
1963
1970
1975
1978
1984
1996
2008
2021
2023
2024
2026
2028
2029
2031
2034
2040
2041
2042
2059
2069
2070
2075
2077
2088
2093
2094
2097
2098
2100
2104
2105
2108
2113
2114
2115
2116
2118
2137
2167
2176
2182
2188
2192
2204
2205
2211
2212
2226
2230
2231
2233
2237
2239
2240
2246
2248
2253
2268
2271
2273
2278
2279
2282
2284
2286
2289
2290
2294
2297
2305
2316
2323
2331
2343
2344
2350
2351
2354
2356
2360
2365
2375
2377
2385
2386
2396
2399
2417
2421
2436
2439
2442
2443
2446
2448
2449
2463
2469
2472
2473
2475
2476
2478
2479
2481
2482
2490
2500
2501
2502
2506
2512
2514
2517
2520
2521
2523
2526
2528
2530
2535
2538
2539
2540
2542
2548
2549
2553
2554
2555
2556
2558
2559
2562
2563
2567
2568
2569
2571
2574
2611
2612
2622
2635
2643
2649
2654
2660
2663
2667
2669
2672
2676
2677
2681
2682
2685
2686
2687
2692
2705
2714
2720
2722
2730
2741
2743
2745
2750
2751
2752
2756
2757
2758
2759
2760
2762
2763
2766
2767
2769
2776
2780
2782
2783
2785
2787
2790
2792
2796
2798
2799
2801
2802
2829
2837
2864
2865
2866
2869
2907
2909
2913
2914
2917
2918
2926
2960
2964
2965
2986
2990
2991
2992
2994
2996
2999
3006
3007
3009
3011
3019
3024
3033
3037
3039
3056
3057
3061
3063
3066
3067
3068
3071
3073
3074
3075
3077
3086
3088
3089
3090
3091
3092
3123
3128
3129
3131
3133
3137
3138
3145
3146
3160
3163
3165
3166
3168
3172
3173
3181
3186
3200
3204
3208
3210
3224
3239
3260
3274
3297
3301
3302
3310
3328
3337
3352
3364
3365
3367
3370
3371
3375
3379
3387
3393
3394
3395
3396
3398
3403
3437
3451
3464
3486
3493
3502
3527
3537
3561
3571
3579
3583
3593
3594
3599
3617
3627
3630
3642
3645
3656
3657
3660
3661
3663
3666
3668
3677
3688
3690
3723
3730
3731
3740
3742
3747
3750
3751
3760
3763
3785
3790
3791
3794
3804
3817
3824
3849
3851
3853
3856
3858
3860
3861
3864
3866
3867
3868
3869
3870
3873
3878
3879
3881
3884
3886
3887
3888
3891
3894
3896
3897
3899
3902
3906
3907
3908
3912
3914
3916
3922
3942
3948
3951
3957
3959
3960
3962
3965
3967
3972
3980
3984
3995
3997
4004
4016
4030
4033
4035
4061
4062
4066
4069
4070
4074
4076
4079
4082
4086
4088
4089
4090
4092
4096
4104
4106
4107
4122
4125
4126
4140
4144
4147
4150
4151
4161
4166
4171
4173
4177
4184
4202
4220
4262
4294
4296
4300
4303
4304
4308
4312
4317
4321
4327
4337
4339
4347
4350
4351
4354
4355
4359
4363
4365
4367
4372
4375
4378
4379
4382
4383
4387
4397
4405
4406
4407
4409
4412
4415
4417
4419
4421
4422
4426
4428
4436
4442
4449
4451
4452
4456
4458
4459
4472
4484
4496
4503
4505
4526
4535
4536
4539
4540
4542
4543
4546
4550
4552
4609
4615
4618
4633
4636
4638
4639
4642
4643
4646
4651
4652
4654
4657
4660
4662
4667
4669
4670
4673
4686
4699
4710
4714
4734
4738
4740
4741
4754
4763
4783
4785
4791
4796
4800
4801
4802
4807
4811
4821
4830
4831
4833
4837
4838
4844
4850
4861
4865
4888
4922
4923
4928
4941
4943
4948
4953
4955
4958
4960
4961
4964
4968
4969
4975
4980
4981
4986
4989
4991
4992
4993
4998
5002
5015
5026
5032
5039
5044
5067
5082
5099
5102
5109
5110
5117
5134
5142
5143
5153
5156
5166
5167
5171
5186
5188
5192
5193
5194
5195
5199
5201
5203
5205
5206
5209
5210
5212
5243
5260
5284
5287
5289
5301
5306
5316
5327
5331
5351
5361
5375
5377
5384
5387
5392
5393
5395
5397
5399
5404
5409
5420
5431
5438
5445
5486
5525
5531
5548
5559
5578
5592
5612
5618
5619
5628
5631
5635
5642
5644
5648
5650
5657
5662
5665
5669
5675
5678
5679
5680
5686
5690
5697
5699
5700
5701
5703
5728
5731
5762
5778
5779
5783
5787
5791
5793
5822
5839
5844
5847
5858
5866
5877
5888
5889
5904
5922
5924
5925
5928
5930
5935
5936
5938
5939
5941
5942
5943
5945
5947
5965
5982
5989
5990
5996
6015
6024
6027
6035
6043
6054
6081
6089
6104
6113
6114
6115
6116
6120
6127
6130
6131
6155
6157
6159
6177
6183
6184
6199
6213
6234
6239
6249
6256
6273
6295
6297
6300
6301
6303
6307
6308
6309
6310
6316
6321
6326
6329
6344
6356
6367
6388
6401
6403
6405
6407
6409
6414
6417
6421
6424
6426
6428
6431
6432
6436
6441
6463
6468
6498
6506
6507
6509
6510
6511
6538
6563
6579
6591
6592
6595
6598
6638
6654
6655
6656
6657
6663
6664
6666
6667
6669
6679
6682
6691
6699
6707
6713
6714
6748
6761
6770
6776
6777
6787
6812
6819
6826
6839
6847
6863
6873
6877
6882
6883
6884
6890
6894
6899
6908
6910
6922
6930
6935
6993
6994
6995
6997
7003
7014
7032
7048
7085
7091
7099
7107
7132
7145
7153
7163
7187
7192
7198
7227
7256
7279
7289
7294
7298
7309
7312
7331
7338
7345
7358
7360
7362
7372
7378
7390
7391
7392
7394
7396
7398
7400
7402
7403
7405
7433
7440
7447
7451
7461
7486
7520
7556
7557
7568
7582
7595
7597
7611
7612
7614
7617
7619
7626
7628
7630
7636
7668
7687
7692
7694
7700
7714
7723
7729
7731
7751
7753
7755
7756
7764
7770
7778
7790
7794
7798
7817
7819
7821
7827
7844
7849
7862
7885
7891
7904
7905
7909
7918
7932
7937
7945
7953
7959
7981
7982
7983
7988
7989
7998
8003
8005
8020
8033
8040
8042
8055
8070
8074
8086
8091
8115
8116
8121
8125
8137
8153
8171
8173
8176
8188
8197
8210
8221
8222
8223
8235
8238
8243
8295
8297
8300
8304
8305
8307
8309
8312
8314
8320
8322
8327
8331
8338
8350
8355
8357
8373
8407
8412
8429
8433
8439
8446
8449
8456
8458
8463
8474
8476
8477
8485
8490
8501
8503
8506
8528
8530
8549
8565
8571
8575
8581
8585
8600
8607
8611
8628
8650
8654
8661
8666
8709
8711
8713
8715
8717
8731
8733
8746
8749
8766
8777
8785
8799
8805
8817
8823
8828
8847
8864
8887
8890
8894
8915
8919
8928
8944
8946
8965
8986
8989
8997
8999
9006
9010
9023
9033
9036
9048
9068
9075
9085
9118
9138
9162
9168
9178
9183
9206
9210
9214
9241
9245
9248
9253
9257
9259
9265
9293
9298
9312
9344
9352
9358
9360
9365
9375
9380
9391
9411
9416
9432
9448
9463
9471
9472
9475
9483
9487
9492
9493
9498
9502
9505
9523
9524
9545
9551
9553
9557
9572
9596
9618
9625
9626
9635
9636
9638
9639
9664
9667
9669
9677
9702
9704
9732
9739
9756
9790
9799
9838
9839
9876
9896
9908
9912
9922
9932
9946
9955
9958
9975
9979
9986
9994
10019
10029
10032
10057
10071
10109
10121
10125
10140
10144
10148
10150
10152
10154
10156
10170
10177
10190
10199
10213
10226
10227
10230
10235
10246
10250
10255
10256
10278
10285
10318
10325
10354
10362
10363
10413
10426
10440
10443
10454
10460
10465
10466
10470
10471
10489
10491
10503
10510
10523
10560
10562
10564
10566
10567
10569
10571
10573
10574
10575
10579
10595
10602
10606
10610
10615
10618
10640
10655
10657
10660
10661
10671
10675
10676
10677
10688
10692
10717
10740
10743
10752
10759
10791
10793
10804
10817
10818
10825
10832
10845
10851
10854
10857
10858
10864
10865
10869
10876
10887
10890
10893
10901
10903
10937
10943
10985
10987
10991
10992
10997
10999
11000
11002
11006
11008
11011
11045
11061
11067
11079
11088
11089
11090
11092
11093
11095
11101
11125
11132
11137
11139
11141
11145
11148
11155
11157
11160
11162
11163
11165
11172
11177
11202
11207
11212
11221
11234
11235
11249
11256
11260
11261
11264
11273
11275
11300
11351
11369
11376
11385
11388
11454
11457
11492
11502
11520
11530
11564
11591
11594
11625
11630
11638
11644
11655
11661
11666
11682
11684
11689
11695
11699
11702
11717
11721
11723
11739
11749
11763
11795
11805
11814
11815
11821
11823
11833
11845
11852
11859
11913
11919
11929
11941
11950
11951
11980
12001
12006
12029
12039
12048
12061
12063
12073
12082
12095
12100
12105
12158
12160
12190
12194
12196
12209
12226
12235
12243
12263
12265
12319
12328
12354
12367
12419
12432
12454
12455
12465
12479
12489
12490
12491
12508
12524
12526
12532
12560
12578
12586
12588
12599
12607
12612
12629
12632
12634
12650
12652
12666
12674
12678
12679
12691
12715
12717
12718
12764
12765
12792
12796
12821
12833
12839
12849
12857
12877
12900
12904
12906
12916
12931
12945
12956
12965
12970
12973
12977
12988
13008
13009
13029
13033
13042
13049
13055
13061
13078
13080
13167
13194
13196
13200
13222
13230
13249
13255
13274
13280
13284
13286
13289
13313
13319
13326
13353
13390
13392
13398
13400
13412
13413
13415
13459
13461
13467
13482
13484
13487
13488
13490
13492
13495
13497
13502
13504
13508
13512
13536
13544
13553
13568
13577
13616
13636
13644
13675
13684
13701
13728
13732
13753
13757
13764
13770
13777
13780
13781
13784
13786
13788
13789
13801
13804
13810
13812
13815
13818
13821
13823
13844
13846
13858
13882
13887
13900
13948
13952
13969
13981
13997
14012
14028
14042
14050
14062
14075
14090
14092
14094
14115
14134
14140
14167
14181
14197
14204
14224
14226
14244
14248
14253
14275
14289
14301
14302
14304
14307
14324
14331
14333
14376
14408
14415
14417
14455
14484
14495
14506
14518
14524
14530
14546
14585
14598
14621
14636
14651
14687
14743
14757
14762
14800
14823
14845
14875
14903
14948
14985
14988
14992
15007
15012
15013
15036
15081
15090
15095
15168
15195
15199
15209
15212
15213
15214
15227
15239
15280
15282
15297
15310
15316
15330
15335
15346
15361
15375
15452
15457
15510
15533
15556
15562
15569
15617
15619
15630
15687
15711
15740
15758
15762
15791
15792
15841
15914
15915
15916
15954
15956
15970
15972
15979
16002
16004
16035
16037
16041
16054
16065
16075
16094
16134
16137
16188
16191
16198
16211
16236
16248
16253
16269
16273
16310
16325
16327
16358
16384
16386
16387
16392
16442
16457
16515
16539
16552
16553
16579
16602
16631
16632
16649
16694
16708
16767
16768
16831
16839
16848
16851
16854
16855
16863
16866
16872
16874
16875
16880
16907
16913
16931
16947
16966
16994
17029
17034
17059
17092
17103
17192
17208
17220
17226
17230
17249
17287
17317
17337
17374
17378
17382
17392
17491
17494
17502
17519
17586
17614
17652
17658
17664
17677
17678
17751
17804
17813
17815
17817
17825
17829
17864
17881
17900
17936
17974
18024
18035
18103
18193
18195
18208
18222
18272
18289
18335
18349
18423
18456
18506
18548
18556
18617
18649
18656
18678
18712
18725
18745
18768
18805
18840
18856
18862
18929
18937
18943
18948
18960
18961
19003
19076
19152
19177
19193
19209
19216
19259
19302
19321
19349
19374
19413
19426
19437
19472
19501
19542
19616
19654
19655
19656
19679
19840
19841
19874
19922
19947
19974
19976
19984
20082
20192
20223
20227
20237
20275
20362
20385
20414
20430
20455
20478
20529
20572
20812
20842
20845
20894
20902
20929
21022
21025
21032
21053
21185
21196
21206
21297
21310
21415
21417
21627
21686
21698
21749
21752
21805
21844
21892
21905
21927
21986
22003
22049
22144
22171
22257
22279
22286
22303
22365
22424
22434
22456
22493
22519
22569
22573
22602
22614
22652
22742
22766
22818
22916
22983
23029
23125
23164
23264
23269
23271
23272
23277
23279
23288
23289
23295
23299
23302
23305
23311
23312
23313
23347
23388
23490
23506
23706
23938
23989
23990
24019
24042
24127
24132
24185
24307
24347
24472
24551
24745
24825
24901
24954
25065
25329
25401
25483
25639
25903
25995
25996
25997
25998
26026
26039
26040
26153
26259
26263
26383
26460
26468
26554
26653
26833
26997
27162
27186
27273
27417
27433
27541
27552
27661
27702
27844
27850
27851
27899
28018
28083
28192
28351
28545
28548
28609
28666
28853
28933
29139
29201
29296
29380
29421
29695
