0
5
11
14
21
23
31
40
44
46
47
49
50
65
78
107
118
123
126
130
142
174
191
232
255
261
265
302
305
313
316
319
320
327
343
348
354
386
394
448
464
480
481
490
507
512
544
553
566
590
600
601
631
644
679
689
728
742
746
770
773
774
815
818
833
840
844
846
849
869
885
895
904
914
921
943
964
971
993
994
1043
1057
1071
1072
1105
1113
1118
1126
1134
1161
1167
1172
1189
1193
1220
1224
1244
1252
1254
1267
1290
1293
1317
1319
1330
1344
1348
1356
1358
1366
1370
1375
1376
1395
1397
1403
1444
1483
1485
1490
1529
1554
1573
1608
1619
1641
1644
1650
1655
1672
1687
1701
1720
1723
1735
1736
1761
1804
1813
1820
1823
1862
1867
1878
1883
1903
1920
1927
1937
1945
1952
1960
1994
2007
2022
2039
2079
2082
2093
2098
2131
2132
2151
2155
2160
2174
2192
2234
2251
2254
2273
2277
2302
2326
2341
2345
2371
2376
2377
2393
2413
2428
2456
2471
2477
2479
2514
2519
2520
2592
2600
2624
2664
2667
2688
2711
2736
2775
2808
2821
2845
2873
2878
2912
2933
2983
3033
3051
