0 20
0 24
1 24
0 23
0 13
2 24
1 20
2 20
3 20
0 14
4 20
0 26
0 3
1 13
2 13
0 5
0 17
1 26
1 3
2 3
1 23
1 14
0 11
2 26
1 11
0 12
0 2
0 22
2 11
1 17
0 25
2 23
0 10
3 26
4 26
3 24
0 15
1 2
2 2
3 2
3 11
1 25
2 25
2 15
0 19
3 25
0 21
4 25
4 11
2 4
2 17
1 5
2 7
1 15
0 29
1 12
1 22
4 2
1 10
0 7
1 29
2 5
2 14
0 9
3 17
4 17
1 21
2 12
3 12
4 24
0 8
3 13
3 5
0 16
3 4
2 18
2 9
4 12
4 5
3 14
2 10
1 16
2 16
3 16
1 7
2 29
4 16
3 23
2 22
3 3
0 4
1 9
0 6
1 19
4 3
3 7
0 1
4 23
3 22
3 9
1 6
2 21
3 10
0 28
4 14
1 8
0 0
1 4
2 6
0 27
2 8
4 9
4 10
1 28
2 28
3 6
4 4
0 18
3 21
1 0
1 1
2 0
4 6
2 19
3 19
2 1
1 27
2 27
4 21
4 7
4 19
3 28
1 18
3 18
4 28
4 13
3 1
4 18
4 1
3 8
3 15
3 0
4 15
3 27
4 8
4 22
4 0
3 29
4 29
4 27

Score: 76.30000000000028