0
193
195
198
200
201
203
218
219
228
256
258
259
260
261
266
269
272
275
277
279
280
281
282
286
288
290
296
297
298
299
301
302
304
305
306
320
322
323
324
327
332
334
336
341
343
344
346
353
355
358
361
365
367
368
369
371
372
373
375
380
381
383
388
410
415
426
433
475
479
488
495
498
501
503
508
509
513
516
522
528
531
535
539
545
547
552
555
557
562
565
570
573
593
594
596
601
607
614
629
638
640
647
659
680
707
715
753
762
772
774
781
824
836
843
846
854
855
861
865
866
867
869
873
879
886
891
892
895
896
899
903
904
911
914
916
917
927
931
938
940
946
962
976
980
989
993
994
1000
1003
1005
1012
1017
1020
1027
1031
1032
1036
1037
1039
1040
1044
1046
1047
1051
1053
1055
1056
1060
1070
1074
1078
1080
1083
1085
1086
1091
1093
1094
1097
1099
1100
1102
1107
1115
1122
1123
1127
1133
1135
1136
1137
1139
1147
1149
1155
1159
1162
1168
1170
1172
1173
1175
1176
1179
1183
1184
1185
1189
1194
1196
1198
1200
1201
1220
1225
1226
1227
1228
1230
1231
1236
1240
1242
1270
1280
1281
1285
1309
1316
1321
1322
1324
1325
1328
1333
1334
1337
1344
1346
1353
1355
1358
1359
1360
1364
1370
1380
1384
1393
1394
1399
1400
1414
1418
1425
1438
1445
1447
1451
1469
1472
1479
1484
1485
1488
1495
1496
1498
1500
1503
1504
1505
1506
1508
1511
1515
1517
1518
1521
1522
1523
1524
1528
1538
1556
1560
1566
1567
1596
1598
1614
1617
1619
1621
1631
1633
1643
1655
1659
1664
1667
1669
1670
1671
1674
1675
1677
1678
1686
1687
1688
1697
1699
1700
1701
1702
1705
1706
1708
1710
1711
1712
1713
1718
1719
1722
1725
1726
1727
1728
1731
1733
1735
1737
1743
1744
1747
1750
1751
1757
1758
1760
1763
1766
1771
1775
1778
1781
1786
1787
1789
1790
1791
1792
1794
1797
1802
1803
1839
1847
1856
1858
1861
1868
1876
1879
1880
1890
1895
1905
1906
1922
1940
1957
1959
1969
1970
1990
1993
2002
2006
2007
2008
2041
2051
2052
2056
2057
2059
2071
2072
2090
2103
2115
2131
2143
2151
2153
2155
2156
2158
2159
2162
2167
2175
2183
2189
2194
2200
2204
2207
2209
2212
2215
2216
2230
2232
2233
2234
2235
2243
2248
2253
2272
2275
2283
2286
2289
2296
2304
2308
2312
2318
2336
2339
2343
2344
2347
2351
2355
2357
2358
2370
2375
2376
2377
2393
2394
2411
2412
2414
2426
2427
2429
2436
2442
2444
2450
2453
2454
2457
2458
2462
2463
2469
2476
2480
2482
2487
2496
2498
2502
2503
2512
2513
2515
2516
2521
2522
2525
2530
2544
2557
2569
2570
2581
2584
2586
2588
2590
2592
2594
2596
2601
2604
2605
2608
2617
2625
2627
2629
2635
2641
2642
2645
2647
2648
2649
2651
2652
2659
2661
2697
2699
2704
2715
2723
2731
2740
2742
2744
2747
2748
2750
2752
2754
2757
2760
2762
2764
2767
2768
2773
2775
2778
2780
2785
2788
2792
2793
2798
2801
2803
2807
2810
2812
2814
2816
2818
2822
2824
2825
2834
2839
2844
2856
2900
2911
2933
2944
2946
2948
2950
2953
2954
2989
2997
2999
3002
3003
3005
3007
3010
3012
3014
3018
3019
3020
3022
3027
3030
3031
3032
3033
3035
3038
3048
3051
3058
3121
3129
3130
3133
3173
3209
3212
3215
3219
3229
3234
3237
3239
3240
3242
3249
3260
3268
3279
3282
3286
3290
3294
3296
3298
3302
3303
3308
3312
3317
3319
3324
3326
3335
3337
3340
3341
3342
3344
3345
3349
3350
3352
3354
3357
3358
3361
3362
3363
3366
3369
3370
3371
3373
3378
3379
3382
3386
3389
3393
3394
3398
3400
3406
3408
3409
3412
3413
3416
3417
3418
3420
3422
3427
3429
3430
3431
3436
3452
3468
3472
3482
3492
3497
3505
3544
3551
3555
3562
3563
3583
3586
3589
3591
3610
3637
3672
3685
3716
3724
3728
3737
3741
3744
3747
3750
3756
3757
3759
3760
3762
3764
3769
3777
3780
3781
3783
3784
3785
3790
3793
3794
3796
3797
3800
3801
3803
3805
3807
3810
3813
3815
3816
3818
3822
3825
3829
3833
3835
3838
3840
3842
3843
3847
3849
3850
3856
3858
3860
3863
3865
3867
3868
3872
3873
3874
3875
3876
3879
3880
3882
3884
3885
3887
3889
3894
3897
3899
3900
3902
3903
3905
3926
3939
3949
3964
3973
3974
3986
4001
4002
4025
4035
4042
4051
4058
4060
4086
4087
4090
4095
4097
4098
4100
4101
4105
4110
4112
4114
4115
4119
4122
4125
4127
4162
4164
4174
4182
4185
4189
4193
4194
4200
4202
4206
4208
4209
4211
4218
4272
4273
4274
4279
4291
4296
4301
4328
4333
4341
4350
4352
4353
4355
4356
4357
4358
4360
4373
4381
4384
4386
4390
4391
4401
4402
4403
4405
4407
4408
4412
4417
4421
4424
4428
4429
4432
4434
4437
4441
4449
4453
4462
4479
4497
4511
4516
4557
4565
4566
4568
4576
4581
4585
4589
4592
4597
4609
4610
4611
4614
4615
4618
4620
4621
4624
4625
4640
4641
4645
4658
4670
4676
4688
4690
4699
4716
4721
4729
4730
4737
4739
4749
4752
4757
4758
4766
4772
4787
4793
4797
4809
4826
4829
4834
4836
4838
4839
4840
4841
4848
4851
4855
4858
4869
4886
4891
4892
4894
4898
4901
4903
4906
4916
4922
4923
4927
4931
4932
4933
4937
4939
4940
4942
4976
4978
4985
4995
4999
5006
5017
5021
5027
5038
5047
5058
5064
5070
5072
5084
5091
5106
5113
5115
5116
5118
5120
5123
5124
5129
5131
5133
5134
5141
5142
5143
5145
5147
5148
5150
5152
5155
5157
5160
5163
5164
5167
5170
5171
5173
5174
5177
5188
5189
5193
5195
5198
5203
5210
5211
5215
5218
5219
5220
5223
5225
5229
5232
5233
5240
5242
5247
5248
5251
5253
5254
5256
5257
5259
5264
5281
5283
5294
5324
5328
5336
5338
5341
5352
5360
5378
5394
5402
5414
5417
5418
5425
5426
5428
5430
5431
5434
5438
5439
5442
5444
5445
5447
5450
5453
5455
5458
5460
5462
5463
5466
5469
5471
5474
5478
5480
5481
5483
5484
5485
5486
5488
5492
5493
5495
5496
5497
5500
5502
5503
5506
5507
5508
5509
5510
5512
5514
5517
5519
5522
5528
5529
5531
5533
5539
5540
5541
5542
5544
5546
5548
5553
5554
5555
5560
5562
5565
5566
5568
5569
5572
5575
5577
5578
5580
5583
5586
5592
5594
5595
5599
5600
5601
5626
5636
5642
5645
5655
5659
5686
5689
5690
5693
5694
5714
5717
5727
5751
5755
5771
5796
5798
5804
5812
5815
5859
5861
5865
5867
5868
5869
5871
5872
5873
5875
5887
5891
5896
5897
5900
5901
5903
5904
5914
5924
5934
5955
5957
5983
5984
5986
5992
5995
5997
6000
6004
6013
6022
6027
6033
6034
6036
6037
6039
6050
6069
6074
6077
6078
6092
6093
6096
6112
6117
6118
6119
6124
6125
6126
6128
6130
6131
6132
6136
6138
6140
6141
6143
6146
6148
6160
6161
6163
6166
6178
6189
6197
6201
6206
6207
6208
6209
6221
6223
6231
6234
6253
6254
6255
6258
6259
6264
6268
6285
6290
6309
6310
6315
6318
6320
6322
6328
6329
6330
6333
6336
6343
6344
6345
6348
6349
6350
6351
6356
6360
6361
6367
6368
6371
6374
6413
6416
6422
6423
6424
6427
6428
6429
6430
6442
6457
6462
6475
6478
6485
6491
6521
6525
6526
6534
6556
6559
6564
6565
6566
6568
6573
6575
6579
6581
6582
6584
6586
6587
6591
6592
6594
6596
6599
6603
6604
6606
6609
6610
6611
6612
6614
6619
6623
6625
6633
6638
6646
6653
6656
6657
6659
6664
6665
6675
6679
6682
6685
6692
6697
6698
6700
6703
6714
6720
6722
6724
6731
6735
6752
6778
6793
6794
6795
6798
6800
6804
6806
6809
6811
6813
6814
6816
6821
6825
6826
6829
6830
6831
6834
6837
6838
6843
6844
6847
6848
6850
6853
6854
6856
6857
6860
6863
6864
6865
6867
6872
6874
6875
6878
6882
6884
6885
6886
6889
6890
6891
6893
6902
6908
6910
6914
6918
6919
6923
6924
6929
6930
6932
6949
6974
6978
6980
6982
6985
6986
6987
6991
6993
6994
6998
6999
7009
7011
7019
7024
7027
7028
7030
7039
7047
7048
7057
7061
7063
7066
7069
7072
7076
7078
7079
7081
7107
7128
7131
7134
7138
7151
7156
7159
7161
7167
7172
7175
7176
7179
7200
7219
7222
7224
7226
7228
7229
7237
7238
7240
7243
7253
7259
7273
7279
7291
7304
7312
7326
7328
7341
7354
7358
7362
7369
7370
7378
7383
7393
7396
7408
7415
7418
7435
7441
7461
7508
7515
7525
7547
7558
7564
7570
7593
7606
7617
7618
7626
7627
7629
7630
7632
7635
7637
7639
7645
7650
7653
7657
7666
7669
7675
7689
7705
7753
7762
7763
7772
7774
7776
7780
7782
7783
7801
7802
7804
7806
7809
7812
7814
7816
7820
7824
7829
7833
7834
7865
7875
7891
7916
7929
7930
7933
7934
7941
7945
7955
7968
7984
7995
8010
8016
8020
8043
8052
8054
8058
8061
8062
8065
8066
8071
8077
8081
8085
8088
8089
8090
8093
8097
8102
8103
8104
8107
8110
8112
8116
8118
8130
8132
8134
8137
8138
8141
8159
8165
8195
8198
8205
8206
8207
8208
8209
8216
8220
8221
8225
8226
8232
8234
8235
8237
8241
8243
8260
8270
8272
8284
8333
8337
8338
8354
8368
8376
8379
8384
8407
8423
8429
8430
8441
8449
8460
8470
8479
8485
8487
8488
8492
8493
8496
8504
8512
8515
8519
8520
8550
8552
8553
8556
8581
8582
8590
8592
8593
8634
8651
8674
8677
8693
8737
8738
8740
8741
8745
8746
8750
8751
8760
8764
8778
8792
8805
8824
8851
8885
8890
8892
8907
8970
8973
8987
9031
9033
9038
9043
9044
9045
9046
9048
9049
9054
9059
9061
9063
9065
9069
9071
9072
9079
9082
9086
9087
9088
9091
9092
9096
9097
9098
9100
9105
9107
9109
9111
9113
9116
9121
9122
9123
9128
9129
9131
9133
9134
9138
9139
9145
9148
9150
9151
9152
9155
9160
9161
9164
9167
9169
9170
9172
9173
9175
9180
9185
9191
9194
9201
9205
9213
9215
9217
9218
9220
9223
9225
9226
9228
9231
9237
9239
9242
9244
9249
9252
9253
9256
9262
9265
9266
9274
9279
9285
9287
9288
9299
9302
9305
9306
9307
9310
9317
9319
9350
9359
9360
9405
9415
9419
9449
9452
9456
9460
9463
9467
9468
9474
9476
9479
9485
9496
9516
9525
9555
9568
9570
9575
9577
9589
9591
9599
9600
9603
9606
9607
9611
9614
9616
9618
9619
9621
9625
9626
9652
9658
9684
9688
9692
9693
9720
9737
9742
9753
9761
9763
9772
9779
9784
9800
9806
9807
9808
9814
9822
9863
9865
9867
9872
9874
9875
9876
9877
9878
9884
9893
9901
9907
9909
9911
9915
9916
9922
9968
9969
9970
9974
9993
9998
10005
10008
10009
10012
10013
10017
10018
10021
10023
10024
10025
10027
10028
10030
10031
10033
10035
10036
10038
10039
10047
10049
10051
10054
10059
10061
10073
10076
10094
10099
10100
10102
10103
10125
10128
10162
10164
10166
10167
10168
10169
10182
10185
10187
10192
10196
10197
10201
10205
10208
10209
10210
10214
10215
10219
10220
10223
10225
10226
10228
10232
10233
10234
10237
10239
10243
10246
10247
10248
10251
10253
10254
10260
10261
10262
10263
10266
10270
10271
10274
10280
10284
10285
10293
10297
10301
10302
10303
10304
10309
10312
10315
10317
10319
10321
10322
10324
10325
10328
10331
10332
10335
10337
10339
10341
10344
10345
10350
10352
10353
10357
10358
10360
10361
10363
10364
10365
10366
10368
10369
10374
10376
10377
10380
10381
10385
10386
10388
10390
10391
10395
10397
10401
10405
10406
10409
10411
10412
10413
10414
10416
10418
10420
10422
10428
10429
10433
10436
10438
10439
10440
10442
10445
10446
10448
10449
10457
10459
10461
10464
10468
10469
10471
10472
10473
10474
10477
10480
10485
10493
10499
10501
10507
10526
10555
10565
10587
10590
10607
10629
10636
10643
10653
10657
10663
10672
10683
10686
10690
10693
10697
10698
10702
10716
10718
10722
10723
10732
10748
10751
10769
10785
10808
10811
10816
10819
10822
10827
10831
10835
10836
10837
10838
10850
10856
10861
10862
10869
10885
10890
10894
10895
10898
10904
10910
10913
10914
10915
10920
10923
10924
10929
10932
10935
10937
10939
10941
10943
10945
10948
10976
10984
11000
11047
11051
11055
11060
11081
11105
11107
11125
11148
11161
11171
11178
11190
11192
11199
11205
11209
11215
11236
11277
11279
11292
11310
11326
11331
11335
11341
11342
11346
11355
11356
11373
11377
11387
11389
11401
11407
11410
11419
11430
11444
11454
11456
11463
11475
11480
11490
11493
11498
11502
11505
11511
11536
11554
11556
11568
11574
11584
11617
11622
11626
11629
11640
11646
11656
11659
11660
11661
11662
11663
11665
11666
11668
11670
11672
11679
11680
11681
11685
11686
11690
11695
11697
11699
11720
11726
11741
11747
11753
11759
11767
11786
11795
11801
11830
11835
11851
11864
11870
11877
11901
11906
11913
11914
11916
11918
11922
11924
11925
11926
11928
11929
11932
11935
11936
11939
11945
11946
11950
11961
11962
11969
11970
11972
11974
11982
11983
11985
11986
11989
11993
11994
11997
12004
12006
12013
12015
12018
12022
12024
12028
12029
12030
12032
12033
12034
12035
12040
12043
12045
12047
12051
12053
12055
12061
12070
12072
12075
12088
12100
12106
12123
12127
12132
12159
12162
12164
12167
12172
12173
12175
12176
12177
12179
12180
12182
12184
12187
12188
12190
12191
12194
12200
12203
12204
12206
12208
12211
12214
12215
12217
12223
12224
12226
12230
12233
12255
12271
12279
12289
12293
12299
12312
12339
12348
12363
12387
12390
12408
12433
12436
12439
12443
12454
12455
12458
12478
12520
12539
12624
12633
12640
12647
12664
12678
12685
12691
12695
12696
12697
12760
12805
12806
12816
12829
12836
12846
12851
12863
12869
12876
12889
12890
12916
12930
12940
12941
12942
12943
12946
12952
12961
12978
12993
12996
13025
13029
13041
13049
13072
13075
13110
13113
13130
13185
13195
13212
13214
13220
13226
13261
13285
13301
13311
13318
13323
13345
13348
13366
13380
13381
13394
13402
13404
13406
13409
13412
13416
13419
13422
13423
13427
13428
13429
13432
13434
13438
13439
13440
13443
13447
13449
13450
13452
13460
13475
13476
13500
13506
13518
13524
13540
13548
13553
13563
13566
13590
13598
13617
13629
13639
13640
13642
13644
13646
13649
13650
13656
13665
13681
13689
13695
13697
13699
13700
13701
13721
13728
13739
13772
13777
13780
13785
13794
13834
13839
13879
13895
13901
13902
13908
13930
13933
13950
13963
13964
13965
13966
13984
13993
13998
13999
14002
14004
14008
14011
14014
14019
14021
14027
14028
14029
14035
14043
14047
14068
14072
14110
14131
14139
14146
14149
14156
14158
14160
14163
14165
14167
14170
14171
14173
14179
14181
14182
14183
14185
14198
14214
14239
14244
14273
14279
14308
14324
14332
14338
14351
14355
14359
14371
14383
14386
14387
14421
14458
14467
14470
14481
14490
14495
14496
14504
14505
14509
14512
14516
14520
14521
14550
14556
14583
14584
14592
14596
14606
14619
14630
14653
14656
14659
14661
14663
14665
14670
14671
14704
14705
14706
14708
14725
14726
14738
14785
14801
14812
14823
14857
14872
14902
14903
14904
14930
14947
14962
14967
14971
14979
14981
14982
14984
14986
14987
14988
14989
14994
14999
15021
15037
15049
15051
15071
15074
15077
15087
15097
15141
15142
15147
15148
15149
15150
15158
15167
15169
15174
15193
15204
15223
15241
15256
15268
15282
15299
15312
15316
15327
15345
15355
15372
15373
15410
15424
15428
15429
15441
15446
15449
15454
15463
15465
15492
15494
15495
15496
15499
15501
15502
15503
15506
15509
15511
15515
15519
15522
15523
15528
15530
15531
15532
15533
15535
15538
15540
15543
15544
15547
15550
15553
15555
15556
15558
15559
15560
15562
15563
15565
15568
15571
15573
15579
15580
15581
15584
15589
15591
15593
15594
15599
15603
15604
15606
15608
15609
15610
15613
15616
15618
15619
15620
15623
15625
15626
15627
15628
15630
15631
15632
15636
15640
15644
15650
15653
15655
15658
15664
15667
15669
15671
15673
15675
15677
15684
15686
15689
15696
15697
15706
15712
15713
15718
15732
15734
15744
15762
15771
15781
15798
15799
15801
15803
15804
15805
15809
15811
15814
15815
15817
15820
15822
15826
15864
15876
15897
15904
15914
15930
15942
15957
15972
15973
15980
15994
16002
16004
16010
16012
16013
16018
16019
16021
16025
16033
16034
16039
16049
16059
16074
16077
16096
16122
16144
16174
16181
16208
16221
16239
16297
16309
16312
16374
16376
16385
16398
16405
16407
16408
16410
16412
16414
16415
16416
16417
16419
16420
16427
16448
16496
16508
16519
16537
16543
16551
16553
16588
16598
16599
16606
16611
16620
16628
16637
16666
16669
16671
16692
16694
16698
16700
16701
16754
16757
16761
16764
16769
16771
16772
16782
16793
16814
16815
16823
16853
16871
16883
16901
16918
16920
16927
16933
16951
16982
17004
17015
17044
17048
17059
17092
17102
17160
17175
17190
17201
17203
17206
17208
17211
17214
17215
17216
17220
17221
17222
17226
17233
17235
17236
17241
17242
17258
17269
17280
17302
17303
17305
17307
17310
17311
17317
17337
17338
17341
17343
17344
17367
17387
17389
17399
17434
17443
17475
17520
17528
17534
17538
17542
17543
17569
17587
17590
17597
17616
17617
17626
17629
17632
17633
17637
17667
17672
17680
17684
17689
17702
17726
17745
17747
17748
17750
17752
17754
17757
17759
17763
17767
17776
17795
17797
17801
17809
17811
17813
17831
17833
17871
17889
17892
17893
17918
17954
17962
17983
18009
18022
18041
18146
18170
18187
18191
18194
18196
18225
18281
18293
18311
18344
18352
18366
18408
18460
18466
18468
18471
18484
18524
18525
18528
18539
18540
18549
18573
18594
18606
18618
18644
18647
18663
18676
18677
18680
18691
18700
18707
18708
18733
18793
18797
18806
18815
18816
18819
18822
18851
18865
18873
18874
18875
18884
18942
18975
18978
18982
18984
18986
18995
19001
19002
19027
19032
19033
19044
19045
19050
19104
19118
19123
19137
19165
19181
19182
19185
19186
19204
19205
19210
19212
19213
19224
19235
19241
19251
19254
19256
19310
19354
19356
19359
19360
19362
19363
19364
19369
19371
19399
19401
19408
19425
19435
19441
19447
19494
19503
19509
19523
19524
19526
19567
19569
19598
19605
19610
19618
19626
19635
19652
19682
19687
19717
19732
19792
19813
19816
19842
19849
19851
19853
19855
19857
19858
19859
19896
19899
19911
19925
19934
19963
19978
19994
20036
20038
20063
20075
20083
20099
20119
20126
20134
20180
20182
20184
20187
20188
20189
20191
20195
20197
20200
20208
20209
20210
20211
20217
20222
20231
20233
20237
20243
20263
20280
20392
20393
20397
20399
20401
20403
20424
20434
20436
20437
20438
20444
20446
20447
20449
20450
20451
20457
20460
20463
20464
20466
20468
20472
20475
20477
20478
20479
20481
20483
20488
20491
20493
20497
20499
20500
20502
20504
20509
20510
20519
20522
20524
20528
20535
20537
20580
20585
20596
20612
20619
20656
20658
20662
20664
20665
20670
20671
20673
20678
20703
20706
20713
20754
20785
20827
20837
20852
20930
20938
20951
20976
20996
21018
21022
21066
21079
21111
21204
21236
21257
21263
21273
21294
21341
21352
21360
21370
21376
21414
21428
21432
21438
21463
21477
21479
21480
21481
21484
21486
21489
21497
21520
21554
21583
21616
21622
21695
21698
21700
21704
21708
21714
21716
21720
21732
21756
21786
21787
21788
21802
21810
21880
21899
21900
21905
21906
21939
21948
21961
22007
22010
22019
22021
22030
22038
22044
22053
22058
22108
22150
22155
22162
22200
22218
22247
22248
22257
22263
22272
22281
22313
22342
22391
22395
22398
22415
22434
22473
22479
22499
22503
22516
22519
22522
22528
22567
22579
22619
22632
22633
22638
22693
22707
22762
22763
22786
22856
22875
22886
22901
22911
22936
22946
22967
22974
22991
23014
23046
23063
23102
23106
23128
23169
23176
23192
23195
23226
23245
23248
23261
23262
23274
23278
23298
23303
23313
23315
23324
23333
23340
23392
23393
23394
23397
23398
23402
23403
23406
23413
23415
23423
23424
23426
23428
23431
23436
23440
23441
23446
23447
23454
23457
23458
23464
23512
23517
23528
23544
23550
23564
23590
23639
23662
23663
23668
23743
23762
23764
23787
23843
23855
23890
23900
23906
23916
23932
23967
23968
23982
23988
23990
24003
24017
24031
24037
24048
24065
24092
24108
24116
24203
24222
24293
24299
24319
24325
24341
24349
24365
24386
24418
24446
24509
24547
24562
24567
24570
24581
24583
24589
24596
24597
24599
24603
24631
24687
24718
24731
24733
24771
24773
24803
24809
24810
24837
24847
24863
24869
24894
24908
24910
24917
24943
24959
24970
24994
24995
25033
25045
25059
25060
25062
25063
25071
25143
25145
25147
25158
25180
25184
25187
25190
25195
25205
25258
25293
25300
25302
25306
25312
25358
25389
25397
25400
25407
25462
25467
25491
25517
25539
25601
25607
25609
25629
25694
25712
25725
25766
25786
25811
25823
25853
25864
25874
25900
25956
25961
25966
25983
26082
26154
26233
26255
26311
26314
26321
26324
26393
26395
26396
26400
26406
26436
26457
26506
26545
26547
26549
26562
26579
26586
26609
26621
26640
26653
26694
26848
26858
26860
26879
26925
26944
26972
26976
26978
27168
27170
27177
27201
27206
27209
27210
27213
27219
27220
27247
27284
27325
27327
27348
27363
27364
27367
27463
27484
27496
27505
27515
27518
27591
27613
27621
27632
27678
27687
27697
27713
27853
27883
27917
27933
27970
27988
28019
28034
28038
28039
28048
28059
28073
28126
28146
28148
28149
28168
28186
28220
28288
28295
28323
28340
28353
28374
28433
28481
28482
28494
28504
28532
28533
28537
28542
28546
28548
28549
28551
28555
28557
28559
28562
28566
28568
28569
28570
28571
28573
28576
28613
28616
28638
28679
28682
28702
28711
28720
28741
28749
28800
28810
28823
28828
28844
28857
28904
28991
29025
29082
29095
29116
29137
29140
29143
29157
29163
29171
29191
29205
29285
29328
29333
29349
29370
29385
29388
29435
29463
29470
29520
29563
29604
29606
29618
29633
29666
29697
29729
29738
29739
29740
29744
29761
29816
29821
29841
29909
29912
29925
29950
29955
29973
29993
30022
30061
30076
30079
30084
30085
30245
30265
30308
30311
30320
30375
30385
30420
30436
30474
30527
30598
30603
30609
30622
30625
30626
30627
30630
30631
30634
30641
30647
30652
30695
30712
30714
30768
30871
30897
30915
30920
30933
30987
31001
31021
31031
31058
31122
31202
31242
31243
31248
31253
31254
31257
31258
31259
31293
31294
31327
31363
31365
31381
31382
31452
31457
31499
31507
31563
31566
31567
31571
31572
31573
31576
31579
31583
31591
31645
31675
31687
31696
31774
31900
31949
31983
32091
32111
32182
32215
32233
32346
32348
32386
32449
32463
32502
32517
32523
32559
32600
32611
32648
32688
32690
32702
32710
32713
32754
32782
32812
32864
32888
32895
32901
32925
32960
32973
33090
33095
33127
33132
33151
33184
33191
33258
33277
33361
33364
33428
33569
33577
33591
33619
33660
33675
33734
33790
33795
33817
33821
33828
33962
34012
34046
34055
34096
34221
34223
34228
34250
34333
34337
34425
34426
34440
34446
34455
34478
34481
34505
34512
34674
34682
34696
34758
34770
34798
34866
34881
34920
34942
34991
34992
34998
35064
35104
35138
35163
35166
35196
35239
35348
35388
35401
35407
35477
35504
35646
35653
35684
35689
35716
35751
35774
35793
35820
35890
35953
36095
36099
36109
36111
36113
36114
36158
36164
36166
36210
36223
36231
36299
36329
36360
36367
36423
36507
36543
36558
36652
36757
36856
36894
36978
37131
37134
37168
37178
37181
37215
37479
37539
37592
37631
37655
37718
37916
37919
38031
38114
38191
38316
38346
38440
38486
38497
38512
38513
38623
38664
38751
38791
38846
38897
38941
38967
39018
39024
39109
39141
39147
39148
39181
39338
39390
39540
39566
39574
39577
39776
39781
39790
39796
39797
39800
39801
39805
39819
39829
39831
39841
39850
39859
39879
39884
39889
40044
40107
40118
40123
40221
40281
40381
40390
40395
40439
40442
40444
40446
40449
40468
40473
40474
40489
40492
40514
40518
40520
40555
40558
40560
40563
40565
40567
40571
40572
40574
40577
40578
40640
40714
40815
40828
40866
40868
40953
40975
41060
41091
41132
41227
41229
41232
41248
41307
41507
41531
41537
41649
41775
41784
41788
41806
41807
41820
41836
41839
41841
41848
41894
41895
41909
42035
42090
42098
42100
42103
42104
42119
42120
42123
42125
42136
42153
42154
42162
42188
42239
42305
42326
42327
42335
42413
42462
42499
42548
42555
42559
42560
42571
42581
42592
42593
42594
42630
42804
42806
43015
43019
43025
43031
43039
43043
43047
43058
43062
43067
43070
43073
43077
43081
43088
43090
43091
43093
43095
43096
43099
43103
43109
43111
43115
43120
43122
43126
43130
43132
43136
43137
43142
43148
43153
43156
43164
43165
43167
43171
43176
43180
43199
43202
43203
43205
43207
43218
43245
43421
43490
43573
43580
43679
43772
43822
43894
43948
43968
44035
44110
44131
44162
44202
44215
44360
44407
44454
44502
44507
44509
44513
44622
44761
44792
44795
44814
44928
44982
45096
45107
45214
45249
45275
45276
45340
45412
45573
45577
45585
45589
45594
45599
45601
45602
45605
45609
45611
45619
45621
45624
45628
45631
45635
45639
45642
45645
45651
45658
45666
45690
45764
46071
46072
46075
46077
46079
46083
46085
46087
46089
46138
46170
46197
46344
46411
46414
46453
46525
46532
46727
46779
46815
46821
46822
46851
46868
46873
46876
46878
46881
46885
46895
46949
46975
46996
47104
47240
47309
47727
47731
47741
47828
47854
47898
47901
47930
47931
47939
47945
47951
