0 13
0 14
0 25
1 13
0 4
2 13
3 13
1 14
2 14
4 13
3 14
4 14
1 25
1 4
0 20
0 1
2 25
3 25
1 20
2 4
2 20
3 4
1 1
0 17
2 1
4 25
4 4
0 22
1 22
0 12
2 22
0 15
3 22
4 22
1 17
3 1
1 15
2 15
0 5
1 12
0 9
2 12
2 17
0 27
2 9
3 12
3 17
3 20
0 26
3 15
2 8
1 27
4 1
1 5
2 5
0 18
0 28
0 21
4 15
0 6
0 7
2 27
3 27
1 7
0 10
4 27
0 16
2 7
1 18
0 8
1 26
1 21
2 26
0 11
4 20
3 7
1 6
2 21
2 3
1 28
2 11
3 26
1 11
1 10
2 28
0 19
0 29
4 12
1 9
2 18
1 8
3 21
2 10
3 11
2 6
3 10
3 28
0 23
1 16
2 16
3 16
1 29
4 21
1 19
4 11
2 19
4 26
3 9
3 5
4 5
3 19
0 0
4 19
4 9
4 10
1 23
0 3
4 16
3 8
2 29
2 23
4 17
0 24
0 2
1 0
4 8
2 0
3 29
3 0
3 23
4 28
4 29
3 18
1 3
3 3
4 7
4 23
2 24
3 6
1 24
1 2
4 0
4 3
4 6
2 2
4 18
3 2
3 24
4 2
4 24

Score: 75.33999999999979