0
9216
9218
9275
9297
9327
9329
9333
9337
9341
9346
9351
9356
9358
9363
9364
9365
9369
9372
9374
9375
9378
9381
9383
9384
9399
9402
9404
9414
9448
9454
9458
9465
9474
9477
9478
9479
9482
9489
9491
9492
9494
9507
9513
9517
9518
9524
9526
9527
9528
9529
9533
9534
9535
9542
9551
9557
9558
9560
9561
9563
9564
9570
9574
9589
9605
9642
9645
9646
9667
9669
9677
9684
9686
9689
9691
9704
9709
9756
9759
9766
9773
9782
9789
9790
9817
9818
9836
9856
9871
9877
9897
9916
9919
9936
9980
9996
10008
10011
10021
10024
10030
10040
10054
10059
10074
10089
10092
10100
10119
10122
10123
10125
10136
10137
10143
10145
10147
10148
10150
10153
10154
10156
10158
10162
10163
10167
10181
10182
10203
10231
10234
10236
10238
10242
10244
10274
10276
10290
10308
10310
10311
10313
10316
10319
10320
10321
10324
10326
10329
10333
10335
10336
10338
10339
10341
10344
10346
10349
10351
10353
10356
10361
10364
10366
10367
10368
10373
10377
10379
10380
10385
10388
10389
10392
10393
10395
10398
10400
10401
10403
10406
10409
10410
10419
10423
10426
10427
10428
10429
10452
10456
10459
10465
10467
10471
10474
10476
10477
10486
10487
10492
10498
10500
10501
10502
10505
10512
10518
10521
10528
10530
10533
10539
10542
10546
10549
10557
10566
10567
10569
10572
10575
10579
10583
10584
10612
10617
10626
10635
10636
10640
10643
10645
10646
10653
10674
10683
10689
10691
10692
10701
10704
10705
10708
10710
10733
10751
10756
10765
10772
10780
10786
10797
10800
10829
10841
10864
10871
10890
10903
10928
10931
10937
10946
10947
10956
10959
10962
10963
10964
10965
10967
10968
10969
10973
10976
10981
10988
10991
11003
11018
11028
11038
11039
11051
11068
11089
11141
11226
11230
11241
11250
11252
11253
11257
11278
11296
11300
11347
11364
11369
11371
11374
11379
11381
11386
11390
11391
11393
11396
11398
11401
11402
11405
11411
11414
11415
11417
11418
11424
11427
11429
11430
11432
11434
11437
11440
11444
11446
11451
11453
11456
11459
11466
11481
11487
11488
11506
11530
11537
11541
11556
11573
11607
11611
11618
11634
11636
11640
11644
11646
11665
11687
11695
11702
11717
11725
11727
11729
11733
11735
11736
11738
11739
11741
11742
11744
11747
11748
11754
11757
11772
11791
11808
11818
11825
11829
11830
11832
11842
11867
11887
11931
11940
11950
11953
11974
11986
11988
11993
11995
11996
11997
12000
12005
12006
12007
12010
12015
12021
12069
12078
12090
12093
12126
12133
12146
12165
12191
12203
12229
12234
12235
12251
12266
12267
12269
12285
12301
12309
12328
12332
12343
12377
12379
12408
12416
12417
12439
12459
12462
12463
12464
12469
12471
12472
12475
12480
12481
12484
12490
12494
12501
12512
12518
12537
12544
12551
12552
12553
12555
12556
12567
12568
12569
12570
12575
12578
12611
12620
12621
12622
12624
12625
12626
12647
12650
12653
12655
12658
12659
12662
12665
12672
12675
12677
12697
12722
12736
12744
12745
12751
12752
12770
12777
12778
12779
12784
12788
12796
12816
12827
12837
12838
12851
12854
12855
12859
12860
12862
12864
12865
12869
12870
12871
12872
12874
12875
12876
12879
12881
12884
12885
12895
12946
12951
13023
13024
13025
13026
13027
13056
13081
13086
13140
13154
13162
13188
13192
13195
13213
13236
13242
13262
13274
13285
13292
13296
13306
13321
13333
13346
13356
13361
13366
13368
13373
13378
13381
13382
13383
13385
13388
13392
13393
13395
13396
13398
13399
13401
13402
13404
13405
13406
13407
13410
13414
13423
13427
13428
13430
13431
13436
13437
13438
13439
13441
13442
13446
13450
13494
13515
13519
13542
13545
13557
13563
13572
13577
13580
13587
13589
13606
13622
13623
13642
13659
13696
13705
13707
13715
13732
13734
13735
13737
13738
13749
13771
13784
13804
13818
13834
13835
13860
13862
13864
13867
13868
13870
13915
13920
13931
13936
13937
13941
13943
13952
13960
14001
14019
14026
14103
14118
14119
14135
14156
14160
14172
14207
14259
14275
14317
14319
14331
14339
14343
14367
14387
14412
14414
14426
14431
14442
14477
14494
14497
14498
14504
14510
14530
14534
14553
14586
14590
14631
14639
14656
14661
14684
14689
14706
14712
14720
14721
14745
14770
14806
14813
14851
14852
14853
14861
14866
14871
14876
14882
14887
14888
14922
14925
14953
14958
14962
14963
14988
14997
15003
15039
15064
15084
15101
15104
15116
15121
15122
15131
15168
15184
15192
15194
15210
15222
15236
15255
15262
15288
15289
15293
15297
15298
15300
15302
15305
15307
15311
15313
15314
15316
15320
15332
15333
15342
15346
15349
15350
15351
15353
15355
15359
15360
15372
15377
15382
15412
15413
15415
15438
15452
15461
15473
15474
15476
15535
15544
15547
15553
15559
15561
15576
15585
15600
15607
15613
15630
15634
15636
15640
15641
15642
15644
15663
15681
15684
15695
15700
15736
15745
15757
15764
15768
15769
15770
15772
15773
15788
15796
15801
15823
15842
15855
15859
15861
15866
15884
15894
15900
15921
15930
15948
15957
15959
15963
15964
15974
15977
15986
16024
16037
16045
16047
16060
16074
16109
16114
16118
16125
16133
16137
16140
16155
16185
16207
16229
16235
16251
16284
16285
16289
16292
16300
16301
16303
16304
16306
16308
16311
16316
16318
16372
16374
16382
16385
16390
16432
16435
16441
16447
16452
16462
16501
16510
16527
16539
16575
16605
16612
16627
16646
16647
16648
16650
16653
16654
16656
16674
16679
16692
16714
16722
16724
16762
16766
16802
16815
16817
16818
16828
16841
16880
16891
16913
16918
16927
16969
16970
16989
17027
17045
17051
17054
17058
17059
17063
17066
17071
17073
17095
17096
17107
17118
17122
17140
17142
17143
17157
17167
17177
17179
17198
17203
17214
17220
17234
17239
17242
17264
17274
17280
17284
17296
17297
17298
17307
17314
17318
17321
17322
17324
17325
17327
17329
17330
17332
17333
17336
17340
17343
17345
17347
17348
17349
17355
17357
17363
17365
17368
17373
17375
17377
17385
17389
17391
17399
17420
17433
17437
17441
17443
17444
17447
17472
17474
17480
17511
17519
17550
17555
17609
17611
17618
17620
17622
17623
17626
17629
17630
17633
17636
17638
17639
17642
17644
17645
17652
17657
17658
17659
17661
17664
17666
17669
17672
17675
17677
17680
17684
17685
17689
17692
17695
17696
17724
17730
17742
17750
17760
17763
17771
17794
17797
17802
17811
17834
17842
17850
17881
17894
17921
17936
17942
17953
17964
17986
18011
18013
18028
18047
18058
18062
18140
18144
18158
18171
18176
18181
18197
18204
18209
18212
18214
18215
18216
18218
18219
18221
18223
18224
18225
18228
18231
18232
18243
18257
18271
18273
18294
18301
18311
18312
18325
18329
18332
18344
18346
18347
18349
18354
18355
18362
18370
18373
18377
18385
18411
18430
18467
18513
18535
18587
18596
18598
18610
18625
18648
18660
18663
18664
18687
18749
18761
18764
18773
18783
18789
18798
18801
18802
18805
18807
18808
18809
18810
18819
18821
18839
18850
18866
18871
18872
18884
18891
18892
18893
18894
18907
18966
18969
18992
19002
19007
19031
19063
19073
19103
19109
19124
19126
19129
19131
19132
19133
19135
19136
19138
19143
19147
19148
19149
19153
19188
19199
19214
19270
19271
19274
19278
19318
19319
19322
19339
19350
19370
19379
19414
19419
19442
19456
19458
19469
19476
19490
19494
19503
19517
19521
19533
19565
19581
19598
19599
19605
19628
19652
19654
19667
19676
19689
19690
19725
19728
19796
19803
19804
19810
19811
19824
19833
19836
19840
19842
19857
19863
19865
19895
19896
19898
19918
19921
19922
19924
19926
19928
19929
19930
19931
19934
19940
19943
19946
19948
19950
19953
19957
19958
19963
19966
19968
19969
19970
19973
19974
19979
19981
19983
19987
19996
19998
20000
20001
20005
20006
20008
20009
20012
20020
20021
20024
20025
20026
20027
20028
20030
20032
20036
20052
20071
20085
20089
20096
20115
20120
20153
20158
20161
20182
20184
20190
20207
20211
20219
20230
20257
20261
20271
20273
20274
20276
20279
20285
20287
20292
20294
20296
20299
20303
20304
20309
20312
20313
20320
20324
20326
20328
20336
20338
20342
20349
20359
20365
20366
20368
20369
20370
20374
20378
20396
20464
20467
20476
20477
20480
20486
20515
20521
20524
20528
20529
20532
20538
20540
20541
20544
20547
20549
20621
20680
20700
20703
20704
20715
20718
20728
20731
20746
20785
20811
20838
20879
20884
20886
20889
20894
20897
20898
20899
20903
20904
20905
20909
20911
20913
20916
20917
20918
20919
20941
20945
20987
20988
20999
21022
21045
21053
21064
21098
21115
21148
21154
21160
21169
21174
21208
21211
21212
21235
21237
21241
21267
21271
21373
21387
21466
21481
21515
21518
21528
21544
21548
21569
21591
21634
21659
21661
21665
21673
21674
21678
21681
21682
21683
21685
21687
21688
21690
21691
21713
21714
21716
21718
21722
21725
21728
21732
21750
21772
21776
21789
21793
21801
21842
21851
21858
21875
21889
21918
21919
21943
21944
21952
21979
22033
22035
22064
22066
22071
22087
22097
22098
22121
22140
22155
22156
22165
22178
22186
22191
22223
22262
22284
22305
22342
22504
22515
22518
22522
22529
22530
22531
22533
22535
22537
22545
22550
22553
22603
22604
22609
22615
22616
22619
22621
22622
22626
22629
22634
22635
22639
22643
22648
22649
22652
22653
22700
22708
22711
22716
22747
22795
22823
22839
22910
22915
22926
22942
22967
22971
22975
22991
23019
23100
23127
23137
23138
23145
23146
23147
23181
23211
23212
23281
23296
23297
23311
23320
23342
23344
23345
23360
23372
23378
23391
23395
23397
23422
23428
23451
23457
23493
23508
23509
23515
23519
23524
23528
23552
23554
23569
23571
23574
23576
23580
23584
23602
23622
23639
23764
23796
23802
23824
23830
23881
23884
23933
23970
23996
24034
24082
24135
24136
24191
24244
24248
24262
24272
24276
24303
24328
24352
24395
24410
24421
24437
24438
24447
24491
24525
24570
24680
24717
24746
24874
24878
24888
24912
24983
25024
25042
25050
25054
25060
25076
25078
25089
25097
25099
25104
25129
25134
25140
25153
25202
25223
25233
25242
25327
25354
25384
25403
25408
25414
25439
25456
25483
25515
25524
25550
25553
25555
25562
25590
25599
25602
25637
25638
25684
25686
25699
25703
25726
25762
25772
25773
25805
25810
25827
25935
25948
25956
25972
25987
26043
26067
26105
26112
26123
26126
26128
26134
26147
26148
26167
26182
26185
26200
26203
26212
26216
26217
26235
26237
26239
26241
26252
26258
26260
26264
26272
26277
26290
26300
26306
26314
26334
26342
26351
26355
26359
26360
26364
26369
26372
26391
26399
26411
26412
26413
26453
26455
26466
26470
26473
26479
26539
26554
26557
26561
26564
26593
26622
26632
26643
26649
26696
26703
26767
26791
26802
26848
26860
26862
26876
26878
26881
26883
26886
26900
26901
26918
26979
26986
26998
27001
27003
27029
27039
27058
27090
27125
27127
27194
27196
27201
27287
27296
27315
27316
27335
27341
27373
27376
27394
27435
27449
27512
27527
27529
27530
27532
27539
27541
27570
27623
27666
27715
27723
27826
27859
27871
27902
27930
27935
28077
28081
28099
28174
28188
28193
28227
28233
28287
28288
28292
28293
28304
28335
28348
28370
28399
28418
28419
28421
28494
28500
28508
28510
28530
28623
28655
28657
28671
28676
28677
28685
28723
28747
28779
28790
28802
28806
28811
28814
28816
28821
28824
28829
28830
28831
28833
28888
28907
28975
29039
29070
29124
29209
29246
29268
29271
29277
29359
29361
29393
29397
29406
29409
29468
29475
29480
29522
29543
29559
29609
29626
29644
29653
29701
29705
29711
29725
29728
29750
29752
29770
29803
29816
29913
29930
29973
30025
30058
30073
30109
30110
30114
30125
30133
30144
30180
30216
30253
30307
30314
30350
30364
30425
30475
30545
30547
30557
30585
30593
30604
30605
30624
30670
30713
30731
30802
30816
30867
30900
31195
31289
31311
31326
31406
31537
31581
31604
31643
31651
31665
31735
31771
31798
31799
31849
31855
31856
31859
31873
31969
32012
32089
32109
32172
32195
32208
32214
32229
32261
32262
32360
32374
32378
32386
32412
32495
32508
32549
32608
32676
32679
32694
32718
32746
32809
32830
32833
32834
32836
32837
32838
32845
32878
32895
32910
32936
33013
33021
33061
33154
33189
33239
33240
33300
33302
33320
33490
33493
33513
33552
33631
33632
33725
33736
33740
33747
33752
33754
33758
33792
33829
33887
33888
33892
33916
33930
33963
34010
34027
34029
34054
34172
34185
34193
34243
34252
34264
34332
34335
34493
34599
34608
34646
34742
34872
34989
35000
35104
35168
35194
35199
35215
35242
35267
35313
35341
35425
35438
35523
35619
35627
35659
35666
35674
35685
35690
35696
35699
35712
35719
35720
35727
35821
35908
35954
35968
36063
36238
36298
36311
36378
36430
36627
36730
36739
36909
36920
36935
37041
37135
37182
37206
37296
37432
37506
37531
37560
37608
37630
37638
37704
37727
37730
37767
37844
37853
37887
37943
37969
37975
38024
38029
38074
38075
38125
38326
38358
38428
38445
38625
38745
38747
38795
38797
38948
38983
39000
39052
39292
39295
39366
39480
39512
39527
39588
39618
39697
39727
39757
39818
39888
39898
39961
40035
40051
40097
40259
40282
40283
40302
40366
40380
40381
40384
40395
40516
40590
40626
40648
40746
41012
41025
41059
41211
41246
41448
41474
41531
41566
41606
41773
41876
41950
42010
42096
42142
42169
42199
42254
42325
42435
42537
42601
42622
42786
42829
42986
43049
43147
43186
43288
43369
43463
43609
43684
43842
43880
43928
44064
44203
44205
44221
44223
44525
44670
44698
44906
44928
45087
45230
45413
45557
45618
45824
45974
46081
46218
46262
46265
46266
46267
46271
46273
46274
46276
46287
46413
46503
46538
46938
46996
47090
47123
47255
47372
47463
47480
47591
47651
47712
47741
47905
