0 48
0 46
2 46
1 46
2 44
0 36
3 46
4 46
0 39
0 32
2 24
2 36
3 36
1 36
1 48
0 10
2 39
3 44
3 39
2 26
2 32
0 20
3 32
2 30
1 10
2 48
2 20
1 20
0 26
1 32
0 44
3 48
3 20
4 36
0 34
0 30
2 10
0 16
0 19
1 34
1 26
3 26
4 26
4 39
2 34
0 24
1 19
3 34
1 44
3 10
4 48
4 10
1 30
2 19
4 20
3 19
2 17
0 28
0 17
4 19
2 29
0 45
1 24
1 39
4 34
2 27
0 2
1 17
0 31
4 44
3 27
3 30
0 29
1 45
0 49
1 28
2 31
4 27
1 16
3 24
1 31
3 29
0 27
2 45
3 17
3 31
4 31
4 32
2 49
0 37
1 29
1 27
1 2
0 5
3 49
0 0
2 28
3 45
1 5
4 30
0 38
2 5
2 12
4 29
2 0
0 12
1 37
0 43
1 38
4 24
3 0
2 37
2 13
2 38
0 13
0 33
2 43
2 33
2 2
3 37
2 22
0 22
1 33
1 43
4 37
0 42
3 33
3 13
3 43
4 33
0 23
1 0
1 12
0 41
4 45
1 49
1 13
2 3
4 0
3 12
4 43
0 40
2 42
3 2
3 22
1 41
1 22
1 42
0 6
4 12
1 6
0 47
4 13
3 38
2 21
2 18
3 21
0 15
0 9
0 3
4 21
1 47
1 40
0 21
2 4
3 42
2 8
1 15
0 4
3 28
4 2
0 8
0 7
2 15
0 14
0 18
1 21
4 28
2 23
2 41
0 35
1 18
2 1
1 9
3 15
4 17
3 8
3 41
4 42
4 49
4 8
1 8
1 14
1 23
2 35
4 41
0 11
1 7
3 35
2 6
4 38
2 7
3 6
2 16
3 18
0 25
1 4
4 22
0 1
1 35
1 25
3 7
3 16
4 7
4 15
2 47
4 16
2 11
1 11
2 14
3 14
3 11
4 6
1 1
3 1
3 47
2 25
3 4
4 18
3 5
4 14
2 40
4 47
4 1
4 5
2 9
4 4
3 3
3 9
1 3
3 40
3 23
4 3
4 35
4 23
3 25
4 9
4 40
4 11
4 25

Score: 161.2754999999995