0 24
2 24
1 24
2 26
0 13
3 24
0 23
1 13
0 4
0 14
2 13
3 13
2 18
0 2
1 23
0 10
0 9
2 1
2 23
1 14
3 1
2 14
3 23
0 27
1 4
0 15
2 4
0 25
0 20
2 10
2 11
2 17
1 9
3 14
1 2
1 10
2 9
1 27
2 2
0 26
0 29
0 11
1 25
2 27
3 10
2 7
1 29
1 20
2 29
3 29
0 1
0 17
2 20
1 11
0 7
1 15
3 11
0 16
3 2
2 25
3 4
2 15
1 26
0 3
0 22
3 9
0 18
3 26
0 21
1 22
2 6
1 16
3 27
3 15
0 6
1 7
1 1
1 17
0 28
1 21
2 16
1 18
2 21
3 25
1 3
0 5
2 12
3 21
1 28
0 12
2 28
2 22
3 18
3 16
0 19
0 0
1 6
0 8
3 28
3 22
3 17
1 5
2 3
2 5
1 12
1 8
3 20
1 0
3 3
2 8
3 12
3 7
1 19
3 6
2 19
3 19
3 5
2 0
3 0
3 8

Score: 85.64000000000024