0
3
13
18
20
27
30
31
33
35
38
40
42
45
72
78
79
80
85
89
90
95
97
99
101
104
113
124
126
140
147
152
154
157
159
162
164
166
167
168
169
173
174
178
180
182
183
184
187
188
192
194
195
196
203
208
218
233
237
239
243
245
246
247
248
252
254
256
257
260
264
265
266
267
272
275
277
282
284
286
289
295
297
303
305
307
308
310
311
313
315
327
329
333
341
343
347
348
349
351
359
362
363
365
370
372
375
378
380
382
384
387
390
391
393
395
398
399
401
402
404
406
411
413
414
415
419
434
435
444
471
485
490
496
500
501
504
505
509
514
524
537
546
560
564
566
572
575
585
611
614
615
617
635
652
690
693
697
715
727
732
743
745
746
747
749
752
753
755
760
762
765
773
784
786
787
791
798
801
802
805
809
813
814
816
819
821
823
824
830
833
834
835
838
840
843
844
852
853
855
857
859
865
871
875
877
881
883
884
885
887
894
898
901
903
904
907
910
914
915
918
919
921
924
927
929
936
937
939
941
945
948
950
951
954
955
956
957
958
960
962
964
969
972
975
978
983
987
990
991
994
997
999
1002
1006
1010
1014
1015
1019
1022
1023
1027
1029
1033
1034
1037
1038
1040
1042
1046
1047
1051
1055
1057
1058
1060
1065
1069
1071
1075
1081
1084
1089
1093
1095
1096
1098
1101
1103
1104
1108
1109
1111
1113
1118
1119
1120
1121
1123
1126
1128
1131
1133
1137
1140
1143
1144
1146
1148
1150
1151
1154
1155
1159
1162
1163
1165
1166
1171
1174
1175
1178
1179
1180
1181
1185
1189
1192
1193
1197
1200
1203
1204
1206
1210
1219
1223
1233
1234
1235
1241
1245
1246
1248
1252
1255
1258
1259
1262
1263
1265
1267
1270
1271
1273
1274
1275
1283
1284
1289
1290
1294
1297
1299
1303
1304
1306
1307
1308
1309
1314
1316
1317
1320
1323
1324
1328
1329
1332
1335
1337
1342
1344
1347
1348
1349
1350
1357
1359
1362
1363
1369
1373
1378
1379
1387
1403
1412
1414
1423
1438
1439
1440
1443
1448
1451
1459
1461
1469
1483
1485
1489
1494
1495
1504
1524
1536
1537
1538
1543
1546
1547
1559
1565
1569
1572
1574
1578
1579
1584
1586
1595
1599
1608
1610
1620
1627
1628
1631
1632
1652
1666
1667
1694
1728
1731
1738
1740
1743
1744
1745
1757
1759
1760
1761
1762
1764
1769
1770
1771
1774
1776
1777
1782
1786
1790
1794
1798
1801
1805
1807
1809
1811
1812
1814
1824
1825
1826
1828
1831
1835
1837
1838
1840
1841
1843
1847
1860
1861
1862
1867
1882
1896
1912
1913
1914
1916
1917
1921
1928
1930
1931
1933
1941
1966
1972
1979
1981
1982
1985
1989
1991
1992
1994
1996
1998
2000
2004
2009
2012
2014
2015
2016
2017
2020
2023
2026
2028
2040
2048
2051
2061
2068
2071
2072
2074
2078
2082
2089
2090
2092
2095
2098
2099
2101
2109
2116
2121
2122
2128
2132
2133
2134
2139
2143
2144
2146
2148
2149
2150
2152
2158
2161
2162
2194
2198
2199
2205
2220
2222
2238
2243
2246
2248
2249
2255
2256
2257
2260
2262
2266
2269
2284
2286
2310
2349
2350
2355
2356
2377
2387
2394
2395
2407
2408
2411
2424
2426
2431
2433
2434
2441
2443
2448
2476
2499
2500
2501
2502
2503
2504
2517
2519
2527
2538
2541
2548
2551
2554
2556
2558
2560
2562
2571
2572
2573
2575
2576
2577
2581
2583
2584
2585
2589
2592
2594
2596
2598
2602
2603
2604
2605
2606
2609
2610
2611
2617
2619
2620
2624
2626
2627
2628
2630
2631
2634
2635
2638
2642
2644
2646
2656
2657
2663
2665
2671
2672
2673
2675
2678
2680
2682
2683
2686
2690
2693
2695
2698
2703
2709
2720
2727
2729
2734
2735
2745
2784
2785
2817
2820
2827
2828
2829
2830
2833
2838
2844
2855
2857
2864
2865
2868
2869
2871
2873
2875
2880
2881
2883
2886
2887
2892
2894
2896
2900
2902
2906
2908
2910
2915
2918
2920
2927
2929
2930
2931
2935
2941
2948
2951
2954
2959
2962
2963
2964
2965
2967
2971
2973
2974
2977
2980
2983
2986
2988
2991
2992
2994
2995
2999
3000
3002
3008
3009
3011
3013
3022
3027
3032
3036
3039
3040
3043
3047
3048
3051
3056
3058
3062
3081
3083
3086
3088
3095
3097
3100
3101
3103
3104
3107
3113
3116
3118
3124
3131
3133
3134
3136
3140
3145
3146
3150
3154
3155
3157
3158
3159
3162
3165
3170
3171
3173
3175
3176
3177
3181
3183
3184
3185
3186
3188
3192
3194
3195
3199
3201
3203
3206
3238
3240
3243
3244
3249
3252
3253
3255
3260
3264
3267
3272
3275
3288
3300
3317
3321
3326
3343
3345
3353
3354
3355
3358
3361
3362
3364
3367
3373
3374
3380
3387
3392
3394
3396
3401
3402
3409
3411
3415
3416
3420
3424
3430
3431
3433
3434
3438
3458
3475
3483
3501
3522
3527
3541
3543
3544
3546
3549
3551
3554
3557
3561
3562
3565
3568
3569
3577
3579
3582
3584
3588
3592
3598
3600
3610
3611
3621
3623
3628
3634
3635
3639
3640
3644
3646
3648
3650
3653
3658
3662
3665
3672
3676
3709
3713
3714
3730
3745
3746
3747
3748
3751
3753
3754
3757
3764
3765
3769
3771
3774
3775
3781
3783
3791
3797
3836
3840
3841
3843
3845
3850
3852
3854
3855
3875
3949
3976
3983
3984
3990
3991
3992
3993
3995
3996
3999
4000
4006
4007
4008
4010
4011
4012
4014
4016
4017
4018
4020
4022
4025
4026
4032
4034
4036
4037
4038
4039
4041
4043
4046
4049
4051
4059
4061
4065
4066
4069
4083
4087
4093
4094
4106
4119
4126
4133
4135
4143
4153
4163
4170
4171
4175
4178
4179
4182
4183
4188
4189
4191
4192
4194
4197
4198
4200
4203
4210
4212
4214
4215
4217
4219
4221
4222
4223
4227
4228
4229
4231
4233
4234
4244
4256
4261
4271
4273
4288
4296
4318
4320
4326
4327
4339
4343
4347
4348
4350
4352
4356
4370
4401
4420
4447
4469
4473
4475
4476
4479
4481
4482
4488
4490
4491
4496
4497
4498
4500
4502
4504
4506
4507
4509
4511
4512
4519
4521
4530
4537
4551
4556
4557
4560
4561
4565
4566
4570
4572
4575
4576
4578
4581
4583
4584
4618
4647
4649
4655
4656
4658
4661
4662
4663
4670
4672
4673
4687
4714
4725
4749
4756
4773
4779
4798
4806
4809
4814
4816
4817
4821
4825
4826
4843
4850
4871
4876
4877
4883
4888
4890
4891
4895
4905
4921
4926
4928
4933
4934
4936
4940
4941
4942
4949
4950
4954
4955
4959
4962
4965
4968
4969
4971
4973
4974
4976
4982
4985
4987
4990
4991
4992
5000
5003
5005
5006
5014
5015
5023
5024
5025
5026
5033
5037
5040
5044
5049
5053
5056
5063
5068
5070
5071
5074
5087
5104
5105
5108
5110
5112
5116
5118
5120
5123
5126
5129
5133
5137
5141
5145
5152
5158
5178
5200
5211
5215
5220
5227
5243
5254
5259
5265
5302
5336
5340
5351
5363
5364
5367
5372
5378
5389
5391
5394
5398
5408
5423
5438
5439
5456
5457
5459
5460
5464
5469
5474
5475
5477
5481
5483
5497
5508
5509
5510
5511
5512
5516
5519
5520
5522
5523
5525
5526
5530
5531
5536
5542
5545
5550
5560
5565
5596
5607
5609
5613
5614
5615
5616
5617
5644
5657
5663
5667
5689
5695
5720
5735
5744
5745
5753
5772
5824
5825
5827
5841
5843
5846
5851
5854
5857
5859
5862
5864
5870
5873
5880
5884
5897
5900
5902
5905
5907
5910
5912
5917
5919
5921
5924
5927
5929
5933
5935
5937
5939
5942
5949
5951
5953
5954
5955
5963
5966
5968
5977
5980
5982
5985
5997
6002
6003
6007
6014
6015
6018
6020
6044
6106
6107
6112
6113
6116
6120
6121
6125
6126
6128
6135
6136
6137
6138
6142
6143
6147
6150
6153
6157
6158
6159
6163
6165
6168
6170
6171
6172
6173
6201
6209
6222
6265
6279
6298
6318
6323
6337
6342
6343
6370
6371
6374
6377
6385
6405
6429
6440
6466
6497
6502
6518
6521
6587
6600
6611
6616
6661
6663
6669
6675
6681
6684
6691
6692
6702
6703
6704
6711
6712
6714
6718
6729
6741
6743
6753
6759
6763
6767
6768
6774
6787
6793
6797
6801
6810
6813
6818
6827
6830
6833
6835
6836
6838
6844
6848
6849
6851
6852
6854
6860
6863
6864
6865
6869
6871
6872
6873
6876
6877
6883
6886
6887
6888
6890
6895
6896
6929
6962
6979
6985
7000
7023
7030
7039
7042
7043
7052
7058
7068
7071
7097
7098
7099
7113
7171
7188
7192
7194
7196
7198
7199
7204
7205
7207
7215
7221
7226
7230
7231
7235
7238
7243
7247
7250
7254
7257
7258
7261
7264
7274
7276
7277
7280
7283
7286
7289
7297
7307
7312
7314
7317
7318
7320
7327
7330
7332
7336
7338
7341
7345
7346
7347
7355
7359
7360
7364
7369
7370
7375
7410
7411
7489
7492
7510
7524
7536
7546
7555
7561
7563
7568
7571
7578
7584
7591
7597
7598
7601
7603
7622
7631
7640
7689
7691
7700
7701
7704
7735
7736
7758
7760
7781
7787
7812
7818
7819
7820
7822
7824
7825
7829
7830
7833
7847
7867
7868
7869
7879
7884
7892
7896
7897
7930
7946
7947
7964
7965
7983
8015
8019
8059
8062
8064
8066
8070
8077
8079
8081
8083
8086
8088
8092
8093
8098
8103
8110
8111
8117
8123
8128
8130
8135
8136
8141
8145
8148
8149
8151
8153
8154
8157
8160
8161
8163
8165
8167
8170
8172
8173
8178
8179
8180
8182
8185
8186
8189
8190
8191
8195
8205
8212
8213
8214
8215
8218
8220
8228
8233
8234
8236
8239
8240
8242
8245
8260
8273
8274
8281
8282
8286
8288
8289
8304
8313
8327
8338
8346
8364
8410
8411
8429
8430
8436
8454
8458
8459
8488
8502
8523
8527
8529
8533
8535
8536
8537
8543
8549
8550
8552
8554
8556
8557
8558
8563
8568
8570
8572
8582
8600
8653
8667
8670
8693
8700
8740
8749
8756
8786
8790
8818
8820
8824
8825
8828
8829
8830
8832
8835
8837
8838
8841
8843
8849
8852
8856
8859
8861
8862
8865
8866
8869
8871
8873
8878
8879
8883
8885
8886
8890
8891
8893
8894
8896
8897
8898
8902
8903
8921
8929
8961
8962
8967
8970
8971
8972
8983
9002
9014
9022
9027
9033
9046
9055
9064
9066
9067
9069
9070
9072
9075
9077
9089
9099
9125
9127
9145
9153
9159
9247
9252
9277
9283
9296
9315
9367
9376
9390
9391
9392
9393
9398
9401
9403
9405
9408
9410
9412
9416
9417
9419
9428
9433
9434
9443
9465
9486
9489
9490
9505
9508
9510
9512
9519
9521
9522
9528
9531
9536
9541
9542
9547
9569
9584
9608
9627
9653
9673
9697
9700
9701
9703
9706
9708
9718
9719
9735
9747
9757
9762
9764
9788
9794
9800
9808
9830
9835
9850
9851
9854
9856
9857
9859
9860
9861
9864
9865
9867
9869
9875
9877
9880
9901
9905
9912
9923
9932
9941
9944
9950
9977
9999
10014
10023
10025
10029
10043
10048
10080
10094
10095
10102
10105
10108
10112
10119
10124
10127
10128
10134
10149
10181
10192
10199
10201
10202
10203
10211
10227
10238
10269
10280
10281
10283
10284
10296
10319
10328
10344
10349
10358
10379
10380
10381
10382
10385
10388
10517
10526
10537
10542
10579
10581
10610
10612
10629
10640
10643
10646
10648
10671
10696
10699
10784
10811
10812
10814
10819
10821
10887
10903
10907
10931
10946
10949
10952
10955
10957
10959
10963
10964
10971
10974
10978
10982
10983
10984
10988
10989
10994
10997
10999
11000
11001
11008
11011
11020
11023
11024
11026
11028
11030
11032
11033
11036
11040
11050
11051
11100
11120
11137
11171
11199
11214
11223
11229
11233
11237
11238
11242
11243
11247
11250
11252
11253
11259
11261
11264
11267
11269
11270
11271
11274
11278
11280
11281
11285
11311
11329
11352
11373
11385
11422
11431
11450
11465
11496
11516
11528
11531
11533
11586
11605
11607
11616
11618
11620
11621
11625
11627
11636
11644
11647
11651
11679
11700
11705
11708
11712
11714
11715
11717
11719
11721
11728
11730
11731
11734
11735
11742
11746
11748
11749
11750
11755
11761
11764
11791
11794
11800
11803
11808
11813
11816
11818
11821
11824
11828
11829
11837
11839
11840
11842
11845
11848
11852
11855
11858
11860
11865
11866
11870
11873
11874
11886
11887
11889
11891
11894
11896
11897
11900
11901
11903
11904
11905
11907
11909
11912
11916
11917
11921
11923
11926
11929
11931
11935
11938
11941
11952
11954
11958
11960
11966
11968
11969
11970
11973
11977
11984
11987
11989
11991
11995
11996
11999
12002
12004
12006
12010
12038
12047
12066
12070
12075
12105
12112
12120
12133
12137
12139
12142
12143
12144
12146
12147
12150
12153
12155
12157
12159
12161
12167
12171
12173
12176
12178
12210
12243
12245
12249
12250
12251
12253
12256
12257
12260
12261
12267
12268
12270
12272
12273
12275
12277
12278
12283
12289
12291
12295
12297
12300
12302
12304
12305
12308
12310
12311
12313
12317
12319
12320
12322
12323
12325
12328
12329
12332
12335
12336
12340
12342
12344
12346
12348
12349
12351
12353
12355
12356
12357
12359
12360
12361
12363
12364
12366
12368
12374
12375
12379
12381
12382
12386
12388
12394
12395
12397
12399
12401
12404
12406
12408
12412
12413
12416
12417
12418
12421
12424
12426
12428
12430
12432
12434
12435
12436
12438
12439
12440
12441
12443
12445
12448
12449
12451
12455
12456
12458
12459
12462
12466
12467
12469
12470
12474
12476
12483
12485
12486
12490
12492
12493
12495
12496
12500
12502
12503
12504
12506
12508
12515
12516
12520
12521
12526
12527
12528
12531
12534
12537
12539
12540
12544
12551
12553
12554
12556
12560
12564
12579
12590
12594
12598
12600
12622
12655
12656
12671
12672
12675
12712
12719
12721
12722
12750
12767
12807
12819
12869
12889
12891
12904
12909
12948
12955
12983
13002
13021
13032
13065
13099
13125
13158
13187
13210
13214
13215
13220
13267
13300
13311
13357
13359
13366
13367
13370
13371
13375
13377
13378
13380
13383
13386
13388
13394
13404
13426
13476
13483
13484
13489
13490
13491
13497
13502
13504
13505
13507
13509
13512
13516
13519
13527
13530
13533
13535
13536
13539
13540
13544
13545
13547
13548
13551
13553
13556
13557
13559
13561
13565
13566
13568
13573
13574
13578
13583
13584
13586
13587
13589
13591
13592
13605
13607
13608
13618
13619
13637
13647
13654
13668
13677
13682
13734
13759
13765
13775
13776
13802
13838
13846
13868
13874
13875
13876
13929
13939
13940
14018
14033
14039
14041
14045
14046
14049
14054
14055
14056
14059
14060
14062
14065
14066
14067
14069
14072
14073
14075
14077
14081
14094
14102
14119
14122
14137
14139
14178
14182
14209
14213
14237
14238
14244
14245
14246
14247
14250
14258
14261
14262
14281
14286
14298
14354
14411
14437
14453
14471
14573
14597
14600
14601
14605
14624
14646
14652
14681
14743
14749
14765
14797
14800
14803
14805
14807
14809
14811
14812
14813
14814
14816
14818
14820
14822
14829
14831
14864
14870
14882
14900
14909
14921
14925
14927
14931
14932
14934
14936
14937
14938
14939
14944
14945
14950
14952
14953
14954
14956
14958
14959
14962
14964
14966
14967
14968
14970
14974
14976
14981
14984
14985
14988
14990
14991
14993
14996
14999
15000
15004
15006
15007
15008
15010
15013
15015
15016
15019
15020
15023
15024
15027
15028
15030
15033
15037
15042
15045
15047
15050
15056
15060
15061
15068
15074
15075
15076
15079
15086
15089
15112
15115
15195
15229
15230
15232
15234
15235
15251
15264
15292
15300
15305
15309
15310
15315
15317
15319
15322
15325
15326
15329
15331
15334
15343
15347
15349
15353
15354
15358
15359
15362
15365
15367
15370
15373
15376
15378
15381
15385
15390
15393
15403
15406
15408
15410
15411
15413
15416
15417
15420
15422
15439
15474
15478
15483
15484
15486
15491
15493
15495
15499
15503
15505
15506
15507
15512
15514
15516
15521
15525
15527
15528
15529
15532
15533
15535
15537
15540
15542
15547
15549
15552
15556
15558
15559
15561
15564
15565
15566
15567
15572
15576
15579
15582
15583
15586
15587
15588
15596
15608
15612
15614
15647
15683
15705
15706
15743
15758
15773
15785
15803
15822
15833
15875
15885
15894
15902
15907
15918
15921
15927
15931
15932
15933
15935
15937
15941
15946
15949
15950
15954
15956
15958
15961
15963
15967
15969
15973
15980
15983
15985
15987
15989
15991
15995
15997
16000
16004
16006
16008
16012
16013
16018
16020
16021
16032
16034
16036
16040
16041
16043
16044
16048
16055
16056
16058
16059
16061
16062
16075
16083
16092
16100
16103
16108
16114
16118
16119
16123
16129
16143
16152
16188
16226
16263
16284
16301
16304
16316
16365
16377
16393
16398
16411
16417
16529
16551
16579
16608
16617
16654
16655
16660
16663
16667
16669
16670
16696
16698
16699
16741
16742
16761
16795
16812
16819
16823
16836
16849
16850
16871
16898
16899
16914
16922
16923
16926
16929
16959
17009
17011
17032
17033
17038
17059
17088
17093
17126
17143
17176
17226
17238
17239
17252
17271
17288
17331
17332
17360
17366
17379
17401
17419
17425
17437
17507
17520
17522
17547
17549
17556
17558
17560
17562
17570
17573
17574
17576
17577
17579
17582
17583
17584
17592
17593
17598
17600
17602
17603
17607
17609
17612
17616
17618
17621
17622
17656
17679
17685
17695
17696
17701
17724
17748
17763
17816
17883
17885
17889
17895
17901
17904
17934
17974
17977
17982
18067
18082
18106
18111
18236
18259
18278
18315
18336
18340
18365
18379
18394
18396
18400
18405
18410
18419
18469
18477
18494
18520
18524
18548
18553
18561
18570
18582
18586
18605
18618
18620
18638
18649
18658
18671
18699
18710
18713
18725
18727
18733
18747
18752
18788
18795
18816
18818
18850
18856
18910
18925
18929
18931
18933
18949
18958
18964
19015
19053
19060
19065
19078
19095
19135
19140
19174
19176
19218
19219
19237
19242
19260
19300
19320
19323
19324
19329
19330
19359
19372
19383
19390
19409
19413
19414
19486
19494
19499
19501
19518
19522
19588
19593
19598
19609
19677
19692
19722
19738
19795
19800
19805
19814
19824
19845
19849
19868
19872
19924
19960
19967
20022
20063
20069
20093
20095
20106
20139
20199
20206
20248
20261
20296
20317
20323
20335
20343
20359
20439
20453
20492
20550
20568
20579
20607
20686
20730
20764
20779
20855
20859
20863
20925
20939
20984
20994
20996
20998
21000
21002
21017
21029
21033
21058
21116
21158
21175
21210
21303
21344
21348
21427
21428
21503
21507
21534
21553
21586
21683
21709
21715
21752
21753
21759
21761
21798
21823
21845
21849
21853
21859
21868
21872
21895
21898
21900
21914
21920
21922
21925
21928
21930
21947
21969
21979
21984
21987
21991
21993
21994
21996
22118
22155
22156
22191
22199
22211
22213
22216
22228
22232
22273
22283
22305
22326
22455
22495
22519
22538
22565
22587
22611
22675
22694
22726
22747
22831
22834
22840
22842
22843
22847
22866
22935
22950
23047
23052
23073
23081
23163
23168
23169
23176
23178
23257
23304
23314
23340
23391
23397
23418
23425
23439
23467
23529
23563
23587
23606
23612
23627
23689
23693
23722
23726
23740
23758
23776
23784
23844
23912
23914
23918
23988
24000
24001
24002
24024
24026
24029
24034
24042
24057
24058
24060
24063
24073
24078
24079
24081
24089
24092
24094
24095
24103
24125
24217
24219
24233
24239
24241
24243
24246
24266
24276
24326
24379
24401
24447
24456
24457
24460
24464
24465
24466
24469
24470
24472
24477
24478
24482
24483
24507
24524
24539
24571
24574
24588
24635
24653
24676
24681
24714
24760
24892
24897
24900
24901
24915
24918
24949
25113
25141
25144
25170
25201
25223
25243
25248
25264
25269
25272
25294
25365
25406
25478
25575
25596
25618
25657
25668
25690
25712
25736
25824
25837
25867
25900
25902
25906
25929
25943
26039
26077
26086
26176
26245
26292
26308
26314
26326
26355
26392
26417
26429
26491
26495
26497
26498
26499
26501
26502
26507
26508
26511
26514
26518
26521
26524
26529
26530
26533
26540
26542
26570
26581
26583
26595
26602
26631
26633
26682
26724
26736
26809
26900
26911
26938
26949
27087
27161
27209
27234
27286
27301
27410
27444
27446
27469
27477
27480
27494
27496
27497
27504
27506
27507
27509
27510
27521
27639
27743
27745
27756
27769
27794
27814
27882
27885
27980
28003
28017
28031
28033
28260
28345
28405
28461
28490
28491
28504
28510
28512
28528
28529
28546
28556
28610
28640
28690
28709
28719
28842
28874
28885
28886
28887
28889
28893
28917
28954
28973
28977
28980
28981
28982
28987
28989
28992
28993
28995
28998
29005
29006
29031
29095
29124
29128
29159
29175
29263
29322
29333
29348
29428
29487
29579
29705
29719
29752
29792
29842
29893
29934
30008
30022
30035
30093
30149
30194
30215
30245
30299
30327
30364
30451
30589
30602
30612
30622
30655
30710
30767
30785
30847
30874
31000
31011
31026
31106
31116
31127
31141
31158
31161
31162
31164
31268
31290
31312
31416
31437
31470
31525
31528
31533
31534
31536
31538
31553
31556
31658
31692
31708
31790
31819
31833
31997
32117
32146
32231
32237
32239
32243
32340
32356
32406
32428
32431
32433
32436
32438
32442
32444
32448
32449
32452
32454
32456
32459
32460
32463
32465
32469
32470
32471
32472
32473
32474
32522
32526
32551
32685
32701
32756
32767
32788
32826
32935
32996
33034
33325
33436
33461
33704
33707
33729
33766
33778
33795
33913
33917
33923
33934
33945
33990
34076
34111
34123
34128
34134
34201
34226
34304
34377
34411
34420
34438
34445
34448
34520
34618
34634
34692
34714
34777
34812
34813
34816
34871
34883
34906
34923
35009
35045
35096
35113
35171
35196
35264
35267
35303
35309
35312
35313
35316
35317
35341
35354
35368
35426
35550
35652
35837
35926
35931
35965
36093
36103
36136
36207
36230
36267
36296
36298
36346
36365
36381
36478
36480
36481
36487
36494
36508
36575
36701
36783
36907
37103
37162
37164
37171
37174
37354
37368
37392
37423
37486
37573
37656
37832
37872
37928
37964
38001
38004
38129
38209
38290
38298
38358
38361
38372
38373
38375
38378
38384
38385
38396
38410
38415
38456
38524
38655
38679
38714
38724
39090
39235
39358
39509
39568
39738
39807
39976
40016
40078
40138
40438
40515
40520
40531
40591
40655
40699
40841
40874
40895
41005
41072
41118
41263
41521
41665
41694
41856
41858
41884
41895
41900
41980
42039
42148
42284
42356
42359
42366
42370
42374
42383
42447
42470
42555
42687
42963
43412
43493
43538
43657
43738
43809
43840
43891
43894
43911
43916
43926
43978
44203
44204
44484
44820
44871
45052
45053
45057
45059
45062
45064
45071
45074
45076
45078
45079
45081
45083
45087
45089
45091
45095
45098
45111
45283
45354
45478
