0
2
3
4
8
13
15
26
28
44
62
71
80
84
93
104
114
116
130
134
145
180
184
188
194
217
243
253
254
260
273
283
293
314
320
323
330
331
345
351
354
360
366
395
425
427
430
435
437
442
447
461
477
483
484
500
505
507
515
522
530
533
545
546
550
552
556
557
559
574
584
592
596
600
606
630
637
647
657
665
670
685
708
710
732
734
749
752
756
768
769
770
776
781
783
785
787
791
801
814
821
834
851
855
872
896
905
909
913
923
931
935
943
954
958
968
972
978
983
987
1003
1018
1022
1027
1055
1064
1082
1090
1110
1132
1137
1145
1164
1166
1186
1189
1193
1196
1198
1201
1224
1241
1246
1252
1253
1254
1265
1268
1273
1288
1306
1316
1320
1330
1331
1337
1340
1363
1366
1367
1380
1387
1406
1415
1430
1440
1443
1459
1478
1486
1487
1495
1496
1512
1514
1529
1541
1553
1554
1556
1578
1585
1592
1597
1609
1615
1653
1673
1674
1679
1696
1704
1707
1717
1724
1731
1740
1749
1760
1764
1821
1822
1829
1831
1842
1845
1846
1854
1863
1875
1883
1894
1899
1920
1942
1956
1964
1981
1994
1998
2008
2015
2036
2037
2055
2071
2075
2076
2090
2101
2111
2112
2120
2140
2147
2150
2197
2198
2201
2207
2214
2225
2245
2253
2257
2271
2281
2290
2300
2309
2357
2385
2386
2389
2394
2403
2404
2409
2435
2453
2465
2470
2504
2520
2521
2535
2547
2561
2572
2610
2624
2632
2635
2657
2670
2711
2714
2740
2757
2758
