0 16
0 0
0 3
1 0
2 0
1 16
0 22
1 3
0 1
2 3
2 16
0 29
2 22
3 16
1 1
0 21
0 26
2 1
1 29
2 29
0 19
0 25
3 3
3 29
0 24
3 1
0 4
2 17
0 20
1 22
1 19
2 10
1 26
2 26
1 20
2 19
0 6
0 18
1 4
0 12
1 21
2 4
1 12
3 19
2 12
2 20
3 4
3 22
1 24
0 14
3 12
0 23
0 28
1 6
1 14
1 25
2 14
0 5
3 14
0 11
2 6
0 9
1 28
1 5
2 5
2 21
2 28
2 24
3 28
0 10
0 7
3 21
2 2
1 18
2 18
1 9
3 26
3 24
3 5
1 7
1 11
2 11
3 0
0 17
0 8
2 7
1 10
3 10
2 25
0 27
1 8
2 9
2 8
1 27
0 2
0 13
1 23
0 15
2 27
3 9
3 7
2 23
1 15
3 18
2 15
1 13
3 23
3 27
1 2
1 17
3 17
3 8
3 15
3 2
3 25
3 11
3 20
3 6
2 13
3 13

Score: 81.3999999999994