0
71
105
114
116
119
122
123
127
129
131
132
135
136
138
144
146
148
151
155
156
157
161
163
169
170
173
175
176
177
179
180
182
183
185
201
204
227
231
265
266
268
276
278
283
284
287
288
289
293
297
298
301
304
305
308
310
313
315
317
320
321
323
326
329
332
337
340
344
345
352
353
355
362
367
371
372
375
376
377
384
385
388
390
392
397
401
402
406
411
412
415
416
419
422
427
431
432
434
437
441
444
445
446
448
451
453
454
455
458
469
471
475
477
481
483
484
485
489
490
494
496
497
501
503
506
515
516
527
528
530
533
535
537
540
543
544
545
552
553
555
557
559
565
569
573
577
581
582
583
587
588
593
594
596
599
600
603
605
606
611
614
615
616
623
624
627
633
634
636
637
641
642
649
660
663
666
667
669
673
674
675
679
681
683
686
690
692
694
700
703
704
708
710
723
731
745
772
793
811
839
848
861
862
868
871
882
885
889
890
896
900
901
911
921
923
933
936
937
938
951
958
975
980
992
996
1002
1029
1031
1033
1036
1039
1040
1041
1044
1046
1047
1048
1049
1051
1053
1054
1058
1067
1069
1072
1077
1087
1098
1100
1124
1156
1202
1205
1212
1242
1245
1248
1253
1258
1261
1264
1265
1268
1272
1276
1291
1296
1299
1300
1302
1304
1306
1320
1322
1324
1325
1332
1333
1335
1337
1339
1342
1346
1350
1351
1352
1355
1356
1357
1360
1361
1363
1372
1375
1377
1380
1383
1385
1386
1387
1389
1391
1392
1393
1394
1395
1396
1399
1400
1401
1403
1404
1406
1407
1411
1415
1417
1425
1430
1435
1436
1438
1439
1440
1444
1448
1450
1462
1481
1491
1501
1506
1507
1515
1529
1530
1538
1539
1543
1546
1548
1549
1550
1553
1564
1566
1567
1568
1570
1578
1592
1599
1601
1606
1610
1616
1621
1628
1630
1633
1636
1637
1639
1642
1647
1648
1652
1653
1659
1663
1668
1670
1671
1672
1673
1675
1677
1678
1679
1680
1686
1687
1689
1690
1691
1692
1695
1698
1699
1700
1703
1704
1707
1715
1730
1746
1747
1756
1758
1760
1762
1764
1765
1766
1768
1769
1772
1774
1777
1779
1780
1781
1782
1783
1785
1788
1789
1790
1795
1808
1813
1831
1832
1835
1838
1840
1841
1843
1847
1849
1851
1854
1858
1861
1865
1869
1873
1874
1875
1910
1920
1926
1938
1940
1950
1965
1969
1970
1972
1973
1974
1976
1981
1984
1985
1986
2005
2044
2054
2068
2069
2075
2079
2081
2091
2096
2099
2101
2118
2123
2135
2137
2139
2140
2148
2153
2156
2158
2161
2162
2165
2168
2170
2173
2175
2176
2178
2181
2182
2185
2186
2187
2189
2190
2193
2196
2197
2199
2200
2202
2204
2205
2207
2208
2209
2212
2214
2216
2218
2219
2221
2223
2225
2228
2231
2237
2242
2244
2249
2251
2254
2256
2259
2262
2263
2266
2267
2269
2272
2276
2279
2283
2287
2288
2291
2293
2294
2296
2299
2305
2306
2307
2310
2313
2314
2316
2320
2321
2322
2325
2336
2337
2361
2364
2368
2372
2374
2377
2381
2383
2385
2386
2388
2391
2393
2395
2397
2399
2407
2408
2409
2426
2436
2438
2440
2445
2450
2453
2459
2460
2462
2464
2468
2470
2471
2477
2481
2493
2515
2524
2573
2625
2635
2640
2654
2658
2664
2665
2670
2675
2695
2703
2704
2708
2718
2719
2721
2725
2726
2739
2759
2762
2764
2767
2770
2771
2772
2775
2778
2782
2785
2788
2789
2791
2792
2793
2797
2831
2832
2835
2838
2840
2849
2850
2857
2861
2866
2868
2870
2885
2887
2888
2889
2891
2897
2910
2911
2914
2923
2926
2937
2941
2944
2947
2956
2973
2977
2982
2988
2989
2992
2995
2996
2997
2999
3001
3005
3007
3009
3011
3012
3013
3015
3020
3023
3024
3027
3028
3029
3032
3034
3036
3037
3041
3042
3048
3050
3052
3054
3057
3060
3061
3062
3065
3066
3069
3070
3071
3076
3077
3082
3083
3085
3087
3089
3094
3096
3097
3098
3100
3104
3105
3110
3111
3113
3114
3116
3117
3120
3125
3128
3130
3133
3136
3137
3139
3140
3142
3143
3144
3146
3149
3153
3163
3164
3177
3179
3180
3183
3185
3187
3195
3197
3198
3230
3231
3237
3279
3282
3283
3284
3286
3288
3291
3294
3313
3315
3316
3321
3323
3329
3342
3347
3351
3352
3355
3357
3358
3361
3364
3368
3370
3376
3383
3387
3389
3392
3393
3395
3397
3400
3402
3406
3408
3410
3413
3414
3417
3422
3427
3428
3429
3431
3434
3435
3437
3438
3440
3442
3444
3445
3454
3462
3477
3480
3508
3516
3542
3546
3555
3605
3606
3609
3613
3636
3637
3650
3665
3666
3667
3668
3670
3673
3677
3696
3699
3700
3701
3712
3760
3763
3775
3787
3796
3818
3823
3824
3826
3832
3834
3841
3843
3844
3846
3848
3878
3905
3928
3942
3960
4003
4005
4007
4008
4013
4014
4015
4016
4017
4019
4028
4047
4071
4090
4099
4119
4131
4144
4146
4151
4154
4156
4157
4159
4195
4211
4222
4229
4230
4231
4233
4235
4239
4240
4241
4242
4245
4251
4272
4286
4299
4323
4328
4381
4386
4408
4435
4448
4454
4464
4465
4467
4476
4478
4481
4482
4483
4489
4491
4494
4498
4501
4506
4509
4516
4520
4521
4522
4524
4532
4533
4544
4561
4568
4572
4574
4578
4584
4595
4597
4598
4600
4602
4605
4607
4609
4636
4639
4641
4644
4646
4648
4649
4652
4654
4659
4662
4667
4695
4696
4698
4699
4724
4725
4726
4728
4729
4732
4735
4737
4738
4740
4741
4742
4780
4782
4783
4792
4804
4808
4814
4824
4826
4830
4833
4835
4837
4838
4840
4846
4854
4855
4857
4859
4862
4866
4868
4878
4895
4909
4924
4926
4927
4929
4934
4935
4937
4938
4939
4940
4944
4945
4949
4950
4951
4952
4955
4956
4957
4958
4963
4966
4969
4971
4972
4975
4978
4980
4982
4985
4988
4989
4990
4991
4995
4997
4998
5005
5008
5009
5010
5012
5014
5016
5019
5025
5033
5054
5056
5058
5062
5063
5075
5078
5083
5086
5087
5090
5093
5095
5097
5099
5102
5106
5109
5112
5113
5116
5122
5124
5129
5132
5133
5134
5137
5141
5146
5152
5153
5158
5159
5160
5162
5163
5166
5168
5170
5172
5173
5175
5177
5178
5182
5184
5185
5193
5202
5205
5206
5209
5215
5216
5218
5219
5225
5227
5231
5233
5238
5243
5248
5249
5256
5257
5259
5262
5264
5269
5270
5272
5276
5277
5282
5284
5285
5289
5290
5294
5296
5297
5300
5302
5305
5307
5308
5311
5312
5313
5315
5316
5319
5320
5321
5331
5333
5334
5336
5337
5341
5342
5343
5344
5345
5351
5352
5354
5355
5373
5383
5433
5434
5474
5489
5495
5501
5504
5506
5507
5508
5512
5514
5526
5528
5533
5535
5536
5537
5539
5544
5546
5550
5551
5590
5592
5593
5596
5598
5599
5601
5606
5608
5610
5611
5615
5616
5619
5622
5628
5634
5636
5668
5670
5671
5675
5677
5683
5684
5685
5687
5689
5690
5692
5694
5700
5709
5740
5745
5753
5756
5757
5761
5762
5765
5769
5784
5788
5790
5794
5802
5804
5805
5815
5820
5867
5869
5894
5897
5899
5900
5902
5903
5920
5921
5922
5923
5925
5932
5986
5999
6045
6049
6057
6078
6079
6081
6092
6127
6128
6129
6130
6133
6138
6140
6143
6146
6154
6156
6157
6158
6159
6164
6165
6166
6180
6198
6223
6239
6240
6258
6259
6260
6271
6280
6281
6284
6287
6289
6292
6301
6302
6303
6316
6323
6324
6327
6330
6334
6337
6339
6356
6357
6358
6360
6361
6364
6366
6370
6372
6375
6376
6378
6386
6390
6397
6398
6405
6411
6417
6424
6432
6461
6469
6473
6481
6482
6486
6497
6508
6510
6533
6566
6577
6594
6597
6599
6627
6629
6635
6649
6652
6653
6654
6663
6664
6665
6669
6670
6676
6679
6680
6682
6685
6686
6687
6690
6691
6694
6695
6698
6700
6702
6703
6705
6707
6708
6713
6718
6720
6721
6723
6727
6728
6732
6733
6736
6738
6742
6743
6745
6746
6749
6753
6754
6756
6758
6762
6763
6764
6766
6767
6769
6771
6775
6785
6787
6793
6794
6797
6803
6805
6809
6812
6814
6817
6821
6824
6826
6827
6829
6830
6831
6835
6836
6840
6841
6843
6845
6848
6849
6855
6858
6862
6864
6867
6870
6873
6874
6876
6890
6894
6924
6928
6946
6975
6981
6982
6988
7020
7037
7039
7053
7059
7072
7074
7076
7083
7109
7110
7116
7118
7128
7151
7173
7227
7234
7238
7239
7247
7262
7265
7271
7276
7281
7283
7288
7291
7292
7296
7297
7303
7304
7308
7314
7315
7325
7335
7337
7342
7357
7371
7373
7391
7425
7426
7427
7437
7441
7442
7444
7454
7461
7462
7468
7472
7480
7481
7490
7491
7497
7500
7505
7506
7509
7511
7512
7514
7516
7524
7540
7542
7564
7565
7566
7572
7573
7575
7653
7671
7674
7679
7698
7700
7704
7705
7706
7725
7726
7727
7730
7753
7764
7784
7794
7796
7797
7803
7804
7817
7818
7826
7838
7839
7848
7855
7857
7861
7862
7864
7873
7875
7884
7885
7888
7895
7898
7900
7902
7912
7915
7921
7944
7959
7964
7965
7966
7967
7969
7971
7973
7975
7979
7990
7993
8044
8080
8088
8089
8093
8107
8113
8117
8127
8133
8149
8154
8165
8202
8206
8216
8224
8242
8247
8253
8281
8330
8351
8379
8390
8393
8424
8426
8428
8431
8433
8441
8463
8469
8506
8515
8516
8522
8524
8528
8529
8531
8540
8559
8589
8597
8646
8648
8649
8652
8653
8656
8669
8673
8692
8706
8709
8712
8713
8714
8717
8718
8720
8761
8773
8774
8841
8863
8867
8868
8884
8894
8900
8905
8912
8916
8917
8920
8945
8956
8958
8965
8967
8970
8971
8973
8974
8979
8981
9001
9004
9012
9014
9023
9026
9029
9030
9060
9071
9091
9127
9128
9138
9151
9162
9171
9177
9179
9180
9187
9192
9207
9213
9220
9231
9238
9250
9251
9261
9295
9304
9313
9325
9338
9345
9373
9380
9410
9432
9436
9440
9441
9442
9446
9449
9454
9461
9462
9464
9468
9470
9472
9477
9478
9479
9481
9482
9492
9495
9496
9498
9499
9503
9504
9505
9506
9508
9509
9511
9512
9515
9530
9543
9590
9615
9619
9623
9629
9646
9665
9677
9690
9697
9703
9705
9714
9716
9733
9738
9740
9743
9745
9749
9751
9752
9755
9758
9760
9761
9764
9766
9767
9770
9776
9778
9780
9781
9787
9788
9791
9794
9795
9797
9799
9800
9801
9802
9806
9815
9818
9825
9827
9828
9832
9833
9836
9839
9840
9843
9845
9849
9852
9857
9858
9865
9867
9868
9877
9889
9921
9923
9927
9971
9975
9983
10019
10029
10045
10054
10057
10079
10081
10083
10088
10091
10092
10103
10107
10109
10112
10114
10116
10118
10119
10120
10138
10147
10172
10174
10175
10180
10181
10205
10219
10228
10230
10231
10232
10233
10326
10332
10336
10347
10370
10376
10393
10438
10445
10458
10460
10462
10467
10470
10471
10472
10475
10476
10477
10479
10507
10511
10515
10525
10556
10562
10580
10583
10587
10605
10606
10623
10624
10630
10636
10637
10638
10639
10648
10651
10652
10656
10657
10659
10661
10663
10664
10668
10669
10672
10675
10677
10678
10680
10681
10683
10688
10689
10690
10691
10695
10696
10697
10699
10707
10709
10711
10716
10722
10727
10729
10732
10733
10736
10738
10739
10740
10743
10745
10746
10750
10751
10755
10757
10759
10762
10764
10768
10771
10772
10773
10775
10777
10781
10783
10785
10786
10790
10791
10793
10804
10823
10852
10856
10867
10886
10909
10927
10940
11005
11013
11018
11032
11137
11174
11191
11216
11219
11221
11222
11223
11249
11260
11266
11269
11289
11295
11300
11301
11303
11310
11316
11320
11321
11323
11324
11328
11329
11331
11333
11335
11337
11338
11339
11340
11341
11344
11349
11350
11351
11352
11355
11358
11361
11362
11364
11367
11371
11373
11375
11383
11409
11433
11434
11436
11439
11444
11445
11446
11450
11451
11452
11454
11455
11464
11465
11470
11472
11474
11478
11480
11483
11484
11487
11488
11494
11516
11540
11541
11570
11617
11618
11625
11628
11629
11630
11660
11665
11667
11707
11710
11712
11713
11716
11719
11721
11743
11746
11747
11749
11751
11755
11756
11803
11825
11846
11848
11852
11856
11858
11860
11861
11863
11869
11870
11873
11874
11876
11879
11884
11885
11888
11889
11891
11892
11896
11897
11899
11903
11904
11908
11911
11915
11921
11925
11935
11939
11943
11946
11950
11955
11957
11966
11982
12053
12062
12068
12070
12071
12072
12080
12083
12098
12099
12101
12103
12109
12114
12115
12139
12142
12143
12144
12149
12152
12153
12155
12161
12162
12164
12166
12167
12168
12173
12175
12179
12182
12186
12188
12189
12190
12196
12197
12199
12201
12220
12221
12223
12224
12239
12260
12263
12295
12303
12304
12328
12331
12346
12347
12348
12349
12351
12353
12354
12356
12358
12362
12365
12366
12367
12369
12402
12412
12415
12425
12432
12441
12446
12447
12455
12470
12483
12546
12562
12596
12601
12603
12623
12624
12627
12628
12630
12632
12635
12639
12641
12643
12645
12646
12648
12650
12653
12655
12656
12657
12658
12659
12667
12706
12716
12738
12767
12775
12807
12825
12832
12851
12852
12853
12867
12878
12893
12921
12924
12935
12936
12942
12974
12999
13004
13022
13044
13048
13127
13153
13158
13172
13185
13189
13206
13215
13246
13252
13262
13265
13267
13269
13272
13278
13292
13301
13358
13361
13365
13367
13369
13370
13371
13373
13374
13375
13378
13381
13383
13386
13387
13389
13391
13392
13394
13396
13399
13400
13402
13403
13413
13417
13419
13421
13425
13430
13432
13436
13439
13442
13443
13447
13448
13449
13450
13451
13452
13456
13458
13459
13461
13462
13465
13470
13476
13480
13483
13486
13490
13497
13498
13502
13503
13505
13506
13509
13513
13517
13519
13528
13531
13540
13541
13545
13550
13551
13556
13557
13561
13571
13576
13580
13583
13585
13588
13590
13591
13593
13595
13604
13605
13608
13610
13612
13614
13617
13618
13620
13623
13626
13628
13632
13633
13634
13638
13643
13645
13652
13673
13674
13686
13692
13694
13696
13701
13704
13705
13708
13711
13712
13714
13723
13726
13729
13732
13734
13736
13739
13749
13763
13769
13772
13778
13779
13784
13789
13803
13835
13863
13902
13908
13930
13934
13950
13955
13956
13957
13961
13973
14030
14034
14037
14039
14043
14045
14047
14050
14052
14054
14056
14062
14103
14128
14130
14160
14224
14245
14262
14264
14286
14291
14296
14298
14300
14306
14324
14332
14333
14339
14348
14350
14353
14356
14358
14360
14362
14364
14379
14381
14390
14393
14396
14398
14402
14403
14404
14405
14410
14412
14416
14417
14421
14425
14443
14453
14456
14468
14498
14504
14505
14515
14518
14525
14527
14536
14537
14539
14555
14557
14559
14560
14564
14566
14570
14573
14596
14614
14623
14624
14639
14642
14667
14668
14673
14681
14699
14700
14710
14719
14747
14782
14788
14791
14792
14795
14797
14807
14837
14842
14869
14871
14877
14878
14880
14882
14884
14886
14895
14899
14900
14902
14903
14914
14915
14917
14920
14925
14930
14958
14984
15008
15013
15024
15033
15077
15117
15137
15158
15177
15201
15208
15216
15223
15236
15253
15257
15263
15287
15296
15302
15306
15313
15328
15343
15344
15346
15351
15353
15355
15357
15387
15398
15400
15401
15438
15441
15443
15445
15449
15479
15495
15499
15502
15503
15505
15506
15535
15550
15552
15562
15563
15591
15613
15630
15641
15660
15683
15684
15687
15689
15693
15695
15696
15698
15704
15705
15708
15710
15712
15713
15719
15727
15741
15770
15784
15830
15867
15885
15894
15902
15908
15910
15916
15933
16015
16034
16061
16069
16071
16087
16102
16106
16122
16149
16174
16214
16235
16247
16287
16289
16296
16297
16298
16306
16339
16402
16413
16429
16436
16443
16445
16446
16447
16465
16469
16470
16472
16473
16474
16476
16477
16482
16485
16486
16488
16490
16492
16493
16498
16501
16505
16510
16579
16581
16582
16592
16663
16666
16706
16707
16721
16751
16756
16762
16766
16769
16773
16774
16776
16779
16780
16781
16782
16785
16786
16789
16793
16823
16827
16883
16905
16915
16917
16919
16926
16953
16972
16980
16982
17028
17096
17153
17161
17176
17179
17204
17205
17208
17215
17216
17220
17272
17282
17292
17301
17307
17370
17377
17393
17410
17438
17443
17444
17454
17470
17515
17561
17564
17579
17585
17594
17602
17604
17611
17614
17624
17635
17651
17657
17659
17662
17663
17664
17678
17704
17708
17711
17713
17723
17729
17733
17734
17735
17740
17743
17751
17753
17754
17756
17758
17765
17771
17784
17786
17791
17813
17822
17827
17859
17860
17866
17867
17869
17876
17877
17878
17881
17883
17889
17893
17896
17899
17906
17922
17925
17929
17937
17962
17967
17968
17970
17974
17975
17978
17980
17981
17987
17991
17993
17994
18000
18012
18038
18053
18063
18070
18091
18092
18111
18115
18126
18164
18179
18195
18225
18231
18251
18252
18254
18264
18273
18281
18286
18290
18295
18298
18305
18312
18315
18321
18325
18326
18334
18337
18343
18355
18357
18360
18363
18368
18370
18371
18374
18388
18391
18398
18411
18421
18423
18432
18437
18513
18561
18600
18607
18703
18711
18741
18760
18763
18767
18790
18793
18861
18884
18901
18916
18921
18975
18989
18994
19018
19054
19059
19082
19158
19178
19214
19243
19253
19270
19287
19297
19305
19311
19331
19359
19380
19395
19419
19424
19431
19432
19513
19528
19530
19535
19538
19540
19576
19581
19583
19589
19627
19635
19650
19656
19672
19701
19729
19761
19771
19776
19801
19803
19812
19820
19825
19835
19851
19853
19854
19858
19866
19869
19870
19893
19896
19898
19899
19901
19907
19913
19923
19925
19940
19944
19945
19952
19987
19997
20000
20001
20014
20032
20037
20039
20146
20156
20166
20203
20218
20228
20245
20281
20290
20316
20330
20340
20365
20394
20426
20434
20438
20439
20472
20493
20504
20518
20520
20525
20526
20529
20530
20531
20532
20534
20536
20537
20539
20540
20544
20546
20547
20549
20607
20641
20660
20666
20672
20675
20692
20702
20703
20705
20707
20710
20712
20713
20717
20718
20719
20724
20725
20729
20730
20733
20736
20739
20740
20741
20764
20814
20835
20862
20865
20870
20872
20898
20902
20944
20946
20965
21000
21020
21041
21053
21068
21069
21083
21092
21095
21101
21106
21140
21149
21152
21156
21157
21158
21160
21162
21163
21168
21171
21174
21175
21227
21232
21247
21289
21312
21342
21409
21430
21452
21473
21502
21517
21575
21600
21646
21650
21667
21691
21710
21716
21741
21743
21745
21757
21761
21775
21777
21779
21783
21786
21794
21809
21833
21898
21902
21905
21921
21929
21932
21939
21953
21976
21977
21980
21983
21984
22000
22014
22030
22058
22078
22098
22110
22116
22123
22148
22174
22190
22246
22251
22259
22275
22281
22284
22286
22288
22290
22292
22294
22302
22331
22341
22342
22384
22396
22411
22414
22424
22425
22426
22446
22463
22466
22473
22480
22482
22488
22490
22531
22545
22560
22562
22563
22564
22566
22568
22594
22600
22612
22660
22662
22698
22829
22831
22840
22853
22855
22860
22861
22980
22992
23008
23085
23104
23106
23113
23118
23154
23183
23186
23265
23270
23274
23276
23278
23280
23293
23306
23312
23336
23394
23401
23421
23449
23467
23504
23513
23517
23518
23519
23532
23543
23560
23575
23587
23611
23626
23627
23634
23639
23640
23688
23693
23695
23720
23740
23762
23772
23796
23820
23841
23909
23937
23952
24008
24014
24018
24022
24026
24031
24040
24042
24054
24059
24060
24069
24074
24075
24118
24160
24169
24181
24191
24205
24235
24248
24295
24296
24305
24328
24380
24404
24428
24438
24452
24518
24523
24534
24551
24578
24579
24580
24608
24640
24646
24653
24654
24666
24685
24688
24696
24727
24749
24775
24779
24785
24786
24791
24793
24795
24802
24818
24822
24827
24830
24833
24843
24852
24861
24869
24886
24909
24964
24994
25025
25049
25076
25132
25144
25146
25161
25175
25194
25196
25200
25222
25226
25227
25239
25367
25394
25408
25415
25419
25427
25429
25430
25435
25436
25439
25442
25443
25444
25447
25449
25468
25471
25500
25531
25538
25542
25574
25603
25605
25606
25611
25612
25614
25617
25620
25622
25623
25624
25625
25626
25627
25663
25691
25718
25754
25779
25804
25822
25837
25851
25853
25872
25882
25886
25894
25898
25917
25920
25922
25933
25941
25975
25976
25977
25980
26004
26022
26045
26062
26072
26074
26082
26086
26119
26156
26174
26257
26263
26285
26301
26313
26315
26317
26320
26370
26389
26412
26429
26436
26477
26484
26494
26513
26521
26524
26530
26532
26534
26536
26538
26541
26583
26643
26664
26676
26679
26695
26721
26763
26787
26847
26865
26873
26883
26884
26962
26996
27019
27026
27099
27100
27135
27160
27185
27199
27211
27233
27235
27237
27240
27241
27244
27269
27315
27327
27333
27334
27336
27337
27339
27341
27344
27345
27348
27351
27356
27362
27364
27365
27367
27371
27372
27379
27380
27388
27399
27401
27405
27406
27407
27408
27412
27421
27428
27439
27464
27481
27491
27556
27702
27762
27815
27823
27850
27853
27855
27858
27860
27861
27862
27865
27868
27871
27901
27922
27924
27930
27937
27940
27943
27944
27953
27990
27993
28005
28016
28052
28078
28079
28141
28145
28147
28149
28153
28157
28158
28160
28163
28164
28167
28173
28180
28187
28191
28196
28221
28282
28283
28285
28286
28288
28290
28291
28294
28295
28298
28306
28309
28315
28333
28334
28340
28341
28343
28349
28350
28353
28370
28378
28383
28385
28387
28388
28395
28400
28409
28429
28494
28502
28506
28517
28525
28529
28531
28533
28537
28538
28604
28631
28648
28649
28653
28654
28671
28683
28685
28760
28762
28775
28796
28836
28841
28856
28876
28912
28915
28920
28994
29008
29034
29069
29128
29143
29266
29285
29288
29345
29433
29447
29469
29490
29523
29565
29568
29598
29622
29684
29730
29749
29797
29798
29800
29891
29977
29985
30010
30077
30090
30198
30201
30203
30205
30207
30214
30216
30220
30223
30225
30227
30258
30301
30335
30336
30339
30340
30343
30345
30349
30392
30417
30428
30435
30473
30501
30532
30561
30593
30594
30602
30604
30613
30615
30622
30625
30639
30646
30647
30714
30765
30782
30794
30840
30853
30974
30984
31003
31070
31083
31108
31138
31145
31172
31192
31202
31241
31299
31315
31340
31390
31460
31476
31494
31508
31518
31520
31526
31531
31533
31534
31536
31546
31556
31559
31563
31567
31587
31672
31678
31688
31760
31790
31797
31802
31882
31891
31978
31990
32010
32013
32032
32116
32122
32126
32174
32202
32215
32225
32226
32232
32251
32252
32264
32275
32276
32292
32304
32318
32375
32397
32408
32409
32459
32463
32504
32506
32508
32509
32511
32513
32517
32524
32526
32530
32556
32561
32572
32573
32574
32597
32613
32630
32632
32636
32637
32639
32640
32641
32644
32645
32650
32653
32657
32659
32663
32665
32668
32674
32682
32683
32685
32692
32718
32723
32731
32745
32751
32759
32763
32766
32769
32774
32785
32787
32788
32840
32858
32885
32993
33014
33028
33091
33108
33114
33116
33117
33122
33126
33127
33130
33131
33136
33139
33141
33145
33150
33151
33152
33156
33160
33161
33164
33169
33208
33227
33316
33362
33377
33493
33551
33654
33761
33762
33792
33805
33816
33939
33987
34032
34073
34109
34325
34372
34398
34427
34436
34462
34473
34506
34509
34519
34529
34550
34578
34603
34666
34676
34693
34788
34844
34845
34846
34942
34952
34969
35001
35106
35120
35133
35197
35198
35199
35200
35228
35372
35392
35398
35478
35507
35526
35589
35596
35734
35866
35868
35870
35872
35874
35877
35967
35985
35987
35991
35994
35999
36001
36004
36007
36008
36009
36011
36014
36018
36020
36024
36026
36031
36033
36035
36038
36039
36040
36044
36045
36047
36050
36052
36055
36058
36060
36061
36066
36067
36113
36126
36146
36174
36186
36192
36194
36198
36207
36209
36214
36220
36226
36233
36236
36243
36245
36273
36293
36298
36313
36330
36335
36384
36443
36468
36474
36495
36529
36539
36602
36628
36655
36707
36759
36779
36794
36810
36835
36836
36843
36881
36910
36938
36939
37076
37097
37113
37201
37235
37296
37369
37373
37432
37446
37470
37476
37588
37650
37821
37848
37951
37979
37981
38019
38040
38072
38092
38199
38273
38286
38341
38354
38422
38459
38464
38467
38486
38490
38525
38550
38612
38633
38634
38653
38752
38780
38893
39000
39002
39003
39005
39008
39013
39015
39017
39021
39023
39024
39025
39029
39031
39033
39034
39035
39037
39067
39106
39185
39186
39188
39189
39193
39197
39198
39233
39270
39274
39277
39296
39324
39327
39368
39452
39479
39496
39513
39520
39580
39686
40020
40073
40111
40215
40281
40354
40390
40441
40474
40507
40581
40623
40628
40686
40691
40722
40864
40974
40977
40983
40984
40987
41003
41029
41031
41058
41062
41064
41071
41079
41092
41125
41273
41372
41410
41458
41618
41625
41631
41709
41717
41729
41771
41867
41900
41932
42118
42133
42135
42138
42141
42185
42251
42288
42311
42363
42431
42462
42644
42717
42722
42742
42788
42890
42916
43026
43028
43033
43039
43056
43145
43146
43172
43273
43333
43358
43410
43480
43510
43578
43654
43784
43832
43838
43847
43941
44081
44177
44191
44215
44225
44236
44238
44247
44249
44251
44253
44259
44262
44269
44362
44512
44547
44593
44741
44773
44782
44957
44984
44994
45036
45083
45086
45098
45104
45106
45107
45128
45156
45202
45207
45212
45216
45229
45254
45258
45266
45270
45272
45277
45281
45312
45316
45351
45432
45447
45547
45566
45612
45774
45846
45920
46002
46073
46199
46205
46256
46262
46264
46267
46273
46279
46297
46353
46354
46359
46404
46462
46469
46924
47004
47115
47120
47128
47129
47131
47134
47152
47157
47160
47163
47170
47487
47489
47495
47503
47672
47899
47988
47995
