0 24
0 13
2 24
1 24
2 26
0 23
3 24
2 13
3 13
1 13
0 14
1 23
2 18
0 11
0 10
2 1
2 23
3 1
2 14
0 26
1 10
1 14
0 4
3 23
0 1
2 4
2 10
2 11
0 2
0 15
1 4
2 17
3 14
2 9
0 29
2 2
1 11
0 25
2 27
3 10
1 2
1 26
1 1
0 3
2 7
1 29
0 9
2 29
0 20
1 25
0 27
3 29
2 20
3 11
3 2
2 25
3 4
1 27
1 15
2 15
1 9
3 9
1 3
0 12
0 16
3 26
0 21
2 6
0 17
1 12
3 27
3 15
2 16
1 21
0 22
1 16
0 7
1 17
0 6
0 18
2 21
3 25
1 20
2 12
3 21
0 28
2 28
2 22
1 18
1 22
1 28
3 18
1 7
0 5
3 16
3 28
0 19
0 8
3 22
0 0
1 6
1 5
1 19
3 17
2 3
2 5
3 20
3 3
1 8
1 0
2 8
3 12
3 7
3 6
2 19
3 19
3 5
2 0
3 0
3 8

Score: 92.81999999999998