0
0
17
30
32
33
39
44
51
61
64
65
67
82
89
91
99
102
131
144
146
150
156
160
163
167
182
189
190
193
197
206
209
215
224
239
240
272
273
284
288
290
306
312
315
322
326
328
339
344
349
351
355
360
361
363
364
367
384
385
388
389
395
402
410
412
415
430
437
466
472
476
484
485
497
500
504
521
522
529
530
533
537
547
556
564
574
580
582
587
596
601
621
629
640
642
645
651
652
665
679
683
688
699
735
738
743
748
754
765
776
789
792
799
806
810
824
828
833
840
860
867
879
886
891
895
902
904
908
916
918
920
923
927
933
937
954
956
978
979
999
1001
1006
1007
1010
1018
1023
1035
1036
1037
1045
1047
1051
1062
1070
1072
1106
1114
1117
1120
1134
1148
1151
1168
1176
1186
1205
1209
1227
1228
1231
1241
1257
1266
1271
1276
1279
1285
1299
1310
1319
1336
1377
1379
1383
1395
1400
1401
1420
1424
1425
1436
1453
1460
1462
1478
1505
1508
1518
1531
1541
1561
1570
1572
1579
1604
1638
1649
1651
1652
1660
1664
1677
1688
1693
1695
1702
1709
1713
1716
1718
1738
1741
1743
1749
1756
1768
1782
1788
1789
1802
1822
1849
1850
1857
1868
1887
1892
1908
1909
1917
1927
1951
1964
1971
1981
1984
1985
1999
2011
2013
2016
2028
2033
2046
2091
2093
2096
2102
2129
2167
2174
2179
2213
2214
2221
2229
2236
2243
2261
2265
2275
2294
2307
2316
2324
2325
2327
2336
2361
2385
2386
2390
2406
2411
2419
2448
2463
2472
2475
2480
2492
2526
2540
2557
2570
2598
2599
2617
2642
2649
2659
2686
2691
2712
2716
2729
2748
2755
2769
2784
2787
2804
2820
2843
2854
2860
2872
2873
2877
2927
2933
2937
2938
2952
2957
2971
2997
2998
3010
3049
3061
3063
3073
3114
3127
3130
3132
3172
3175
3204
3206
3248
3251
3269
3285
3287
3342
3363
3365
3367
3382
3395
3399
3452
3466
3490
3505
3528
