0 6
0 22
0 44
1 44
0 14
0 33
2 44
1 22
1 6
0 8
2 22
0 28
1 14
2 6
0 0
2 14
0 21
1 0
1 28
0 48
0 38
0 7
1 8
1 33
0 31
2 0
2 8
0 49
0 13
2 39
2 33
0 39
1 13
2 13
1 48
1 31
0 3
2 31
2 28
1 38
1 7
0 24
0 46
1 39
0 26
1 21
2 18
0 12
0 17
1 26
2 11
0 18
1 46
0 41
1 17
0 11
0 40
2 17
2 27
0 25
1 49
0 45
1 40
2 26
2 40
0 27
2 10
0 16
1 41
2 48
1 45
0 23
2 46
0 32
0 29
1 25
1 27
2 25
1 29
1 24
2 45
1 11
2 41
0 20
2 34
1 20
0 2
2 36
0 47
1 18
0 42
2 49
0 10
1 23
2 20
2 23
1 2
1 47
0 19
2 47
2 19
2 2
0 1
1 32
0 43
1 10
0 34
0 15
1 3
1 12
1 42
1 1
1 19
2 1
1 16
0 5
0 35
2 12
1 34
0 9
2 24
0 30
1 43
2 42
1 5
2 16
1 9
1 30
0 37
2 7
2 30
2 5
2 32
2 21
2 9
0 4
1 35
2 43
0 36
1 15
2 35
1 37
1 4
1 36
2 38
2 37
2 15
2 29
2 3
2 4

Score: 128.7799999999981