0
1
3
5
7
9
10
13
17
20
22
23
26
27
30
34
37
43
44
48
50
52
53
54
55
59
62
63
64
66
68
71
73
79
81
85
87
91
95
100
101
103
105
107
110
111
114
118
119
121
122
124
127
131
133
134
135
143
145
146
149
151
153
154
155
158
161
164
165
166
168
170
171
172
173
175
177
179
181
185
186
197
200
202
204
207
215
216
220
221
222
224
226
227
231
232
234
235
237
240
242
246
247
252
255
256
257
264
266
270
271
272
275
276
280
281
284
288
294
295
296
302
309
310
319
321
327
330
332
336
337
338
345
354
357
359
364
379
380
382
384
385
386
389
392
393
396
397
399
401
402
404
405
407
408
412
418
419
420
422
424
427
433
437
441
443
444
446
450
452
453
455
456
457
461
464
468
469
470
472
473
475
477
479
481
482
483
485
487
488
492
494
496
498
499
501
503
504
505
509
510
511
512
514
518
521
522
524
525
527
528
531
533
535
537
538
539
541
542
544
545
546
548
550
553
555
556
557
558
564
565
568
574
577
579
582
586
592
594
596
599
602
605
606
609
610
614
616
618
620
621
625
626
628
630
635
637
639
640
645
646
650
651
653
654
655
656
658
661
664
665
667
669
670
674
675
678
679
680
681
684
687
689
691
692
694
695
698
702
705
706
709
711
714
716
717
724
729
730
733
734
736
738
740
741
747
751
752
753
755
756
758
759
762
764
766
768
770
771
773
776
777
779
781
783
784
788
791
794
796
798
800
803
804
805
806
812
814
816
818
820
822
829
830
831
834
835
837
838
840
843
845
847
849
850
852
854
856
857
860
861
862
863
867
869
870
872
873
874
876
877
879
880
882
883
887
888
891
892
895
896
897
898
900
901
903
904
905
906
908
909
913
914
915
916
917
920
922
923
924
925
928
930
931
932
935
936
937
940
942
944
947
948
951
953
955
962
963
964
965
966
968
970
971
973
977
978
980
982
983
986
987
991
992
996
998
999
1000
1002
1006
1007
1008
1010
1013
1019
1023
1025
1029
1031
1034
1035
1037
1038
1039
1042
1043
1047
1049
1050
1054
1057
1058
1060
1062
1063
1064
1066
1067
1071
1072
1074
1076
1078
1081
1082
1083
1085
1087
1093
1094
1095
1096
1099
1101
1108
1110
1113
1114
1115
1118
1120
1121
1122
1128
1137
1138
1141
1148
1149
1152
1153
1156
1157
1159
1162
1163
1164
1170
1176
1181
1183
1184
1186
1188
1189
1192
1195
1198
1201
1203
1207
1209
1211
1212
1215
1216
1218
1219
1220
1226
1231
1234
1238
1240
1241
1245
1248
1249
1250
1253
1254
1256
1257
1261
1264
1266
1268
1270
1273
1275
1279
1280
1283
1286
1290
1294
1296
1297
1298
1299
1300
1301
1302
1304
1306
1307
1309
1315
1317
1319
1320
1321
1323
1325
1326
1327
1329
1332
1333
1335
1336
1337
1339
1341
1344
1345
1349
1351
1358
1359
1361
1362
1364
1366
1367
1368
1369
1371
1373
1376
1377
1380
1386
1388
1389
1390
1396
1398
1400
1401
1402
1404
1405
1407
1408
1409
1411
1413
1415
1417
1419
1420
1422
1423
1430
1433
1435
1437
1438
1439
1442
1444
1445
1447
1448
1449
1450
1452
1453
1456
1457
1461
1464
1466
1468
1470
1471
1472
1474
1478
1484
1487
1490
1492
1496
1498
1499
1501
1503
1504
1507
1510
1513
1516
1518
1520
1522
1523
1524
1525
1526
1527
1529
1531
1533
1534
1535
1537
1539
1541
1544
1545
1548
1550
1551
1552
1554
1555
1557
1560
1561
1566
1572
1574
1575
1578
1579
1580
1583
1584
1585
1591
1595
1596
1598
1599
1600
1601
1602
1603
1604
1609
1610
1614
1615
1616
1617
1618
1622
1626
1629
1630
1633
1635
1636
1639
1641
1642
1644
1647
1648
1650
1656
1662
1665
1670
1674
1675
1677
1678
1680
1681
1685
1687
1690
1691
1692
1695
1697
1699
1701
1703
1704
1706
1708
1710
1711
1712
1713
1714
1716
1717
1718
1722
1723
1726
1728
1730
1734
1735
1736
1738
1741
1749
1754
1755
1756
1759
1761
1764
1765
1766
1770
1772
1776
1777
1778
1781
1782
1785
1788
1790
1794
1795
1796
1798
1799
1801
1802
1803
1806
1809
1812
1813
1814
1817
1820
1821
1822
1825
1828
1830
1832
1833
1835
1838
1839
1842
1845
1847
1848
1850
1853
1854
1856
1857
1859
1861
1863
1867
1869
1870
1872
1873
1876
1881
1886
1887
1890
1892
1893
1894
1895
1896
1900
1901
1904
1905
1908
1910
1911
1913
1915
1917
1919
1923
1924
1938
1941
1942
1943
1948
1950
1951
1954
1956
1958
1963
1965
1969
1971
1972
1974
1976
1979
1982
1983
1984
1985
1990
1993
1996
1999
2000
2004
2008
2009
2011
2012
2014
2017
2019
2022
2023
2026
2029
2031
2033
2034
2035
2039
2040
2043
2044
2047
2050
2053
2055
2059
2060
2062
2064
2065
2067
2070
2075
2081
2082
2083
2087
2089
2091
2093
2094
2100
2103
2104
2106
2112
2114
2115
2118
2119
2122
2125
2128
2138
2148
2149
2153
2156
2159
2160
2165
2166
2168
2179
2182
2191
2197
2201
2203
2206
2208
2209
2211
2213
2214
2215
2217
2219
2220
2221
2222
2223
2224
2225
2230
2231
2233
2235
2236
2238
2248
2249
2250
2251
2253
2257
2258
2259
2261
2263
2266
2267
2271
2273
2274
2277
2280
2281
2282
2283
2284
2286
2287
2289
2290
2291
2296
2299
2301
2305
2307
2308
2310
2311
2313
2315
2317
2318
2322
2323
2324
2327
2328
2330
2336
2341
2344
2346
2349
2350
2351
2352
2353
2354
2356
2358
2359
2363
2366
2368
2372
2373
2375
2377
2382
2383
2384
2385
2391
2393
2395
2396
2400
2401
2402
2404
2406
2407
2408
2410
2411
2412
2413
2418
2419
2420
2421
2425
2427
2428
2430
2433
2435
2439
2441
2442
2445
2446
2448
2452
2453
2458
2461
2464
2467
2469
2470
2475
2476
2479
2482
2483
2485
2488
2490
2495
2498
2501
2502
2503
2505
2506
2507
2510
2515
2518
2520
2521
2522
2524
2525
2527
2528
2530
2533
2534
2535
2536
2537
2541
2544
2545
2547
2550
2552
2555
2558
2564
2565
2568
2572
2573
2574
2576
2580
2582
2583
2585
2589
2591
2595
2596
2599
2600
2601
2603
2605
2606
2610
2614
2615
2617
2618
2620
2621
2623
2625
2628
2629
2630
2633
2635
2637
2639
2640
2644
2646
2647
2648
2651
2652
2654
2655
2657
2658
2659
2660
2662
2664
2665
2667
2670
2673
2674
2677
2681
2682
2683
2684
2685
2687
2689
2690
2692
2695
2697
2700
2701
2704
2708
2709
2710
2712
2713
2715
2716
2718
2720
2722
2723
2725
2726
2732
2752
2754
2756
2760
2763
2767
2768
2772
2777
2778
2780
2781
2783
2786
2789
2790
2791
2792
2794
2796
2797
2801
2802
2803
2804
2806
2809
2811
2815
2836
2841
2843
2845
2846
2848
2851
2853
2862
2869
2873
2874
2884
2888
2894
2896
2897
2899
2900
2901
2904
2906
2907
2914
2917
2919
2921
2923
2926
2928
2930
2931
2933
2937
2938
2939
2942
2948
2949
2951
2955
2956
2959
2962
2963
2965
2969
2973
2974
2976
2980
2981
2983
2986
2989
2990
2992
2996
2998
3003
3008
3012
3013
3014
3018
3019
3022
3024
3031
3033
3034
3037
3038
3041
3044
3048
3050
3051
3054
3056
3058
3059
3066
3067
3069
3070
3081
3085
3087
3091
3093
3096
3097
3099
3100
3112
3113
3115
3116
3124
3125
3128
3130
3131
3133
3137
3140
3142
3143
3144
3145
3146
3150
3151
3153
3157
3160
3162
3163
3168
3169
3170
3171
3173
3174
3179
3180
3181
3186
3188
3190
3194
3195
3198
3202
3206
3208
3211
3213
3214
3216
3219
3220
3221
3223
3224
3226
3228
3229
3231
3233
3235
3237
3239
3240
3243
3245
3246
3248
3250
3251
3252
3253
3268
3290
3291
3297
3298
3302
3304
3308
3310
3311
3312
3314
3316
3317
3320
3322
3325
3326
3328
3334
3336
3337
3338
3340
3343
3345
3347
3349
3352
3353
3355
3357
3359
3361
3362
3370
3372
3375
3377
3379
3382
3383
3387
3389
3390
3393
3394
3395
3399
3400
3401
3405
3409
3410
3412
3414
3417
3418
3421
3423
3426
3430
3433
3435
3436
3440
3444
3447
3451
3452
3454
3459
3462
3463
3468
3473
3477
3479
3481
3482
3484
3487
3488
3490
3492
3493
3494
3495
3497
3502
3505
3511
3513
3514
3516
3520
3521
3522
3528
3530
3531
3532
3533
3536
3537
3538
3541
3543
3546
3548
3550
3551
3553
3557
3559
3561
3562
3564
3565
3569
3570
3571
3577
3578
3579
3581
3583
3587
3589
3590
3591
3593
3594
3596
3598
3600
3601
3603
3604
3607
3609
3610
3614
3615
3616
3619
3620
3621
3624
3626
3628
3631
3635
3638
3639
3641
3644
3645
3648
3650
3652
3660
3662
3664
3667
3668
3671
3674
3677
3679
3680
3684
3686
3687
3688
3690
3691
3695
3696
3697
3701
3703
3704
3707
3711
3712
3715
3716
3718
3719
3723
3725
3726
3728
3730
3732
3735
3736
3738
3740
3745
3750
3751
3753
3754
3758
3759
3761
3762
3763
3768
3770
3771
3775
3776
3778
3782
3783
3785
3788
3791
3793
3801
3804
3805
3806
3808
3810
3812
3813
3814
3815
3817
3820
3823
3824
3830
3832
3833
3834
3840
3841
3844
3848
3850
3851
3852
3854
3855
3857
3859
3860
3861
3863
3865
3868
3871
3872
3875
3878
3879
3880
3881
3882
3884
3887
3889
3890
3894
3895
3897
3901
3903
3904
3905
3908
3909
3911
3912
3913
3914
3919
3922
3924
3930
3933
3934
3935
3938
3941
3945
3946
3948
3949
3953
3955
3958
3961
3970
3971
3973
3974
3977
3979
3984
3986
3988
3989
3991
3994
3996
3998
3999
4001
4004
4008
4009
4010
4011
4013
4017
4021
4026
4028
4033
4035
4036
4039
4040
4045
4047
4048
4051
4054
4055
4057
4059
4061
4063
4064
4065
4067
4070
4071
4072
4073
4074
4077
4080
4081
4083
4084
4087
4089
4092
4094
4095
4096
4097
4100
4102
4103
4106
4108
4117
4118
4120
4123
4124
4126
4130
4136
4138
4139
4142
4144
4145
4149
4152
4153
4154
4162
4168
4169
4170
4197
4199
4203
4207
4210
4215
4220
4228
4234
4238
4241
4242
4246
4247
4248
4253
4257
4259
4268
4270
4273
4275
4295
4299
4300
4303
4305
4308
4310
4313
4314
4321
4323
4326
4330
4332
4335
4336
4338
4340
4345
4347
4350
4351
4356
4358
4362
4364
4365
4367
4368
4369
4371
4372
4374
4377
4379
4383
4384
4385
4390
4393
4395
4398
4402
4404
4407
4412
4416
4419
4422
4423
4425
4426
4428
4431
4435
4436
4438
4440
4441
4444
4448
4450
4452
4454
4457
4458
4459
4460
4461
4462
4468
4470
4471
4473
4475
4476
4477
4479
4480
4484
4487
4489
4491
4492
4493
4495
4496
4499
4501
4504
4505
4508
4510
4513
4517
4520
4522
4525
4528
4530
4533
4535
4536
4538
4557
4563
4602
4609
4611
4613
4614
4616
4623
4625
4626
4627
4631
4632
4633
4635
4637
4643
4644
4646
4648
4652
4654
4658
4661
4662
4663
4665
4666
4668
4671
4672
4673
4674
4677
4680
4681
4682
4683
4689
4691
4692
4698
4700
4703
4704
4706
4707
4710
4714
4716
4717
4719
4724
4726
4727
4730
4731
4732
4733
4734
4739
4740
4741
4742
4743
4745
4747
4750
4752
4755
4756
4757
4762
4766
4770
4771
4773
4778
4783
4784
4816
4823
4837
4839
4848
4850
4852
4854
4855
4857
4858
4859
4861
4862
4867
4868
4869
4872
4874
4875
4878
4883
4884
4885
4886
4889
4892
4893
4897
4900
4902
4905
4909
4911
4918
4920
4921
4925
4927
4929
4930
4931
4933
4935
4936
4940
4941
4945
4948
4949
4953
4956
4957
4960
4961
4962
4963
4966
4967
4968
4970
4975
4976
4978
4980
4981
4982
4985
4986
4987
4988
4989
4990
4991
4993
4996
4998
5001
5006
5009
5011
5013
5014
5018
5021
5022
5024
5025
5027
5029
5030
5031
5032
5037
5043
5044
5045
5050
5052
5054
5056
5058
5059
5061
5065
5066
5067
5068
5070
5072
5074
5076
5078
5080
5088
5089
5090
5091
5094
5095
5098
5099
5101
5109
5111
5116
5119
5123
5125
5127
5129
5131
5132
5134
5137
5140
5141
5144
5148
5150
5151
5155
5157
5159
5161
5162
5163
5164
5165
5169
5171
5172
5173
5175
5176
5177
5178
5179
5180
5181
5183
5184
5186
5189
5191
5193
5198
5201
5202
5204
5206
5207
5209
5212
5216
5218
5219
5221
5222
5225
5226
5228
5230
5235
5238
5241
5243
5245
5247
5248
5249
5250
5251
5253
5255
5257
5261
5262
5263
5265
5268
5269
5271
5273
5275
5276
5279
5281
5284
5286
5288
5290
5292
5293
5294
5295
5297
5299
5301
5306
5307
5308
5309
5311
5317
5321
5322
5325
5326
5327
5328
5329
5330
5332
5333
5335
5338
5341
5343
5344
5345
5349
5353
5354
5356
5357
5359
5360
5362
5364
5367
5369
5370
5371
5377
5378
5379
5382
5385
5386
5387
5390
5391
5393
5396
5399
5402
5405
5408
5409
5411
5413
5414
5415
5416
5417
5419
5422
5424
5425
5428
5429
5430
5431
5432
5434
5438
5439
5442
5443
5444
5447
5453
5456
5461
5462
5463
5465
5469
5470
5471
5474
5475
5479
5481
5484
5487
5489
5491
5496
5497
5501
5504
5505
5506
5509
5510
5512
5513
5516
5517
5519
5522
5524
5525
5527
5530
5531
5532
5537
5540
5543
5544
5550
5552
5553
5555
5560
5561
5563
5564
5565
5567
5569
5571
5573
5576
5577
5580
5585
5586
5589
5591
5592
5593
5594
5598
5601
5602
5605
5606
5607
5608
5611
5612
5614
5615
5617
5618
5623
5625
5626
5629
5632
5634
5636
5640
5641
5642
5645
5646
5648
5651
5653
5655
5659
5661
5663
5666
5667
5668
5670
5673
5676
5700
5704
5706
5717
5727
5729
5733
5734
5737
5742
5743
5745
5746
5748
5750
5752
5753
5754
5757
5759
5760
5762
5763
5766
5769
5775
5776
5778
5779
5782
5785
5786
5787
5793
5808
5811
5816
5817
5818
5821
5823
5826
5828
5830
5831
5834
5841
5843
5849
5851
5852
5856
5861
5864
5878
5880
5883
5884
5886
5887
5888
5891
5892
5894
5896
5899
5906
5907
5909
5910
5911
5912
5913
5915
5918
5920
5921
5922
5925
5928
5933
5934
5936
5938
5939
5942
5944
5948
5950
5952
5953
5954
5956
5960
5962
5966
5971
5973
5976
5978
5979
5982
5985
5988
5990
5996
5997
6002
6004
6007
6008
6011
6014
6020
6022
6023
6026
6028
6031
6034
6036
6038
6070
6072
6074
6075
6078
6084
6087
6089
6091
6094
6095
6096
6098
6099
6101
6102
6103
6105
6106
6121
6126
6128
6129
6130
6134
6135
6137
6140
6141
6142
6144
6147
6150
6151
6153
6154
6155
6159
6160
6161
6164
6166
6169
6170
6172
6174
6175
6181
6183
6186
6188
6189
6192
6195
6197
6198
6199
6200
6202
6205
6209
6210
6211
6215
6216
6217
6219
6221
6225
6226
6231
6233
6234
6237
6239
6240
6243
6245
6246
6247
6249
6250
6252
6262
6270
6271
6275
6277
6278
6282
6283
6285
6287
6288
6294
6296
6297
6298
6299
6304
6308
6311
6316
6318
6322
6325
6328
6329
6332
6334
6336
6338
6340
6345
6348
6350
6351
6354
6357
6358
6361
6363
6370
6371
6373
6379
6380
6381
6384
6386
6388
6390
6392
6393
6395
6427
6438
6440
6446
6448
6450
6457
6458
6459
6469
6470
6472
6473
6475
6476
6480
6484
6487
6488
6494
6495
6496
6497
6499
6500
6502
6505
6506
6507
6511
6515
6516
6519
6520
6522
6523
6525
6534
6535
6536
6538
6544
6546
6547
6551
6557
6561
6563
6564
6567
6568
6570
6572
6576
6578
6579
6583
6586
6588
6594
6597
6600
6603
6605
6607
6611
6613
6615
6619
6623
6625
6627
6629
6633
6634
6638
6640
6641
6642
6644
6646
6647
6650
6652
6654
6655
6657
6658
6660
6661
6663
6664
6665
6666
6668
6671
6673
6676
6677
6681
6685
6686
6688
6691
6692
6693
6695
6696
6699
6700
6701
6703
6705
6707
6708
6710
6712
6714
6715
6718
6720
6722
6724
6725
6728
6730
6732
6734
6736
6744
6747
6755
6756
6757
6759
6760
6761
6762
6764
6765
6766
6769
6770
6771
6773
6774
6775
6778
6780
6782
6783
6784
6788
6790
6793
6794
6797
6798
6800
6801
6802
6804
6811
6814
6815
6821
6829
6835
6842
6844
6851
6852
6872
6875
6886
6891
6899
6914
6921
6933
6934
6937
6938
6941
6942
6946
6951
6955
6959
6965
7014
7015
7016
7018
7020
7021
7022
7024
7025
7027
7029
7031
7034
7039
7046
7048
7050
7053
7055
7057
7059
7064
7069
7070
7072
7074
7076
7078
7080
7082
7087
7089
7091
7096
7101
7109
7111
7113
7115
7117
7119
7121
7125
7126
7128
7131
7137
7138
7140
7143
7144
7146
7148
7151
7155
7157
7158
7160
7162
7163
7164
7166
7167
7168
7169
7170
7172
7173
7175
7176
7178
7180
7181
7187
7190
7192
7195
7196
7197
7198
7199
7201
7203
7205
7207
7208
7209
7210
7211
7224
7226
7230
7233
7234
7235
7237
7239
7244
7245
7246
7251
7254
7255
7257
7260
7262
7263
7265
7267
7269
7270
7271
7272
7275
7277
7282
7285
7287
7289
7290
7292
7294
7296
7297
7300
7302
7305
7306
7307
7308
7310
7317
7320
7325
7327
7329
7331
7355
7363
7365
7370
7372
7374
7375
7377
7378
7380
7382
7383
7384
7387
7388
7391
7393
7394
7397
7399
7402
7404
7407
7409
7410
7413
7420
7423
7425
7429
7431
7432
7434
7436
7437
7438
7439
7441
7443
7445
7446
7447
7450
7451
7453
7454
7455
7457
7458
7460
7500
7505
7506
7507
7514
7517
7521
7523
7525
7527
7529
7530
7535
7540
7541
7544
7545
7549
7552
7555
7556
7558
7560
7561
7563
7566
7572
7576
7579
7580
7582
7584
7587
7589
7590
7592
7593
7600
7603
7608
7616
7636
7638
7640
7642
7651
7655
7658
7660
7661
7664
7665
7667
7668
7675
7677
7681
7684
7685
7686
7689
7690
7696
7733
7762
7765
7766
7770
7772
7774
7776
7778
7780
7783
7784
7787
7796
7798
7800
7802
7806
7807
7808
7812
7813
7815
7816
7819
7821
7826
7830
7834
7837
7838
7840
7846
7848
7853
7857
7861
7863
7866
7867
7870
7872
7878
7880
7881
7883
7884
7885
7887
7889
7893
7897
7900
7901
7902
7903
7904
7906
7910
7911
7913
7914
7915
7918
7920
7925
7929
7930
7931
7933
7935
7936
7940
7941
7944
7947
7948
7952
7953
7955
7957
7960
7962
7964
7970
7973
7974
7975
7976
7980
7982
7983
7985
7987
7988
7991
7992
7994
7996
7998
7999
8001
8006
8007
8008
8009
8011
8013
8015
8016
8017
8018
8019
8022
8023
8024
8027
8028
8030
8032
8034
8035
8038
8039
8040
8043
8046
8047
8052
8056
8057
8068
8071
8073
8074
8081
8082
8084
8088
8089
8094
8096
8097
8098
8100
8101
8103
8105
8109
8110
8114
8115
8116
8123
8127
8129
8130
8132
8134
8136
8138
8139
8142
8143
8149
8151
8153
8157
8158
8160
8163
8166
8170
8171
8175
8182
8184
8187
8190
8191
8192
8193
8194
8195
8196
8198
8201
8202
8203
8207
8208
8210
8212
8214
8216
8218
8219
8220
8221
8222
8223
8226
8227
8230
8233
8235
8236
8238
8242
8244
8248
8252
8255
8259
8264
8266
8267
8269
8271
8272
8274
8276
8280
8281
8282
8284
8288
8292
8301
8303
8305
8308
8310
8312
8314
8316
8319
8321
8322
8325
8327
8329
8331
8333
8334
8340
8341
8345
8350
8352
8354
8360
8362
8364
8366
8367
8370
8373
8379
8381
8383
8386
8391
8392
8393
8396
8397
8399
8429
8432
8434
8440
8442
8443
8445
8446
8448
8449
8456
8457
8458
8460
8464
8465
8467
8469
8472
8477
8478
8481
8483
8489
8491
8493
8495
8497
8498
8501
8502
8512
8513
8516
8518
8521
8522
8524
8526
8527
8529
8533
8536
8538
8539
8543
8545
8546
8549
8553
8554
8557
8560
8561
8563
8564
8568
8570
8571
8573
8575
8578
8580
8586
8589
8593
8594
8595
8599
8602
8604
8607
8611
8616
8617
8618
8619
8621
8625
8626
8627
8628
8633
8634
8635
8637
8644
8645
8648
8649
8651
8654
8655
8658
8659
8660
8662
8665
8666
8675
8678
8686
8687
8689
8690
8692
8693
8698
8699
8705
8707
8710
8712
8715
8716
8717
8721
8723
8724
8727
8729
8730
8731
8732
8733
8734
8736
8737
8738
8741
8744
8745
8748
8751
8766
8769
8770
8774
8776
8777
8778
8779
8783
8785
8787
8790
8791
8794
8796
8797
8812
8843
8847
8848
8859
8862
8863
8867
8868
8871
8876
8877
8878
8883
8884
8887
8889
8890
8892
8893
8896
8898
8899
8902
8903
8906
8908
8910
8911
8912
8914
8915
8917
8919
8924
8926
8928
8929
8932
8933
8938
8939
8942
8943
8944
8948
8950
8952
8953
8954
8955
8956
8960
8964
8965
8967
8971
8975
8976
8979
8980
8983
8986
8987
8990
8992
8993
8994
8996
8998
9002
9005
9006
9008
9010
9011
9012
9013
9015
9019
9022
9025
9026
9028
9031
9033
9035
9038
9039
9043
9044
9046
9047
9048
9051
9061
9062
9064
9065
9068
9070
9071
9072
9074
9075
9076
9077
9079
9082
9085
9087
9090
9091
9093
9096
9098
9099
9100
9101
9103
9106
9108
9109
9110
9113
9114
9117
9119
9121
9123
9125
9127
9130
9131
9136
9138
9139
9145
9146
9147
9149
9154
9156
9157
9160
9162
9164
9166
9168
9169
9171
9174
9175
9181
9182
9183
9185
9186
9190
9192
9197
9202
9205
9206
9207
9209
9210
9213
9215
9220
9222
9227
9228
9229
9231
9234
9235
9236
9239
9241
9246
9249
9250
9252
9254
9257
9259
9262
9264
9266
9268
9270
9273
9274
9278
9279
9280
9283
9284
9302
9336
9340
9341
9342
9344
9347
9349
9352
9355
9358
9362
9366
9368
9369
9371
9374
9411
9413
9415
9423
9425
9427
9429
9430
9432
9433
9437
9438
9439
9441
9442
9443
9445
9447
9451
9454
9456
9459
9462
9469
9471
9473
9479
9482
9484
9486
9491
9494
9497
9499
9501
9506
9507
9508
9510
9512
9513
9514
9516
9518
9521
9523
9524
9526
9529
9533
9535
9536
9541
9543
9544
9545
9546
9548
9549
9551
9553
9555
9557
9561
9562
9565
9566
9573
9576
9583
9584
9585
9596
9598
9599
9601
9603
9605
9608
9612
9613
9616
9621
9623
9627
9630
9635
9637
9639
9641
9642
9644
9645
9648
9650
9651
9653
9655
9658
9663
9665
9667
9668
9670
9674
9675
9678
9682
9685
9686
9688
9693
9696
9697
9700
9712
9713
9715
9716
9719
9724
9727
9735
9737
9739
9740
9745
9748
9750
9753
9758
9760
9765
9766
9767
9768
9772
9775
9778
9781
9783
9784
9788
9792
9793
9796
9804
9806
9807
9810
9812
9813
9815
9818
9819
9821
9823
9826
9828
9829
9831
9832
9836
9839
9843
9845
9846
9848
9850
9851
9853
9854
9857
9867
9869
9871
9873
9876
9878
9879
9880
9886
9889
9890
9892
9893
9894
9901
9903
9905
9906
9914
9915
9916
9918
9919
9921
9922
9925
9926
9929
9934
9940
9944
9945
9946
9947
9951
9952
9953
9957
9960
9961
9963
9964
9967
9970
9973
9975
9982
9984
9986
9987
9989
9992
9993
9995
10002
10005
10007
10009
10012
10013
10018
10020
10021
10022
10026
10031
10034
10037
10038
10041
10044
10046
10048
10050
10052
10058
10078
10086
10088
10089
10090
10096
10097
10099
10100
10105
10107
10112
10114
10117
10118
10121
10123
10124
10126
10129
10130
10135
10137
10138
10139
10146
10147
10148
10150
10153
10156
10157
10162
10180
10212
10215
10218
10219
10224
10252
10256
10262
10264
10268
10269
10271
10272
10275
10276
10279
10280
10281
10284
10286
10288
10291
10292
10294
10295
10298
10299
10301
10304
10306
10309
10310
10313
10316
10318
10320
10322
10323
10325
10326
10327
10328
10330
10336
10337
10342
10344
10346
10349
10354
10360
10361
10362
10364
10366
10367
10368
10372
10373
10375
10378
10379
10380
10383
10385
10387
10388
10391
10392
10397
10398
10400
10401
10406
10407
10413
10421
10425
10428
10429
10431
10434
10436
10437
10439
10442
10443
10446
10448
10450
10451
10452
10454
10455
10456
10457
10458
10461
10462
10463
10464
10465
10467
10468
10469
10473
10475
10477
10479
10485
10495
10496
10499
10500
10522
10524
10525
10528
10530
10532
10533
10536
10541
10542
10546
10548
10550
10551
10552
10556
10558
10564
10565
10566
10567
10570
10571
10572
10573
10575
10577
10578
10580
10581
10582
10585
10588
10590
10593
10595
10597
10599
10601
10606
10607
10608
10610
10611
10612
10615
10617
10618
10620
10621
10624
10628
10630
10632
10633
10636
10638
10640
10642
10643
10645
10647
10648
10650
10651
10653
10654
10655
10656
10657
10660
10661
10662
10666
10667
10669
10671
10672
10674
10675
10676
10678
10681
10682
10684
10686
10689
10691
10693
10696
10703
10705
10707
10708
10710
10713
10715
10716
10717
10718
10720
10721
10723
10725
10728
10731
10733
10738
10742
10744
10746
10751
10752
10756
10757
10761
10762
10763
10766
10767
10769
10770
10773
10774
10776
10777
10778
10780
10781
10782
10784
10789
10791
10792
10796
10798
10799
10800
10803
10804
10805
10806
10810
10811
10815
10816
10819
10820
10822
10825
10828
10830
10832
10835
10837
10840
10842
10843
10844
10846
10849
10852
10854
10857
10863
10865
10866
10869
10870
10873
10874
10877
10880
10883
10887
10890
10893
10899
10901
10903
10908
10910
10913
10915
10918
10921
10928
10933
10934
10935
10936
10937
10939
10940
10945
10946
10947
10948
10949
10951
10953
10959
10960
10962
10963
10968
10970
10973
10976
10979
10983
11010
11029
11030
11034
11037
11039
11041
11042
11043
11047
11048
11049
11052
11054
11056
11058
11062
11064
11065
11068
11071
11073
11074
11077
11079
11081
11083
11084
11086
11093
11096
11097
11098
11100
11102
11104
11105
11107
11111
11113
11114
11115
11118
11119
11121
11124
11126
11128
11133
11135
11137
11140
11144
11146
11149
11151
11152
11155
11156
11159
11161
11164
11166
11168
11169
11170
11174
11175
11179
11181
11182
11185
11189
11192
11193
11194
11195
11196
11197
11199
11200
11202
11205
11206
11209
11213
11215
11216
11217
11220
11222
11227
11229
11230
11232
11236
11237
11239
11240
11243
11244
11247
11248
11249
11252
11256
11259
11260
11261
11262
11266
11268
11269
11271
11272
11274
11275
11282
11283
11287
11292
11294
11295
11296
11299
11313
11314
11316
11322
11323
11324
11327
11331
11332
11334
11338
11340
11343
11344
11346
11349
11352
11354
11360
11363
11365
11366
11368
11369
11372
11374
11375
11378
11379
11382
11383
11386
11387
11391
11394
11397
11399
11401
11403
11405
11408
11410
11413
11415
11416
11418
11421
11423
11426
11428
11430
11432
11433
11435
11437
11439
11441
11444
11447
11448
11449
11452
11456
11458
11461
11464
11465
11468
11471
11472
11475
11478
11480
11482
11483
11485
11486
11487
11489
11490
11491
11494
11495
11501
11502
11503
11506
11508
11510
11513
11515
11517
11518
11523
11526
11527
11529
11532
11533
11536
11539
11541
11542
11545
11547
11548
11550
11551
11552
11554
11555
11557
11558
11560
11565
11567
11569
11573
11578
11579
11582
11585
11587
11588
11596
11598
11601
11602
11604
11607
11609
11610
11612
11615
11617
11618
11619
11620
11622
11624
11656
11677
11683
11700
11726
11758
11787
11789
11795
11803
11805
11806
11807
11813
11815
11817
11818
11819
11822
11824
11826
11828
11830
11831
11833
11839
11840
11844
11846
11847
11849
11850
11853
11855
11856
11858
11859
11861
11864
11866
11867
11869
11871
11873
11876
11878
11880
11881
11883
11885
11888
11890
11893
11894
11896
11900
11906
11907
11908
11910
11913
11914
11915
11917
11919
11920
11921
11923
11926
11927
11930
11931
11934
11936
11938
11940
11941
11945
11949
11952
11953
11956
11957
11958
11959
11960
11961
11963
11966
12014
12034
12035
12037
12038
12039
12040
12041
12061
12068
12071
12072
12077
12082
12083
12085
12087
12092
12093
12095
12097
12106
12108
12181
12224
12225
12226
12230
12233
12234
12236
12237
12240
12241
12244
12246
12247
12248
12250
12254
12257
12259
12261
12265
12267
12269
12272
12274
12275
12278
12282
12286
12288
12289
12291
12293
12297
12299
12303
12304
12305
12306
12307
12308
12310
12312
12315
12320
12321
12328
12330
12331
12333
12334
12335
12338
12341
12343
12345
12347
12351
12357
12359
12360
12361
12367
12371
12373
12376
12380
12382
12389
12391
12392
12394
12396
12397
12398
12399
12401
12403
12404
12406
12407
12409
12410
12412
12414
12415
12417
12421
12423
12425
12429
12431
12433
12435
12437
12441
12443
12446
12448
12452
12453
12455
12456
12473
12475
12480
12481
12482
12484
12485
12487
12489
12492
12495
12496
12498
12499
12503
12505
12508
12510
12512
12514
12516
12521
12522
12525
12529
12531
12533
12536
12537
12540
12544
12546
12547
12549
12552
12554
12557
12558
12561
12563
12564
12567
12568
12570
12573
12577
12578
12579
12590
12591
12592
12593
12595
12598
12601
12606
12609
12611
12613
12614
12615
12616
12617
12622
12624
12625
12628
12629
12635
12637
12639
12643
12645
12648
12651
12657
12661
12668
12673
12674
12675
12676
12682
12685
12686
12689
12691
12692
12693
12695
12699
12701
12703
12705
12707
12709
12711
12712
12716
12718
12728
12729
12732
12734
12742
12744
12745
12747
12748
12751
12753
12754
12761
12763
12772
12776
12779
12796
12797
12801
12863
12866
12885
12889
12892
12893
12894
12896
12897
12900
12902
12903
12905
12906
12908
12909
12911
12914
12915
12919
12922
12923
12927
12928
12930
12935
12936
12941
12944
12946
12947
12948
12952
12955
12957
12958
12959
12960
12961
12963
12964
12967
12968
12969
13009
13010
13011
13012
13014
13015
13016
13017
13019
13020
13022
13023
13032
13040
13043
13050
13059
13060
13061
13073
13074
13076
13078
13079
13082
13086
13087
13089
13092
13106
13107
13111
13114
13116
13117
13119
13121
13124
13128
13130
13132
13133
13139
13140
13141
13142
13145
13148
13149
13150
13155
13157
13158
13159
13163
13164
13165
13167
13169
13172
13174
13176
13177
13178
13181
13184
13190
13191
13193
13194
13195
13197
13199
13203
13204
13206
13216
13217
13229
13230
13237
13239
13242
13245
13249
13253
13256
13259
13262
13263
13264
13267
13269
13271
13276
13279
13282
13295
13297
13298
13318
13319
13341
13346
13347
13348
13354
13356
13362
13367
13397
13398
13402
13403
13405
13409
13411
13412
13418
13419
13420
13422
13424
13425
13426
13433
13436
13438
13444
13445
13446
13447
13452
13454
13455
13456
13460
13462
13466
13467
13468
13470
13472
13474
13475
13505
13506
13513
13514
13515
13516
13518
13521
13542
13543
13551
13558
13559
13561
13562
13566
13567
13570
13571
13573
13575
13576
13577
13578
13579
13581
13582
13586
13588
13590
13594
13595
13598
13599
13601
13602
13605
13607
13611
13613
13615
13616
13618
13620
13623
13625
13628
13630
13634
13637
13640
13645
13646
13650
13651
13652
13653
13655
13660
13662
13665
13669
13673
13677
13678
13682
13684
13685
13689
13692
13693
13697
13698
13699
13702
13704
13705
13706
13709
13711
13712
13715
13716
13720
13722
13723
13726
13728
13731
13732
13735
13739
13742
13745
13747
13749
13753
13756
13757
13759
13780
13782
13784
13791
13816
13818
13821
13823
13825
13827
13828
13830
13832
13834
13835
13838
13840
13843
13844
13847
13850
13851
13852
13854
13856
13860
13863
13864
13871
13875
13882
13891
13894
13925
13926
13929
13939
13955
13956
13980
13981
13982
13983
13988
13991
13992
13993
13995
13996
13998
14001
14002
14004
14006
14009
14011
14015
14018
14020
14025
14026
14027
14028
14032
14033
14035
14039
14040
14042
14044
14046
14047
14068
14089
14090
14091
14093
14094
14096
14099
14142
14146
14149
14150
14153
14155
14157
14163
14164
14166
14167
14169
14170
14171
14187
14193
14195
14200
14264
14267
14269
14270
14272
14276
14278
14279
14280
14285
14288
14291
14293
14299
14302
14303
14305
14309
14310
14312
14314
14316
14318
14319
14322
14324
14328
14329
14334
14336
14337
14338
14339
14340
14342
14344
14345
14349
14351
14357
14358
14360
14361
14362
14364
14366
14369
14374
14377
14379
14384
14386
14388
14390
14394
14396
14397
14398
14399
14401
14404
14406
14407
14408
14411
14412
14413
14415
14416
14417
14418
14420
14422
14425
14427
14430
14434
14437
14441
14443
14445
14447
14449
14450
14452
14454
14455
14457
14458
14459
14461
14464
14466
14467
14469
14473
14475
14476
14478
14480
14483
14485
14489
14490
14492
14493
14494
14495
14496
14500
14533
14534
14537
14539
14554
14586
14639
14647
14679
14682
14687
14689
14691
14694
14696
14699
14701
14702
14704
14716
14727
14731
14733
14744
14746
14751
14757
14759
14762
14765
14766
14769
14780
14781
14783
14785
14787
14790
14792
14797
14808
14811
14812
14814
14815
14818
14820
14822
14847
14848
14849
14853
14855
14856
14857
14861
14862
14865
14876
14878
14887
14888
14892
14893
14901
14903
14904
14906
14907
14911
14916
14919
14925
14927
14931
14936
14938
14943
14947
14951
14953
14954
14957
14958
14961
14964
14966
14967
14973
14980
14981
14982
14984
14987
14996
14998
15001
15003
15011
15018
15020
15024
15028
15029
15030
15032
15034
15038
15040
15042
15044
15055
15106
15108
15109
15112
15117
15121
15122
15126
15127
15132
15135
15137
15139
15140
15143
15145
15161
15165
15167
15169
15171
15176
15177
15184
15186
15188
15190
15191
15219
15271
15280
15282
15284
15291
15292
15295
15339
15344
15346
15348
15349
15350
15352
15354
15355
15356
15358
15359
15361
15366
15368
15370
15371
15375
15378
15380
15382
15383
15384
15388
15389
15390
15393
15394
15401
15408
15410
15413
15416
15417
15421
15427
15433
15434
15440
15449
15462
15469
15470
15481
15495
15533
15541
15557
15570
15588
15594
15599
15601
15603
15605
15606
15608
15609
15612
15614
15618
15620
15621
15622
15626
15627
15633
15635
15637
15638
15642
15644
15645
15646
15652
15656
15658
15659
15660
15662
15663
15666
15667
15668
15670
15674
15675
15678
15679
15680
15682
15683
15685
15687
15693
15694
15695
15700
15703
15704
15706
15708
15710
15711
15714
15716
15718
15787
15788
15789
15796
15823
15824
15825
15831
15832
15867
15907
15911
15918
15919
15922
15923
15928
15929
15932
15977
15993
16012
16022
16024
16026
16027
16028
16029
16085
16087
16092
16096
16097
16099
16104
16106
16203
16204
16205
16207
16211
16212
16217
16223
16231
16233
16234
16235
16237
16243
16246
16248
16250
16252
16255
16260
16263
16266
16268
16270
16274
16277
16278
16282
16303
16305
16307
16313
16322
16329
16333
16339
16348
16349
16351
16355
16358
16361
16363
16364
16365
16367
16368
16373
16376
16382
16384
16386
16391
16395
16398
16399
16403
16405
16407
16410
16414
16417
16419
16421
16426
16428
16429
16430
16431
16432
16433
16436
16437
16438
16439
16441
16444
16446
16450
16452
16454
16456
16461
16463
16465
16468
16469
16470
16472
16476
16478
16480
16484
16485
16491
16501
16504
16505
16507
16510
16514
16519
16520
16522
16524
16533
16537
16543
16544
16545
16546
16547
16551
16552
16553
16555
16556
16558
16562
16563
16565
16567
16570
16571
16574
16576
16577
16578
16579
16580
16584
16587
16588
16594
16596
16597
16601
16605
16609
16613
16615
16618
16619
16621
16622
16625
16626
16636
16655
16658
16661
16662
16667
16670
16674
16676
16677
16680
16682
16683
16684
16685
16686
16690
16692
16697
16702
16706
16707
16710
16711
16713
16714
16716
16717
16719
16722
16723
16725
16729
16731
16733
16736
16737
16740
16742
16743
16749
16750
16763
16764
16790
16794
16796
16801
16804
16806
16808
16811
16814
16815
16818
16819
16821
16822
16825
16827
16831
16833
16835
16836
16839
16841
16843
16845
16848
16851
16857
16859
16861
16863
16865
16866
16869
16870
16873
16876
16879
16882
16884
16885
16886
16891
16892
16895
16897
16898
16900
16904
16906
16909
16910
16915
16918
16922
16924
16927
16929
16933
16934
16935
16938
16943
16945
16947
16954
16956
16959
16960
16962
16963
16966
16967
16969
16970
16973
16978
16981
16982
16985
16988
16991
17001
17006
17007
17014
17016
17018
17021
17027
17030
17032
17034
17036
17041
17047
17048
17050
17053
17056
17059
17060
17062
17064
17066
17072
17149
17171
17177
17178
17179
17183
17186
17188
17190
17193
17195
17231
17236
17239
17244
17245
17246
17247
17248
17250
17251
17252
17264
17265
17271
17273
17275
17277
17281
17282
17283
17294
17319
17322
17323
17327
17329
17332
17334
17338
17339
17342
17343
17344
17358
17360
17363
17366
17369
17370
17372
17380
17382
17385
17387
17392
17393
17397
17398
17401
17405
17407
17409
17411
17412
17417
17419
17422
17424
17425
17430
17431
17434
17437
17439
17440
17442
17445
17446
17450
17451
17453
17454
17456
17457
17459
17460
17462
17465
17468
17472
17477
17478
17480
17482
17483
17485
17487
17488
17490
17491
17492
17493
17496
17498
17500
17501
17503
17505
17507
17509
17510
17511
17514
17516
17519
17520
17522
17523
17526
17528
17530
17532
17534
17535
17538
17539
17542
17545
17549
17550
17553
17556
17557
17560
17561
17562
17565
17567
17568
17570
17573
17576
17578
17579
17581
17583
17585
17588
17589
17591
17594
17595
17598
17600
17601
17606
17607
17608
17614
17616
17617
17620
17622
17623
17625
17631
17634
17636
17637
17639
17643
17646
17648
17650
17651
17655
17657
17660
17663
17664
17666
17669
17671
17673
17674
17676
17678
17681
17682
17684
17685
17686
17690
17691
17693
17696
17697
17700
17704
17706
17707
17708
17710
17713
17715
17718
17720
17721
17725
17727
17732
17735
17736
17738
17741
17743
17746
17748
17749
17750
17753
17754
17755
17757
17759
17762
17764
17765
17767
17770
17774
17775
17778
17782
17784
17786
17788
17790
17792
17795
17796
17801
17802
17804
17806
17810
17811
17812
17813
17818
17819
17823
17824
17827
17828
17830
17832
17834
17842
17844
17847
17850
17851
17855
17857
17858
17861
17864
17865
17868
17870
17872
17874
17878
17880
17881
17885
17890
17891
17898
17903
17904
17907
17909
17913
17914
17917
17921
17923
17925
17928
17931
17934
17937
17938
17942
17943
17944
17947
17948
17950
17952
17954
17955
17957
17959
17960
17962
17988
18044
18048
18062
18065
18073
18076
18077
18082
18083
18088
18089
18091
18092
18094
18095
18098
18102
18103
18105
18106
18107
18109
18112
18114
18115
18117
18118
18122
18128
18129
18131
18132
18133
18136
18137
18142
18143
18145
18148
18150
18151
18153
18155
18157
18161
18162
18163
18164
18168
18170
18171
18174
18176
18179
18180
18182
18183
18185
18187
18189
18190
18191
18193
18195
18196
18198
18200
18203
18205
18207
18209
18211
18215
18217
18221
18227
18231
18236
18243
18248
18249
18255
18256
18257
18270
18273
18274
18276
18279
18280
18282
18284
18285
18287
18292
18294
18296
18297
18299
18302
18304
18305
18309
18312
18314
18318
18321
18325
18326
18328
18330
18331
18346
18347
18360
18362
18364
18367
18368
18370
18373
18374
18377
18379
18380
18383
18384
18400
18404
18410
18467
18469
18470
18474
18478
18479
18480
18517
18520
18522
18523
18525
18528
18530
18532
18535
18536
18539
18541
18542
18547
18548
18551
18555
18556
18561
18566
18569
18573
18575
18576
18580
18582
18585
18586
18588
18591
18593
18595
18597
18599
18602
18603
18605
18608
18609
18611
18614
18615
18618
18620
18622
18625
18626
18628
18630
18633
18638
18643
18656
18657
18658
18659
18723
18726
18733
18734
18736
18739
18742
18744
18746
18747
18749
18750
18752
18753
18754
18761
18763
18766
18769
18770
18776
18807
18812
18814
18816
18818
18824
18825
18828
18830
18831
18832
18835
18836
18837
18874
18877
18878
18879
18882
18899
18901
18903
18906
18909
18911
18912
18915
18920
18922
18924
18925
18926
18930
18932
18934
18938
18943
18950
18953
18954
18957
18960
18961
18976
18982
18983
18985
18996
18999
19001
19003
19004
19009
19011
19012
19015
19016
19018
19021
19022
19024
19025
19026
19028
19031
19032
19034
19037
19040
19041
19042
19046
19047
19051
19054
19055
19058
19061
19062
19065
19066
19067
19068
19070
19071
19074
19075
19077
19079
19080
19081
19082
19084
19086
19088
19091
19094
19097
19098
19102
19108
19110
19112
19114
19117
19118
19119
19121
19127
19130
19134
19136
19138
19142
19143
19147
19150
19151
19155
19156
19157
19160
19161
19165
19170
19175
19179
19181
19210
19211
19212
19214
19221
19222
19227
19230
19233
19259
19262
19269
19271
19272
19273
19277
19279
19282
19284
19291
19296
19342
19349
19351
19352
19354
19358
19361
19362
19363
19365
19369
19371
19372
19393
19394
19397
19401
19402
19412
19415
19417
19422
19423
19424
19429
19433
19434
19435
19438
19441
19442
19443
19445
19447
19448
19449
19450
19455
19459
19462
19464
19466
19467
19470
19471
19473
19474
19476
19479
19481
19482
19483
19486
19489
19490
19492
19493
19496
19498
19499
19500
19503
19504
19508
19512
19513
19517
19519
19520
19521
19523
19525
19528
19531
19533
19534
19535
19537
19539
19540
19543
19545
19547
19550
19552
19574
19585
19586
19593
19595
19597
19634
19635
19636
19639
19642
19646
19647
19650
19651
19655
19669
19672
19675
19735
19738
19747
19748
19752
19755
19757
19758
19763
19764
19765
19766
19768
19771
19772
19778
19779
19783
19788
19791
19792
19793
19798
19800
19802
19804
19805
19809
19810
19811
19812
19816
19819
19822
19824
19828
19848
19850
19854
19856
19857
19858
19859
19863
19864
19866
19867
19869
19872
19873
19881
19888
19900
19924
19933
19935
19936
19940
19943
19946
19950
19953
19990
20008
20054
20056
20061
20062
20066
20069
20073
20074
20081
20083
20086
20088
20089
20094
20095
20097
20101
20103
20104
20106
20109
20110
20112
20116
20118
20119
20123
20124
20126
20128
20129
20135
20137
20138
20144
20145
20146
20148
20151
20153
20154
20158
20177
20205
20210
20213
20216
20218
20222
20224
20225
20228
20230
20233
20234
20236
20238
20239
20242
20245
20246
20248
20251
20252
20253
20254
20256
20261
20263
20267
20268
20269
20270
20271
20276
20277
20279
20281
20283
20284
20285
20287
20289
20290
20292
20296
20297
20298
20301
20302
20305
20308
20309
20312
20314
20315
20316
20317
20322
20324
20331
20333
20335
20338
20339
20341
20342
20344
20346
20347
20348
20350
20351
20352
20354
20355
20356
20357
20359
20362
20365
20367
20369
20370
20373
20374
20378
20380
20384
20385
20387
20390
20392
20395
20396
20398
20399
20400
20402
20403
20405
20411
20412
20414
20416
20418
20421
20422
20424
20426
20427
20428
20432
20433
20439
20441
20443
20445
20447
20448
20452
20453
20456
20458
20474
20477
20479
20510
20516
20519
20524
20525
20536
20537
20550
20553
20558
20560
20565
20574
20579
20584
20599
20628
20630
20636
20641
20642
20643
20650
20651
20655
20657
20660
20663
20664
20667
20668
20675
20683
20687
20688
20690
20694
20695
20702
20704
20707
20709
20711
20715
20728
20736
20739
20746
20756
20758
20759
20761
20765
20767
20769
20770
20773
20776
20780
20787
20816
20820
20822
20824
20827
20828
20832
20834
20836
20838
20841
20842
20847
20848
20852
20856
20859
20863
20883
20885
20886
20889
20891
20894
20897
20899
20904
20905
20908
20917
20920
20922
20925
20930
20934
20937
20940
20941
20942
20944
20946
20947
20949
20952
20953
20955
20958
20959
20961
20962
20964
20966
20969
20970
20971
20973
20974
20976
20977
20978
20982
20983
20986
20989
20992
20994
21004
21006
21007
21008
21010
21014
21016
21022
21028
21031
21035
21039
21040
21041
21044
21046
21047
21049
21050
21052
21054
21055
21058
21059
21060
21062
21063
21067
21069
21070
21075
21076
21079
21080
21082
21083
21086
21088
21090
21094
21097
21101
21107
21110
21114
21123
21125
21132
21133
21138
21139
21142
21143
21144
21145
21149
21152
21156
21160
21162
21164
21167
21170
21175
21212
21217
21219
21222
21227
21229
21231
21233
21234
21238
21240
21242
21244
21245
21248
21252
21255
21256
21257
21260
21263
21266
21268
21271
21428
21429
21431
21433
21438
21440
21443
21447
21448
21450
21451
21453
21456
21458
21459
21461
21463
21466
21470
21473
21475
21476
21478
21482
21487
21495
21497
21500
21504
21506
21507
21508
21509
21511
21513
21516
21520
21524
21531
21533
21552
21553
21557
21558
21560
21593
21597
21598
21602
21611
21650
21651
21652
21653
21656
21659
21661
21664
21667
21668
21673
21676
21678
21679
21680
21681
21683
21686
21687
21688
21691
21693
21696
21697
21699
21701
21703
21704
21705
21706
21707
21709
21710
21716
21718
21723
21727
21728
21730
21736
21737
21756
21773
21774
21781
21782
21785
21796
21799
21800
21801
21802
21804
21807
21809
21811
21813
21879
21881
21884
21885
21889
21899
21900
21902
21903
21905
21916
21921
21926
21929
21932
21936
21950
21954
21957
21960
21962
21963
21966
21968
21971
21973
21974
21975
21985
21987
21988
21990
21996
22000
22003
22005
22006
22008
22009
22014
22015
22017
22018
22020
22027
22029
22031
22034
22035
22037
22043
22044
22048
22050
22052
22053
22054
22056
22060
22067
22093
22171
22173
22194
22196
22197
22199
22201
22204
22207
22214
22227
22229
22230
22235
22236
22240
22241
22243
22247
22253
22263
22266
22270
22276
22337
22340
22341
22343
22348
22349
22352
22356
22357
22359
22362
22364
22365
22366
22368
22372
22373
22375
22376
22399
22409
22413
22418
22419
22422
22426
22430
22431
22433
22435
22437
22441
22445
22448
22452
22454
22456
22458
22460
22470
22473
22474
22475
22480
22484
22487
22489
22495
22496
22498
22500
22504
22506
22507
22508
22514
22516
22517
22518
22520
22521
22523
22524
22527
22532
22533
22535
22537
22538
22543
22544
22547
22549
22556
22558
22561
22566
22570
22572
22575
22576
22585
22586
22589
22595
22596
22597
22599
22602
22605
22607
22609
22611
22614
22616
22617
22620
22625
22627
22628
22629
22630
22631
22633
22635
22636
22639
22640
22641
22648
22649
22652
22653
22656
22657
22658
22660
22663
22665
22666
22672
22673
22678
22680
22681
22682
22685
22689
22693
22695
22698
22700
22703
22713
22733
22734
22737
22740
22742
22744
22761
22769
22798
22807
22808
22815
22817
22820
22823
22825
22826
22828
22829
22849
22855
22879
22883
22888
22890
22893
22896
22901
22902
22904
22912
22914
22925
22977
22979
22980
22983
22987
22988
22989
22992
22994
22996
22999
23001
23005
23007
23009
23012
23018
23020
23021
23024
23025
23026
23027
23029
23030
23033
23035
23037
23039
23041
23043
23046
23048
23051
23053
23056
23057
23058
23061
23069
23072
23075
23081
23085
23091
23093
23094
23098
23102
23105
23110
23111
23112
23114
23116
23117
23119
23120
23122
23124
23125
23128
23129
23132
23133
23135
23137
23142
23145
23147
23148
23150
23151
23153
23154
23155
23159
23162
23165
23166
23167
23169
23171
23172
23174
23175
23176
23180
23181
23188
23189
23196
23200
23204
23209
23212
23214
23215
23219
23220
23222
23225
23226
23228
23231
23234
23236
23238
23242
23246
23247
23250
23252
23254
23257
23262
23264
23265
23270
23271
23275
23276
23278
23282
23284
23287
23291
23298
23299
23302
23303
23304
23306
23307
23308
23313
23314
23315
23317
23318
23321
23323
23324
23325
23328
23331
23335
23341
23385
23386
23387
23392
23395
23425
23489
23492
23495
23497
23498
23499
23500
23501
23503
23504
23506
23507
23510
23511
23512
23515
23517
23524
23525
23528
23529
23530
23534
23535
23537
23538
23540
23542
23543
23545
23547
23548
23550
23551
23552
23553
23555
23559
23560
23561
23562
23563
23619
23658
23665
23667
23670
23675
23679
23680
23681
23684
23686
23689
23692
23695
23696
23698
23700
23703
23704
23705
23707
23709
23711
23713
23717
23720
23721
23722
23724
23726
23729
23730
23732
23733
23735
23736
23740
23741
23744
23747
23750
23751
23754
23756
23757
23759
23762
23769
23771
23776
23777
23778
23781
23783
23786
23787
23790
23792
23794
23796
23797
23798
23799
23801
23803
23809
23810
23813
23815
23816
23817
23819
23820
23823
23825
23827
23829
23831
23835
23836
23837
23839
23842
23843
23844
23848
23849
23851
23854
23856
23859
23862
23864
23867
23868
23869
23870
23872
23875
23876
23878
23881
23883
23884
23887
23889
23890
23892
23895
23897
23899
23902
23903
23905
23908
23912
23913
23916
23917
23918
23920
23923
23925
23926
23927
23930
23934
23939
23943
23945
23946
23947
23948
23951
23953
23955
23958
23959
23963
23964
23967
23970
23971
23972
23973
23977
23983
23986
23988
23991
23996
23999
24000
24002
24005
24008
24015
24016
24021
24022
24023
24027
24029
24031
24032
24033
24037
24041
24043
24049
24053
24055
24056
24061
24062
24066
24067
24069
24072
24075
24076
24085
24090
24092
24094
24097
24100
24102
24108
24109
24118
24119
24125
24130
24139
24141
24142
24143
24146
24159
24182
24183
24184
24186
24188
24193
24201
24207
24209
24214
24216
24217
24219
24221
24228
24231
24238
24248
24249
24251
24253
24255
24257
24260
24262
24284
24287
24288
24292
24296
24305
24312
24315
24321
24329
24336
24338
24347
24350
24366
24368
24406
24409
24412
24416
24418
24425
24427
24430
24432
24433
24436
24437
24442
24444
24446
24449
24450
24451
24522
24523
24524
24526
24529
24531
24534
24538
24542
24543
24546
24548
24549
24550
24553
24556
24558
24559
24561
24563
24564
24565
24567
24587
24600
24602
24603
24606
24611
24612
24613
24615
24616
24619
24627
24631
24632
24635
24638
24642
24649
24662
24736
24737
24738
24761
24778
24781
24786
24787
24789
24791
24792
24794
24796
24797
24887
24889
24890
24892
24894
24895
24897
24898
24900
24903
24907
24910
24912
24915
24916
24917
24919
24921
24923
24924
24927
24928
24931
24933
24934
24935
24937
24939
24940
24942
24944
24945
24947
24948
24949
24952
24957
24958
24961
24962
24963
24977
24979
24986
24988
24990
24992
24994
25001
25009
25011
25012
25013
25016
25017
25020
25023
25025
25029
25032
25033
25035
25036
25038
25041
25043
25044
25046
25049
25051
25052
25055
25069
25076
25087
25091
25137
25152
25162
25202
25210
25211
25232
25243
25266
25267
25274
25282
25285
25288
25291
25302
25321
25339
25340
25341
25346
25347
25353
25354
25359
25361
25363
25366
25369
25370
25373
25374
25376
25388
25420
25423
25435
25447
25450
25460
25464
25470
25473
25478
25479
25482
25485
25486
25487
25491
25492
25493
25496
25498
25499
25500
25502
25507
25508
25511
25514
25516
25518
25519
25521
25524
25526
25533
25534
25536
25538
25542
25544
25549
25550
25553
25554
25555
25556
25572
25574
25575
25577
25578
25581
25582
25583
25588
25591
25596
25601
25603
25604
25607
25609
25611
25613
25614
25617
25629
25630
25640
25643
25647
25677
25693
25695
25697
25705
25708
25709
25714
25715
25717
25721
25726
25729
25828
25875
25919
25928
25933
25938
25940
25946
25968
25969
25970
25973
25979
25984
25988
25993
25996
25997
25998
26002
26040
26063
26067
26073
26079
26081
26085
26090
26092
26093
26096
26108
26207
26225
26257
26265
26281
26303
26328
26331
26335
26337
26347
26349
26353
26359
26364
26366
26369
26372
26374
26376
26394
26395
26401
26403
26406
26409
26410
26411
26415
26454
26455
26457
26458
26461
26465
26470
26472
26474
26476
26479
26487
26494
26495
26500
26503
26508
26518
26522
26525
26529
26537
26539
26544
26545
26552
26554
26555
26558
26559
26560
26564
26566
26567
26572
26577
26578
26586
26587
26588
26592
26598
26600
26601
26603
26605
26606
26608
26611
26624
26631
26633
26638
26639
26641
26643
26654
26663
26666
26671
26675
26676
26677
26681
26683
26684
26686
26687
26689
26691
26693
26698
26700
26704
26707
26708
26710
26713
26716
26718
26722
26723
26725
26728
26730
26735
26736
26739
26744
26748
26750
26754
26757
26759
26761
26764
26767
26768
26771
26774
26776
26777
26778
26781
26782
26783
26785
26787
26788
26792
26799
26801
26803
26812
26814
26815
26816
26818
26820
26823
26825
26826
26829
26833
26836
26838
26840
26841
26846
26848
26849
26850
26853
26856
26861
26863
26866
26868
26871
26873
26874
26875
26880
26881
26883
26884
26887
26889
26891
26893
26895
26902
26904
26906
26908
26909
26915
26920
26922
26927
26929
26932
26941
26942
26944
26945
26950
26956
26959
26963
26991
26993
26995
26996
27001
27002
27005
27010
27015
27018
27019
27029
27033
27035
27037
27038
27039
27041
27043
27045
27047
27049
27054
27055
27057
27060
27063
27064
27066
27067
27069
27071
27073
27074
27077
27080
27082
27083
27085
27088
27089
27091
27093
27094
27096
27098
27099
27100
27102
27104
27109
27126
27146
27148
27150
27151
27163
27184
27188
27204
27211
27216
27219
27221
27223
27299
27302
27313
27321
27328
27329
27332
27334
27336
27337
27338
27339
27340
27345
27352
27354
27358
27361
27363
27364
27369
27371
27372
27375
27377
27379
27380
27382
27388
27394
27398
27400
27407
27416
27418
27425
27429
27436
27448
27496
27528
27544
27545
27550
27555
27557
27558
27563
27569
27572
27575
27577
27578
27579
27583
27584
27589
27591
27594
27597
27599
27601
27604
27605
27606
27620
27637
27641
27649
27652
27660
27669
27683
27691
27692
27701
27702
27707
27719
27720
27727
27729
27730
27737
27739
27740
27742
27743
27744
27745
27746
27747
27752
27756
27767
27770
27774
27775
27776
27778
27779
27785
27787
27794
27796
27803
27804
27807
27812
27813
27816
27817
27819
27820
27826
27828
27833
27836
27837
27848
27852
27855
27857
27858
27860
27861
27862
27865
27872
27874
27879
27880
27883
27886
27887
27888
27893
27895
27946
27949
27952
28010
28011
28012
28014
28017
28018
28020
28023
28024
28049
28052
28054
28055
28059
28060
28062
28064
28068
28073
28081
28085
28087
28091
28100
28101
28103
28105
28108
28109
28111
28113
28115
28117
28118
28119
28122
28123
28129
28132
28133
28135
28138
28140
28145
28146
28178
28181
28184
28185
28186
28190
28223
28260
28285
28287
28290
28292
28293
28294
28321
28324
28327
28331
28341
28430
28436
28475
28476
28477
28479
28482
28484
28485
28488
28490
28492
28493
28494
28496
28500
28501
28507
28508
28511
28513
28515
28516
28518
28522
28523
28525
28526
28535
28537
28539
28541
28543
28553
28555
28561
28562
28564
28567
28569
28571
28573
28575
28579
28583
28584
28587
28588
28592
28597
28601
28604
28605
28606
28634
28671
28676
28687
28690
28693
28700
28711
28744
28825
28851
28857
28931
28935
28937
28938
28939
28941
28944
28946
28949
28951
28953
28955
28960
28969
28973
28974
28978
28979
28984
28987
28990
28991
28993
28999
29001
29003
29005
29007
29011
29013
29015
29018
29020
29022
29023
29026
29029
29031
29037
29039
29040
29044
29046
29052
29054
29055
29061
29064
29065
29068
29069
29070
29071
29073
29074
29076
29077
29078
29084
29086
29089
29091
29093
29095
29097
29098
29104
29109
29112
29114
29116
29117
29118
29124
29126
29129
29131
29133
29136
29138
29140
29164
29227
29230
29234
29261
29270
29273
29278
29283
29290
29293
29294
29296
29297
29301
29302
29303
29305
29308
29309
29375
29497
29500
29503
29515
29519
29520
29522
29527
29529
29532
29534
29537
29538
29540
29542
29546
29553
29555
29580
29581
29586
29602
29606
29609
29613
29618
29630
29655
29674
29678
29683
29684
29692
29711
29748
29754
29761
29766
29768
29771
29772
29795
29796
29831
29836
29840
29843
29846
29893
29946
29963
30011
30013
30019
30024
30026
30029
30037
30038
30043
30046
30054
30055
30057
30058
30060
30061
30072
30073
30076
30078
30080
30083
30090
30153
30155
30156
30157
30159
30161
30163
30175
30176
30179
30180
30204
30317
30328
30499
30537
30612
30629
30630
30633
30634
30635
30637
30639
30640
30643
30644
30645
30646
30655
30656
30660
30661
30665
30668
30672
30673
30674
30677
30678
30679
30680
30684
30698
30699
30702
30705
30706
30707
30711
30712
30713
30715
30720
30722
30726
30729
30734
30736
30740
30745
30746
30747
30751
30753
30755
30756
30758
30759
30764
30766
30768
30770
30772
30773
30774
30777
30785
30787
30788
30790
30792
30795
30796
30797
30799
30802
30806
30807
30811
30812
30813
30815
30817
30821
30822
30823
30827
30828
30830
30832
30834
30835
30837
30840
30842
30843
30847
30850
30855
30856
30858
30861
30863
30865
30867
30874
30875
30878
30879
30881
30884
30885
30887
30890
30893
30894
30896
30899
30901
30903
30906
30907
30908
30911
30912
30914
30917
30918
30919
30920
30922
30925
30927
30928
30930
30931
30932
30936
30938
30939
30941
30943
30944
30945
30946
30948
30949
30950
30952
30955
30957
30958
30959
30961
30962
30964
30966
30969
30978
30984
30986
30988
30990
30992
30996
30997
31000
31004
31006
31007
31010
31015
31016
31020
31027
31105
31123
31130
31133
31134
31137
31138
31139
31143
31145
31149
31151
31155
31156
31157
31183
31185
31187
31189
31192
31193
31194
31196
31200
31207
31208
31209
31210
31214
31218
31222
31223
31227
31228
31229
31246
31276
31331
31340
31376
31377
31385
31386
31446
31448
31452
31453
31454
31457
31458
31460
31462
31465
31466
31467
31469
31490
31492
31493
31544
31548
31550
31551
31553
31555
31557
31565
31567
31571
31574
31575
31578
31583
31584
31585
31586
31636
31640
31642
31643
31644
31651
31652
31653
31655
31657
31659
31660
31661
31664
31665
31666
31670
31674
31676
31678
31683
31686
31689
31691
31694
31696
31704
31705
31707
31709
31710
31711
31713
31715
31716
31723
31724
31725
31729
31731
31733
31737
31738
31741
31743
31745
31747
31748
31751
31752
31753
31757
31758
31760
31765
31770
31800
31801
31813
31819
31850
31853
31856
31857
31860
31862
31896
31902
31903
31905
31907
31915
31916
31922
31924
31935
31939
31942
31946
31947
31951
31954
31960
31986
31990
31991
31993
31999
32000
32003
32005
32011
32030
32031
32033
32034
32035
32042
32043
32044
32087
32131
32148
32167
32184
32190
32200
32202
32203
32212
32218
32220
32221
32230
32237
32238
32239
32240
32285
32309
32325
32395
32413
32414
32417
32418
32420
32427
32428
32430
32431
32513
32584
32618
32632
32638
32642
32645
32647
32650
32653
32655
32657
32659
32661
32665
32666
32670
32671
32673
32675
32678
32681
32682
32684
32688
32690
32692
32695
32696
32698
32699
32701
32703
32706
32708
32710
32712
32714
32715
32717
32718
32739
32740
32783
32786
32787
32824
32829
32830
32831
32834
32836
32839
32842
32843
32848
32849
32851
32854
32856
32857
32860
32861
32865
32868
32870
32874
32875
32877
32878
32881
32882
32885
32888
32891
32896
32899
32901
32905
32907
32912
32913
32914
32918
32919
32920
32922
32925
32927
32929
32934
32940
32941
32946
32950
32952
32956
32964
32965
32966
32968
32973
32978
32981
32982
32985
32987
32988
32989
32991
32993
32996
32998
33002
33007
33011
33013
33014
33016
33023
33025
33027
33030
33032
33034
33037
33038
33041
33044
33047
33050
33053
33054
33056
33057
33060
33062
33064
33069
33070
33073
33078
33079
33084
33087
33089
33093
33095
33097
33100
33101
33103
33107
33109
33112
33113
33114
33116
33119
33124
33126
33128
33130
33131
33132
33136
33139
33142
33144
33146
33152
33154
33157
33160
33161
33165
33166
33167
33169
33170
33173
33176
33179
33182
33183
33187
33191
33195
33196
33198
33199
33202
33204
33211
33220
33231
33234
33250
33252
33255
33256
33257
33259
33261
33263
33265
33268
33270
33276
33279
33282
33285
33288
33290
33291
33293
33294
33296
33298
33319
33320
33321
33329
33331
33354
33355
33358
33359
33364
33369
33373
33378
33383
33385
33387
33388
33390
33393
33401
33412
33415
33416
33418
33422
33428
33433
33434
33477
33479
33482
33486
33505
33512
33536
33537
33542
33545
33546
33548
33551
33558
33572
33575
33577
33580
33581
33586
33588
33591
33592
33594
33610
33641
33734
33736
33738
33739
33746
33783
33794
33799
33800
33802
33804
33807
33812
33813
33842
33852
33853
33886
33888
33894
33897
33901
33904
33908
33910
33913
33914
33922
33923
33929
33930
33941
33947
33951
33955
33956
33958
33960
33961
33964
33965
33969
33971
33972
33996
33997
34006
34012
34018
34019
34029
34031
34033
34035
34037
34038
34039
34044
34047
34052
34055
34056
34060
34062
34063
34064
34066
34071
34073
34075
34077
34081
34082
34089
34100
34102
34105
34106
34108
34111
34114
34117
34119
34126
34129
34131
34134
34137
34142
34144
34146
34148
34151
34152
34154
34157
34158
34160
34161
34163
34164
34166
34167
34169
34171
34176
34183
34188
34189
34190
34192
34196
34198
34199
34200
34215
34227
34229
34235
34240
34241
34242
34248
34252
34254
34255
34256
34258
34260
34263
34265
34267
34270
34272
34275
34279
34282
34283
34286
34288
34289
34291
34293
34294
34315
34344
34390
34420
34464
34466
34469
34477
34478
34480
34483
34551
34553
34556
34557
34558
34623
34625
34626
34627
34628
34631
34646
34671
34673
34676
34684
34686
34699
34703
34706
34709
34713
34717
34718
34720
34723
34725
34729
34731
34739
34740
34744
34751
34752
34759
34760
34761
34762
34803
34805
34844
34856
34885
34889
34905
34906
34912
34916
34917
34920
34924
34955
34956
34957
34959
34960
34964
34965
34969
34970
34972
34973
34976
34977
34979
34997
35002
35009
35014
35016
35019
35045
35056
35057
35062
35063
35065
35067
35068
35069
35072
35074
35105
35110
35111
35113
35114
35117
35119
35121
35124
35125
35129
35130
35131
35133
35134
35135
35137
35141
35148
35152
35153
35156
35161
35163
35164
35168
35169
35171
35175
35176
35178
35180
35184
35186
35187
35188
35194
35195
35198
35201
35202
35204
35206
35208
35211
35212
35213
35217
35220
35222
35224
35228
35229
35231
35232
35234
35255
35282
35323
35325
35332
35333
35338
35345
35346
35357
35398
35469
35493
35495
35496
35499
35503
35505
35510
35512
35514
35516
35518
35521
35522
35524
35526
35529
35536
35538
35539
35542
35544
35545
35549
35551
35553
35556
35558
35560
35562
35565
35570
35571
35572
35574
35575
35578
35579
35581
35583
35585
35588
35590
35591
35592
35594
35597
35599
35603
35605
35607
35609
35618
35653
35682
35709
35715
35718
35719
35721
35725
35733
35736
35738
35742
35745
35747
35753
35754
35757
35760
35775
35816
35828
35830
35832
35835
35839
35841
35844
35848
35951
36002
36015
36027
36028
36030
36031
36052
36067
36101
36103
36104
36105
36110
36113
36114
36116
36117
36118
36157
36172
36187
36189
36266
36268
36271
36326
36424
36429
36431
36434
36436
36442
36443
36445
36454
36465
36468
36480
36484
36485
36493
36496
36497
36499
36500
36502
36506
36507
36509
36510
36516
36517
36521
36524
36531
36544
36547
36548
36551
36571
36672
36680
36766
36777
36783
36784
36799
36804
36814
36831
36838
36839
36842
36852
36858
36862
36874
36883
36884
37008
37030
37072
37098
37168
37202
37210
37230
37241
37245
37246
37250
37251
37253
37254
37256
37261
37262
37263
37264
37266
37268
37271
37272
37274
37278
37280
37282
37286
37288
37306
37423
37426
37440
37452
37453
37459
37460
37462
37470
37474
37476
37486
37487
37488
37490
37503
37539
37569
37639
37665
37704
37706
37765
37807
37866
37887
37888
37892
37895
37899
37900
37901
37903
37904
37910
37911
37912
37915
37918
37920
37924
37925
37930
37932
37939
37942
37944
37945
37947
37956
37957
37958
37959
37961
37963
37967
37968
37971
37972
37973
37976
37981
37982
37984
38124
38196
38207
38226
38317
38320
38321
38322
38355
38357
38358
38359
38361
38364
38365
38368
38370
38371
38376
38377
38379
38383
38384
38385
38386
38388
38389
38392
38395
38396
38398
38401
38403
38408
38409
38413
38416
38417
38419
38421
38422
38424
38425
38446
38495
38518
38546
38547
38599
38645
38651
38655
38656
38660
38664
38667
38678
38681
38682
38685
38691
38693
38698
38699
38705
38708
38719
38722
38725
38727
38730
38736
38737
38754
38771
38829
38852
38862
38864
38866
38871
38884
38898
38899
38903
38907
38911
38914
38918
38921
38924
38928
38931
38932
38933
38936
38937
38939
38942
38944
38945
38950
38952
38955
38957
38962
38965
38966
38972
38974
38975
38977
38978
38980
38981
38983
38984
38986
38991
38994
38996
38998
39001
39003
39005
39009
39011
39015
39022
39049
39079
39128
39131
39145
39159
39192
39242
39346
39356
39384
39412
39414
39416
39417
39420
39461
39464
39469
39472
39473
39506
39575
39590
39611
39632
39653
39662
39663
39666
39729
39803
39806
39810
39881
39927
39948
39956
39961
39963
39966
39969
39973
39976
39983
39985
39987
39992
39999
40031
40081
40086
40114
40115
40124
40167
40170
40192
40208
40221
40224
40227
40230
40233
40239
40264
40271
40285
40356
40371
40408
40423
40462
40471
40474
40479
40481
40488
40491
40495
40497
40501
40502
40503
40510
40512
40514
40517
40524
40525
40564
40566
40568
40571
40579
40582
40583
40584
40586
40589
40590
40591
40596
40601
40606
40609
40611
40612
40614
40622
40623
40626
40628
40630
40632
40637
40639
40640
40641
40643
40645
40646
40647
40648
40653
40658
40659
40660
40661
40664
40665
40680
40684
40686
40689
40691
40724
40819
40821
40822
40825
40826
40827
40829
40831
40833
40834
40836
40840
40842
40844
40846
40848
40850
40855
40857
40858
40860
40861
40864
40865
40868
40872
40873
40874
40876
40878
40882
40885
40886
40887
40888
40889
40891
40893
40895
40897
40953
40955
41019
41020
41021
41022
41024
41039
41060
41081
41084
41085
41087
41089
41090
41093
41095
41097
41098
41101
41102
41103
41104
41106
41109
41111
41115
41120
41122
41125
41128
41133
41135
41138
41139
41140
41161
41165
41169
41172
41175
41176
41179
41180
41182
41184
41186
41188
41189
41191
41194
41195
41199
41201
41202
41208
41221
41311
41365
41373
41376
41377
41519
41549
41584
41585
41586
41587
41590
41703
41704
41705
41710
41755
41845
41874
41884
41906
41949
41986
41990
41991
41993
41995
41996
41997
42003
42006
42007
42008
42010
42012
42015
42016
42019
42021
42022
42024
42026
42028
42030
42032
42033
42035
42040
42041
42045
42048
42061
42064
42076
42081
42084
42088
42090
42092
42093
42098
42100
42102
42113
42117
42119
42121
42127
42128
42130
42134
42137
42138
42140
42141
42142
42143
42144
42147
42149
42152
42153
42158
42159
42162
42166
42167
42168
42170
42175
42181
42194
42218
42223
42226
42227
42247
42254
42255
42264
42267
42270
42272
42274
42275
42277
42280
42285
42288
42289
42291
42294
42296
42299
42301
42303
42307
42308
42313
42314
42316
42318
42322
42323
42324
42326
42327
42328
42332
42336
42338
42339
42344
42347
42349
42350
42352
42353
42356
42363
42365
42366
42373
42377
42382
42386
42389
42391
42394
42396
42397
42398
42401
42405
42407
42408
42413
42416
42418
42419
42423
42428
42435
42437
42439
42440
42443
42444
42447
42451
42457
42458
42462
42463
42466
42467
42469
42471
42474
42476
42479
42482
42483
42491
42492
42496
42497
42498
42501
42504
42506
42509
42512
42523
42593
42598
42604
42612
42619
42621
42624
42626
42627
42634
42641
42645
42649
42652
42655
42656
42659
42663
42666
42669
42677
42678
42679
42685
42687
42690
42692
42693
42698
42702
42705
42708
42709
42723
42759
42776
42790
42842
42902
42912
42929
42930
42931
42932
42934
42936
42939
42940
42941
42943
42947
42950
42951
42956
42960
42962
42965
42966
42968
42972
42973
42974
43073
43124
43126
43156
43160
43162
43236
43324
43329
43365
43376
43413
43435
43454
43456
43460
43463
43471
43497
43498
43499
43501
43504
43505
43517
43535
43537
43538
43551
43552
43553
43602
43618
43622
43623
43628
43631
43635
43637
43639
43640
43642
43644
43681
43702
43703
43730
43736
43742
43759
43762
43764
43767
43768
43774
43782
43783
43831
43897
43926
43938
43996
43997
44000
44002
44007
44010
44017
44020
44024
44026
44031
44036
44038
44039
44042
44044
44052
44056
44058
44059
44062
44064
44065
44066
44112
44372
44390
44454
44473
44475
44491
44547
44548
44549
44552
44554
44555
44557
44560
44563
44564
44565
44571
44573
44575
44576
44578
44580
44585
44589
44591
44596
44597
44603
44604
44608
44609
44729
44765
44877
45048
45146
45148
45151
45197
45209
45229
45230
45300
45302
45304
45305
45309
45318
45333
45342
45343
45347
45349
45352
45421
45422
45426
45430
45431
45434
45436
45438
45442
45445
45447
45448
45450
45455
45457
45458
45460
45461
45464
45467
45469
45470
45471
45473
45474
45518
45519
45521
45522
45525
45526
45528
45530
45531
45537
45538
45542
45543
45545
45547
45549
45612
45613
45627
45633
45640
45641
45646
45689
45692
45695
45834
45881
45886
45889
45892
45894
45895
45899
45901
45902
45905
45906
45907
45910
45911
45912
45913
45916
45919
45920
45922
45923
45924
45926
45932
45936
45938
45941
45942
45944
45945
46027
46044
46046
46062
46064
46065
46090
46092
46096
46111
46112
46118
46120
46122
46124
46126
46146
46148
46152
46158
46161
46162
46163
46165
46167
46174
46255
46262
46263
46290
46320
46391
46410
46437
46438
46443
46448
46450
46451
46453
46455
46457
46458
46462
46463
46465
46470
46473
46475
46477
46478
46479
46481
46484
46485
46490
46491
46493
46497
46498
46501
46503
46504
46505
46508
46537
46625
46636
46828
46831
46839
46840
46845
46850
46851
46853
46854
46857
46870
46920
46924
46927
46930
46932
46934
46935
46940
46943
46949
46951
46953
46956
46957
46959
46961
46962
46967
46968
46975
46976
46978
46980
46982
46983
47005
47019
47024
47027
47053
47057
47060
47075
47079
47086
47087
47091
47093
47094
47096
47098
47101
47105
47108
47112
47116
47119
47120
47121
47123
47127
47128
47204
47387
47485
47576
47627
47771
47844
47999
48000
48008
48009
48010
48014
48019
48028
48029
48031
48033
48040
48041
48045
48052
48057
48064
48066
48068
48089
48109
48110
48114
48115
48117
48126
48138
48140
48141
48144
48145
48148
48150
48152
48154
48156
48157
48158
48160
48162
48163
48164
48169
48173
48174
48175
48178
48180
48186
48188
48189
48190
48193
48195
48197
48200
48203
48204
48206
48207
48211
48212
48215
48217
48220
48222
48224
48226
48227
48228
48229
48231
48234
48239
48241
48291
48298
48305
48310
48316
48320
48323
48350
48352
48374
48412
48414
48416
48423
48427
48434
48438
48441
48444
48445
48449
48450
48451
48480
48484
48492
48497
48498
48499
48500
48503
48504
48600
48631
48672
48683
48726
48735
48739
48740
48743
48747
48750
48772
48775
48776
48781
48783
48786
48789
48794
48797
48804
48806
48812
48838
48935
48941
48948
49017
49030
49035
49139
49157
49163
49191
49207
49208
49211
49223
49224
49230
49233
49234
49236
49239
49287
49298
49300
49397
49415
49453
49455
49462
49464
49469
49474
49475
49477
49479
49484
49487
49491
49492
49498
49500
49554
49571
49638
49652
49845
49890
49947
49983
50075
50078
50082
50083
50084
50086
50087
50088
50092
50096
50117
50118
50120
50123
50125
50127
50129
50169
50254
50259
50260
50270
50299
50302
50303
50310
50312
50314
50315
50317
50321
50322
50323
50324
50327
50331
50341
50347
50351
50383
50397
50402
50409
50413
50414
50415
50417
50423
50425
50427
50430
50434
50440
50449
50451
50461
50537
50541
50546
50548
50550
50555
50562
50569
50595
50598
50627
50634
50636
50637
50638
50639
50645
50665
50747
50748
50750
50751
50883
50900
50908
50928
50975
51096
51098
51106
51119
51126
51138
51158
51164
51166
51168
51170
51172
51181
51183
51184
51185
51186
51188
51190
51196
51199
51202
51205
51217
51220
51227
51230
51231
51235
51237
51240
51246
51298
51491
51492
51512
51526
51534
51541
51578
51607
51627
51636
51640
51645
51667
51680
51682
51683
51686
51697
51720
51755
51756
51757
51759
51762
51786
51788
51789
51861
51876
51877
51879
51883
51884
51886
51888
51890
51894
51897
51900
51903
51906
51907
51911
51912
51913
51940
51944
51947
51949
51951
51953
51954
51980
51981
51984
51986
51988
51989
51994
52011
52076
52128
52131
52134
52139
52140
52175
52235
52238
52240
52243
52246
52247
52250
52260
52308
52379
52380
52402
52406
52408
52413
52416
52417
52419
52424
52425
52429
52431
52432
52439
52443
52444
52447
52450
52458
52460
52462
52464
52466
52468
52471
52474
52477
52479
52486
52491
52495
52567
52720
52734
52824
52837
52845
52847
52850
52860
52935
52939
52945
52948
52949
53010
53074
53276
53279
53281
53286
53295
53298
53300
53333
53360
53396
53405
53427
53428
53431
53458
53459
53468
53469
53470
53541
53542
53546
53551
53553
53567
53569
53570
53579
53580
53677
53807
53838
53855
53910
53954
53995
54003
54019
54022
54023
54026
54031
54032
54036
54038
54040
54051
54053
54054
54060
54064
54070
54071
54074
54079
54080
54081
54084
54129
54134
54213
54244
54251
54387
54542
54545
54546
54561
54565
54568
54571
54575
54578
54580
54582
54585
54589
54592
54593
54595
54596
54601
54608
54617
54624
54625
54631
54633
54638
54641
54643
54644
54646
54648
54651
54654
54658
54660
54662
54667
54668
54671
54677
54684
54701
54703
54717
54766
54768
54805
54829
54852
54883
54915
54918
54919
54920
54922
54973
55127
55168
55174
55175
55176
55180
55183
55184
55379
55462
55748
55870
55925
55952
55955
56001
56034
56040
56041
56064
56102
56106
56182
56195
56202
56278
56281
56427
56478
56550
56607
56749
56797
56904
56911
56912
56914
56917
56919
56923
56925
56928
56929
56932
56936
57083
57145
57169
57197
57201
57204
57205
57206
57214
57245
57283
57308
57309
57321
57325
57540
57601
57667
57669
57672
57676
57684
57686
57699
57701
57713
57718
57736
57737
57738
57741
57744
57748
57751
57754
57755
57758
57760
57762
57765
57767
57804
57875
57882
58008
58012
58019
58026
58030
58035
58045
58046
58052
58054
58057
58059
58060
58096
58194
58196
58218
58219
58222
58223
58280
58288
58299
58312
58314
58329
58331
58334
58336
58340
58343
58346
58360
58369
58373
58387
58404
58446
58456
58463
58473
58476
58478
58488
58490
58491
58667
58674
58680
58684
58685
58693
58701
58703
58716
58791
58792
58797
58798
58805
58808
58809
58811
58817
58819
58894
59044
59049
59156
59369
59452
59572
59652
59654
59658
59659
59781
59828
59839
59842
59852
59854
59987
60004
60005
60015
60020
60021
60024
60028
60030
60032
60042
60111
60324
60409
60500
60579
60580
60581
60582
60586
60587
60598
60604
60609
60616
60619
60620
60622
60627
60630
60631
60632
60638
60647
60652
60660
60661
60668
60669
60672
60677
60679
60684
60689
60692
60697
60702
60709
60710
60714
60720
60722
60723
60729
60731
60735
60739
60741
60744
60746
60749
60751
60753
60758
60766
60768
60771
60772
60775
60781
60783
60784
60785
60890
60892
60895
60904
60906
60912
60921
60923
60933
60935
60937
60940
60948
60951
60953
60956
60958
60960
60961
60975
60978
60988
60991
60994
60997
60998
61042
61053
61055
61060
61061
61065
61066
61068
61074
61167
61205
61210
61212
61214
61215
61217
61219
61221
61223
61225
61227
61229
61233
61241
61279
61286
61317
61366
61438
61439
61447
61449
61450
61452
61516
61560
61567
61573
61575
61579
61581
61583
61586
61591
61597
61599
61620
61625
61627
61629
61631
61636
61637
61641
61645
61654
61655
61691
61738
61740
61743
61745
61752
61802
61831
61833
61861
61864
61866
61871
61877
61879
61882
61884
61886
61887
61889
61890
61896
61897
61898
61899
61901
61904
61906
61911
61914
61915
61983
62230
62443
62681
62725
62774
62794
62797
62798
62810
62817
62931
62935
62939
62952
63462
63463
63465
63467
63566
63875
63985
64064
64213
64235
64280
64298
64308
64312
64336
64342
64423
64525
64577
64593
64603
64604
64607
64664
64670
64707
64728
64780
64879
64881
64886
64977
64987
64995
65036
65204
65391
65418
65685
65734
65755
65772
66254
66258
66260
66261
66270
66272
66275
66389
66391
66392
66393
66395
66412
66744
66754
66758
66883
66885
66898
66906
66909
66910
66911
66912
66914
66915
66920
66921
66923
66927
66928
66931
66973
67095
67096
67103
67105
67109
67112
67115
67129
67136
67152
67174
67177
67199
67263
67529
67530
67535
67536
67540
67545
67546
67551
67553
67557
67611
67624
67627
67630
67644
67646
67650
67652
67653
67662
67674
67703
67707
67714
67718
67721
67722
67726
67727
67729
67730
67731
67732
67734
67736
67738
67743
67744
67749
67752
67755
67756
67758
67760
67764
67767
67776
67779
67780
67781
67784
67786
67788
67790
67791
67795
67797
67803
67860
68082
68251
68352
68822
68828
68852
68855
68858
68859
68860
68864
68877
68882
68890
68891
68895
68896
68900
68904
68906
68909
68910
69118
69174
69176
69179
69180
69182
69214
69232
69234
69237
69245
69283
69287
69289
69333
69338
69340
69366
69378
69385
69507
69508
69528
69716
69995
70265
70404
70504
70553
70592
70595
70597
70599
70601
70627
70631
70633
71247
71306
71353
71403
71408
71422
71426
71433
71435
71556
71600
71629
71644
71766
71860
71879
71903
71905
71906
71908
72108
72117
72123
72126
72133
72138
72141
72142
72146
72147
72156
72163
72164
72165
72171
72263
72266
72269
72273
72277
72282
72327
72793
72794
72796
72797
72999
73016
73018
73020
73024
73111
73113
73115
73116
73190
73209
73211
73213
73237
73240
73249
73298
73421
73424
73824
73854
74125
74127
74130
74131
74136
74146
74219
74223
74234
74237
74544
74551
74567
74605
74636
74673
74702
74705
74798
75006
75319
75415
75566
75621
75629
75675
75692
75753
75755
75904
76129
76274
76277
76279
76283
76285
76286
76288
76292
76295
76296
76473
76474
76690
76767
77086
77206
77419
77592
77634
77737
77755
77864
77963
78024
78060
78179
78183
78216
78219
78234
78433
78435
78443
78471
78588
78715
78861
78948
79068
79148
79616
79804
79881
79992
