0
1
2
3
5
6
7
9
10
14
22
57
64
76
79
83
94
95
97
99
101
103
134
136
139
147
150
167
170
177
179
183
186
190
193
195
197
199
201
202
207
211
213
215
217
220
227
233
235
242
244
248
299
316
318
323
334
340
341
387
388
399
407
436
439
440
443
444
445
447
448
450
451
452
455
456
457
459
461
462
466
468
475
499
501
502
503
505
508
512
513
516
518
519
521
523
524
525
527
529
532
533
534
538
546
547
561
570
591
602
603
606
639
641
665
685
688
693
699
710
711
724
728
731
762
765
777
782
795
797
805
807
811
817
818
822
832
846
864
865
867
868
869
873
874
917
918
938
949
955
968
982
993
1007
1013
1015
1016
1022
1047
1082
1093
1108
1122
1133
1140
1147
1151
1152
1155
1171
1194
1195
1197
1198
1199
1200
1210
1213
1252
1259
1260
1261
1264
1266
1269
1271
1272
1274
1277
1279
1280
1281
1294
1329
1336
1340
1367
1376
1377
1379
1381
1383
1403
1409
1414
1448
1458
1461
1489
1494
1495
1505
1517
1521
1522
1523
1528
1533
1544
1580
1594
1602
1624
1645
1647
1661
1664
1665
1680
1682
1683
1687
1690
1691
1693
1695
1696
1699
1700
1704
1719
1737
1742
1743
1745
1747
1748
1750
1769
1772
1773
1813
1835
1839
1841
1842
1845
1848
1851
1853
1856
1858
1860
1861
1867
1869
1870
1884
1888
1890
1893
1902
1952
1976
1979
1990
2015
2018
2019
2022
2028
2042
2048
2067
2069
2076
2081
2098
2100
2106
2114
2140
2153
2159
2160
2166
2172
2199
2224
2240
2251
2252
2258
2283
2327
2330
2357
2369
2372
2411
2444
2445
2454
2463
2482
2485
2489
2491
2493
2496
2499
2500
2505
2507
2515
2518
2523
2524
2539
2540
2559
2566
2587
2604
2609
2622
2630
2633
2647
2686
2689
2692
2695
2700
2701
2702
2718
2723
2725
2728
2733
2765
2767
2769
2772
2773
2774
2778
2779
2783
2785
2814
2819
2825
2874
2883
2939
2951
2968
2977
2995
3026
3027
3083
3096
3105
3123
3126
3127
3142
3151
3157
3182
3233
3242
3272
3292
3309
3339
3357
3370
3372
3375
3401
3404
3407
3410
3422
3434
3446
3459
3469
3472
3475
3478
3493
3497
3508
3533
3540
3555
3563
3565
3571
3573
3615
3616
3621
3650
3652
3653
3655
3657
3658
3671
3676
3679
3680
3744
3752
3763
3767
3771
3775
3776
3813
3826
3844
3848
3868
3869
3891
3901
3921
3928
3937
3946
3973
4000
4017
4022
4026
4030
4038
4072
4086
4092
4103
4117
4177
4188
4216
4220
4230
4231
4232
4257
4267
4276
4287
4296
4305
4311
4314
4318
4341
4358
4362
4406
4408
4410
4413
4415
4424
4440
4445
4457
4462
4490
4502
4549
4555
4558
4566
4570
4584
4621
4624
4639
4658
4688
4691
4703
4725
4754
4764
4794
4805
4807
4820
4847
4869
4890
4907
4913
4923
4959
4981
4993
5014
5053
5056
5072
5073
5092
5099
5123
5146
5147
5148
5162
5178
5183
5216
5258
5281
5286
5295
5320
5357
5363
5370
5377
5401
5456
5457
5482
5486
5493
5512
5527
5536
5539
5543
5544
5571
5593
5594
5602
5615
5634
5638
5642
5647
5662
5687
5691
5693
5697
5733
5736
5764
5766
5777
5783
5787
5809
5816
5827
5847
5851
5888
5898
5900
5907
5919
5924
5939
5947
5951
5956
5968
5976
5983
6014
6015
6043
6050
6062
6083
6115
6118
6128
6131
6132
6134
6137
6140
6143
6145
6149
6153
6155
6158
6202
6229
6248
6260
6275
6284
6290
6292
6301
6317
6337
6358
6415
6422
6482
6525
6530
6545
6565
6598
6613
6628
6649
6654
6667
6680
6707
6721
6745
6748
6753
6756
6769
6783
6830
6848
6855
6925
6940
6949
6968
6997
7061
7063
7084
7093
7097
7098
7116
7161
7176
7181
7187
7190
7192
7202
7260
7269
7270
7272
7287
7316
7348
7351
7375
7381
7386
7398
7426
7431
7483
7502
7505
7539
7572
7591
7592
7600
7619
7671
7715
7732
7743
7752
7779
7804
7830
7848
7911
7915
7929
7930
7932
7933
7940
7943
7947
7959
7966
7968
8012
8016
8024
8029
8031
8032
8033
8041
8091
8112
8113
8124
8152
8175
8178
8185
8192
8205
8212
8218
8228
8231
8232
8236
8244
8249
8251
8254
8256
8258
8261
8263
8264
8269
8272
8274
8275
8280
8285
8286
8289
8291
8296
8303
8304
8320
8332
8403
8426
8440
8443
8447
8459
8467
8480
8500
8501
8502
8523
8530
8563
8564
8578
8587
8590
8593
8604
8640
8642
8645
8680
8705
8760
8768
8771
8778
8809
8845
8870
8875
8897
8965
9007
9032
9034
9043
9074
9095
9104
9141
9181
9202
9204
9205
9247
9268
9289
9315
9360
9376
9378
9384
9398
9448
9450
9452
9456
9466
9468
9471
9472
9479
9485
9504
9547
9557
9576
9607
9669
9680
9683
9700
9725
9748
9772
9773
9777
9789
9797
9842
9844
9852
9873
9879
9906
9914
9955
9957
9960
9988
10008
10023
10056
10062
10097
10176
10179
10195
10214
10215
10239
10250
10252
10253
10255
10292
10305
10345
10347
10348
10381
10418
10439
10450
10463
10479
10511
10526
10533
10534
10550
10592
10624
10634
10685
10713
10724
10730
10731
10745
10747
10755
10763
10809
10817
10862
10923
10926
10960
10987
11046
11047
11051
11098
11137
11151
11155
11165
11166
11187
11195
11197
11207
11243
11267
11301
11312
11320
11341
11395
11397
11398
11407
11418
11438
11473
11516
11522
11530
11531
11569
11595
11624
11630
11634
11661
11664
11665
11680
11732
11733
11791
11794
11805
11809
11816
11825
11837
11839
11888
11919
11939
11944
11947
11959
11972
12004
12015
12021
12024
12032
12074
12096
12110
12156
12189
12279
12297
12326
12341
12349
12386
12390
12420
12456
12468
12501
12549
12594
12606
12617
12634
12674
12731
12755
12782
12834
12893
12902
12929
12941
12967
12978
13006
13011
13046
13105
13127
13144
13288
13367
13403
13498
13531
13568
13605
13667
13694
13756
13810
13835
13884
13897
13900
13917
13930
13933
13975
13991
14058
14072
14076
14105
14107
14118
14135
14156
14174
14196
14252
14254
14287
14291
14294
14334
14341
14357
14400
14447
14454
14479
14481
14529
14631
14729
14787
14793
14818
14843
14931
14950
14978
14996
15171
15174
15325
15344
15352
15385
15470
15557
15569
15583
15644
15741
15815
15869
15921
