0
2
9
11
12
22
23
29
40
42
48
51
53
85
101
105
109
115
119
124
125
131
143
147
156
157
158
162
170
196
207
224
239
257
259
261
268
279
285
292
306
315
347
358
389
401
406
412
421
428
441
442
447
454
460
463
464
476
495
496
515
531
533
539
548
551
552
557
577
582
586
589
601
602
619
637
641
662
680
686
687
689
701
703
704
719
739
748
754
757
766
775
790
796
797
808
831
841
844
847
853
856
859
864
865
885
894
903
907
913
922
941
957
981
983
986
1018
1021
1024
1042
1046
1068
1074
1110
1111
1122
1135
1140
1161
1170
1180
1193
1202
1205
1208
1217
1229
1239
1240
1242
1257
1258
1259
1283
1311
1345
1361
1379
1384
1398
1399
1433
1434
1439
1443
1453
1465
1478
1488
1518
1528
1536
1542
1543
1555
1576
1607
1643
1649
1650
1661
1680
1694
1727
1750
1752
1758
1764
1765
1773
1791
1795
1807
1810
1816
1823
1837
1852
1854
1855
1859
1880
1885
1889
1907
1917
1935
1940
1947
1948
1951
1966
2002
2016
2034
2047
2056
2081
2098
2105
2118
2120
2133
2143
2166
2170
2182
2230
2231
2278
2283
2289
2293
2315
2331
2336
2337
2344
2346
2348
2351
2359
2362
2364
2383
2384
2393
2433
2440
2443
2451
2463
2485
2497
2498
2515
2521
2550
2555
2556
2565
2572
2586
2600
2627
2634
2639
2703
2712
2723
2724
2729
2742
2746
2755
2764
2771
2779
2780
2792
2806
2819
2826
2834
2838
2855
2862
2864
2872
2876
2917
2927
2943
2964
2974
2981
2984
3000
3027
3028
3029
3032
3035
3055
3100
3104
3105
3149
3150
3160
3167
3202
3229
3239
3241
3242
3243
3246
3248
3250
3255
3262
3285
3298
3342
3353
3365
3390
3403
3428
3440
3442
3448
3465
3516
3525
3536
3538
3544
3548
3562
3564
3578
3580
3590
3594
3596
3608
3612
3623
3624
3636
3648
3662
3668
3692
3696
3706
3727
3730
3734
3745
3748
3754
3763
3808
3814
3821
3825
3839
3844
3861
3864
3873
3885
3955
3957
3975
3978
3980
3988
3992
4019
4044
4045
4057
4070
4072
4103
4105
4177
4181
4186
4190
4203
4219
4230
4231
4232
4236
4253
4263
4266
4270
4287
4289
4312
4328
4329
4345
4347
4356
4369
4379
4384
4385
4388
4401
4422
4424
4437
4456
4472
4474
4480
4485
4495
4505
4511
4520
4531
4546
4563
4570
4578
4611
4647
4648
4681
4727
4749
4758
4776
4783
4789
4794
4795
4800
4840
4844
4863
4882
4893
4902
4945
4955
4957
4962
4965
4990
5028
5033
5035
5041
5052
5095
5106
5132
5161
5198
5200
5229
5239
5247
5273
5283
5319
5330
5339
5344
5351
5363
5405
5414
5480
5506
5508
5512
5513
5584
5610
5634
5649
5652
5678
5704
5706
5724
5729
5735
5738
5792
5811
5817
5838
5850
5854
5884
5904
5914
5915
5923
5967
5988
5995
5996
6031
6032
6043
6071
6082
6083
6096
6113
6184
6202
6215
6218
6266
6292
6337
6370
6379
6380
6385
6386
6387
6407
6445
6446
6447
6449
6466
6467
6469
6473
6503
6504
6558
6570
6585
6598
6603
6615
6648
6670
6671
6674
6684
6709
6732
6755
6759
6767
6774
6777
6788
6844
6867
6877
6906
6955
6987
6997
7003
7021
7047
7090
7108
7143
7144
7165
7218
7221
7225
7252
7257
7314
7349
7351
7417
7423
7484
7486
7521
7566
7573
7579
7677
7693
7726
7750
7783
7801
7885
7897
7918
7953
7961
7962
7984
7989
8115
8145
8167
8203
8206
8217
8296
8312
8333
8390
8391
8404
8445
8477
8489
8501
8522
8550
8619
8699
8834
8872
8898
8905
8906
8989
9069
9114
9120
9260
9394
9463
9472
9475
9507
9557
9558
9560
9647
9648
9672
9809
9848
9886
