0 19
1 19
2 19
3 19
0 10
0 1
4 19
0 37
1 37
0 30
2 37
3 37
1 30
2 30
0 18
0 21
0 26
1 1
0 28
3 30
4 30
2 44
0 44
1 10
2 10
4 37
1 18
2 18
1 21
0 47
2 40
1 44
2 31
0 24
0 17
1 26
1 28
3 18
1 47
1 24
2 39
0 40
2 26
0 11
2 1
2 47
2 11
3 1
2 28
1 40
3 10
0 6
0 43
3 40
2 43
2 24
0 3
1 6
0 35
1 17
1 11
2 38
2 17
0 12
0 32
2 6
4 18
1 35
2 35
3 35
1 3
2 27
3 31
0 49
1 43
0 23
3 43
0 5
0 38
2 8
2 5
3 11
2 21
4 35
4 11
3 6
4 10
3 44
4 40
3 47
1 23
1 5
1 12
0 34
3 5
2 23
0 25
2 3
3 3
4 3
3 23
3 21
1 38
3 38
2 49
1 34
0 42
1 25
2 41
0 27
2 12
1 32
4 5
4 43
0 22
0 39
2 25
1 42
2 32
3 25
1 27
3 26
2 13
1 22
4 1
0 48
4 25
2 14
0 41
4 44
1 39
4 23
4 38
1 48
0 29
2 22
2 34
3 27
3 22
1 29
0 14
2 7
3 7
0 46
3 24
1 41
1 14
2 29
0 9
2 48
0 16
1 49
4 26
3 48
2 2
2 42
1 46
3 12
0 13
3 29
3 42
0 20
3 39
1 9
2 46
3 32
3 14
0 0
4 48
4 14
0 2
1 20
1 13
3 41
3 17
0 15
2 20
4 42
0 4
4 7
3 20
4 21
3 13
1 4
4 32
3 46
1 15
4 17
4 12
0 8
1 8
2 9
4 47
2 15
1 16
4 20
4 13
0 31
1 31
3 2
4 24
4 6
0 36
4 22
4 39
2 16
4 29
4 31
1 2
0 45
4 41
1 0
4 46
2 4
4 27
3 34
3 15
3 8
4 34
1 45
1 36
3 9
4 15
2 36
3 16
3 28
0 33
4 28
2 0
3 4
3 49
4 4
2 45
0 7
4 2
1 33
4 49
1 7
2 33
4 8
3 45
3 36
4 16
4 45
3 33
4 36
4 9
3 0
4 33
4 0

Score: 133.08999999999904