0
83
84
86
90
93
94
101
102
105
107
108
109
116
119
125
128
132
133
135
136
139
141
144
145
150
152
153
162
164
165
167
170
172
175
179
180
184
185
186
192
195
198
200
204
205
209
211
212
215
216
217
218
222
225
229
230
232
234
235
237
240
241
244
246
247
249
253
254
255
257
258
259
261
263
267
268
270
272
275
276
279
281
283
285
288
291
293
297
301
302
304
305
307
308
310
311
313
314
315
317
318
322
323
324
326
331
342
345
347
348
351
353
356
357
358
360
365
367
371
373
375
378
381
383
386
387
389
390
392
393
394
395
396
398
401
403
404
406
408
409
411
412
416
422
427
429
431
435
436
437
441
443
444
446
447
449
450
456
457
459
465
467
470
471
474
477
479
482
508
514
515
517
519
520
584
585
587
588
589
590
591
595
597
599
602
603
604
609
614
615
625
651
652
653
656
658
660
661
664
665
669
670
675
676
678
679
680
685
686
689
690
693
695
699
700
703
707
708
713
717
718
719
723
726
727
728
731
733
736
738
739
741
743
746
749
751
758
759
760
761
762
763
765
766
768
769
770
772
773
777
780
781
783
785
787
790
791
793
795
796
799
803
804
807
808
809
812
815
816
818
830
833
834
835
839
843
849
850
854
855
857
858
860
862
866
868
869
872
873
875
878
882
885
886
887
888
893
895
898
899
900
904
906
908
910
912
916
918
920
921
922
924
926
928
932
933
935
937
939
940
941
942
944
947
948
949
951
952
956
958
959
960
961
965
968
972
973
975
978
979
982
991
992
994
1003
1004
1005
1006
1011
1013
1016
1017
1021
1023
1026
1027
1031
1042
1043
1045
1046
1047
1049
1052
1057
1060
1061
1063
1065
1068
1069
1071
1076
1078
1079
1081
1082
1083
1085
1086
1087
1089
1092
1093
1097
1101
1103
1106
1107
1109
1110
1112
1113
1115
1123
1124
1126
1127
1129
1131
1132
1134
1136
1138
1142
1148
1152
1154
1155
1159
1161
1165
1170
1175
1185
1187
1188
1192
1193
1194
1198
1203
1205
1206
1207
1208
1209
1211
1215
1223
1225
1227
1230
1232
1234
1235
1237
1238
1239
1243
1250
1253
1256
1258
1259
1262
1264
1265
1270
1274
1278
1282
1284
1289
1291
1294
1296
1299
1300
1303
1306
1311
1314
1315
1317
1321
1324
1325
1327
1330
1331
1334
1338
1344
1355
1357
1363
1366
1368
1371
1376
1379
1380
1383
1385
1395
1396
1401
1407
1412
1413
1416
1417
1419
1423
1425
1428
1430
1433
1434
1435
1436
1439
1440
1443
1448
1452
1453
1455
1458
1459
1460
1462
1463
1465
1467
1469
1470
1471
1473
1474
1479
1481
1482
1483
1485
1493
1498
1499
1500
1503
1505
1507
1508
1510
1511
1514
1515
1517
1518
1519
1523
1525
1527
1532
1536
1537
1539
1541
1544
1545
1547
1548
1550
1554
1558
1562
1565
1568
1571
1572
1576
1578
1579
1583
1585
1586
1587
1589
1590
1591
1597
1598
1601
1602
1604
1606
1608
1611
1615
1617
1620
1623
1627
1630
1632
1634
1635
1636
1639
1641
1645
1648
1650
1652
1653
1655
1656
1657
1658
1660
1663
1665
1666
1669
1670
1671
1673
1674
1675
1679
1683
1687
1689
1693
1694
1697
1698
1700
1702
1705
1707
1708
1710
1714
1719
1721
1722
1724
1727
1731
1733
1734
1736
1738
1739
1742
1743
1745
1748
1749
1750
1751
1753
1754
1758
1759
1760
1765
1766
1768
1770
1774
1775
1776
1777
1780
1784
1785
1790
1793
1794
1796
1797
1799
1800
1801
1802
1805
1806
1809
1811
1813
1819
1820
1825
1826
1828
1830
1832
1834
1838
1839
1840
1841
1843
1845
1847
1849
1851
1852
1853
1855
1856
1857
1860
1861
1864
1865
1867
1870
1873
1875
1877
1878
1879
1881
1883
1885
1887
1889
1890
1892
1894
1895
1897
1898
1901
1902
1904
1909
1910
1913
1915
1917
1918
1921
1922
1923
1924
1926
1928
1930
1931
1932
1933
1934
1935
1938
1946
1950
1952
1957
1958
1960
1964
1968
1969
1973
1975
1979
1984
1985
1998
2016
2018
2033
2074
2077
2078
2084
2095
2096
2099
2101
2104
2109
2113
2116
2117
2118
2122
2123
2128
2131
2132
2134
2135
2136
2137
2141
2147
2150
2152
2154
2156
2157
2162
2170
2171
2174
2176
2177
2180
2184
2185
2186
2188
2190
2192
2193
2196
2197
2198
2199
2203
2205
2206
2210
2213
2215
2221
2224
2225
2227
2228
2229
2232
2233
2234
2237
2238
2240
2243
2246
2247
2249
2250
2251
2253
2255
2256
2259
2261
2262
2266
2267
2272
2273
2277
2279
2281
2283
2284
2287
2289
2291
2298
2299
2318
2319
2322
2324
2327
2329
2335
2338
2341
2343
2344
2346
2348
2349
2353
2354
2355
2357
2359
2362
2364
2365
2367
2371
2373
2374
2376
2380
2381
2382
2384
2386
2387
2390
2392
2393
2394
2396
2399
2403
2404
2406
2410
2411
2413
2414
2416
2418
2422
2423
2425
2430
2432
2434
2437
2438
2440
2442
2443
2445
2450
2454
2458
2459
2462
2466
2469
2473
2474
2477
2478
2481
2484
2489
2491
2494
2504
2516
2518
2522
2525
2526
2529
2530
2531
2533
2536
2538
2540
2541
2542
2545
2546
2547
2549
2554
2561
2562
2566
2567
2568
2573
2575
2578
2579
2580
2581
2583
2586
2590
2598
2600
2602
2603
2604
2605
2606
2608
2610
2612
2613
2615
2617
2619
2620
2622
2623
2624
2625
2626
2629
2631
2632
2633
2635
2637
2644
2652
2656
2657
2658
2659
2664
2667
2668
2670
2676
2679
2681
2682
2683
2687
2688
2691
2692
2694
2700
2701
2703
2707
2710
2711
2712
2714
2717
2719
2722
2726
2728
2730
2731
2732
2735
2737
2740
2741
2744
2745
2747
2750
2751
2754
2758
2761
2762
2764
2766
2768
2769
2770
2773
2775
2778
2780
2781
2786
2787
2790
2791
2795
2801
2803
2804
2805
2809
2811
2812
2814
2816
2819
2820
2821
2823
2828
2829
2830
2832
2833
2836
2838
2839
2840
2841
2842
2843
2845
2846
2849
2850
2851
2854
2857
2858
2864
2865
2868
2870
2871
2873
2874
2876
2877
2882
2888
2891
2892
2893
2894
2899
2920
2924
2926
2928
2931
2935
2936
2937
2943
2944
2948
2950
2957
2961
2962
2963
2964
2966
2967
2968
2969
2971
2972
2977
2981
2983
2984
2985
2986
2988
2991
2994
2997
3002
3003
3004
3008
3009
3010
3013
3014
3018
3019
3022
3023
3026
3028
3030
3034
3035
3038
3039
3040
3042
3044
3050
3052
3053
3059
3060
3061
3063
3066
3067
3075
3077
3080
3082
3087
3089
3093
3096
3098
3099
3102
3106
3110
3111
3113
3116
3118
3126
3128
3131
3148
3179
3181
3184
3190
3191
3196
3198
3202
3205
3207
3209
3213
3214
3218
3219
3224
3227
3229
3230
3231
3234
3239
3240
3245
3247
3249
3250
3251
3253
3254
3255
3258
3260
3261
3264
3266
3267
3268
3269
3271
3272
3275
3278
3279
3280
3282
3286
3289
3291
3294
3295
3298
3306
3309
3311
3315
3318
3322
3325
3327
3328
3333
3334
3335
3337
3342
3343
3345
3346
3348
3349
3356
3360
3361
3362
3366
3370
3374
3377
3378
3383
3385
3387
3390
3392
3398
3412
3435
3450
3451
3457
3470
3476
3490
3491
3495
3496
3500
3502
3506
3508
3510
3514
3515
3517
3518
3525
3526
3528
3529
3531
3532
3533
3535
3537
3541
3544
3547
3549
3550
3551
3556
3558
3561
3566
3569
3570
3574
3575
3582
3583
3589
3591
3592
3593
3594
3595
3598
3599
3602
3605
3607
3609
3610
3612
3614
3616
3617
3618
3620
3623
3628
3630
3632
3633
3636
3637
3639
3640
3643
3644
3645
3646
3650
3652
3653
3657
3660
3661
3662
3665
3667
3668
3670
3674
3675
3677
3680
3681
3682
3683
3684
3690
3691
3694
3696
3697
3701
3705
3706
3711
3715
3716
3717
3719
3720
3721
3722
3729
3730
3731
3732
3735
3736
3739
3742
3743
3744
3745
3746
3748
3749
3751
3752
3754
3755
3762
3764
3766
3770
3774
3777
3780
3781
3782
3783
3786
3787
3789
3791
3796
3804
3806
3807
3809
3810
3817
3823
3826
3830
3833
3840
3841
3842
3846
3847
3850
3853
3857
3860
3866
3884
3891
3895
3899
3900
3902
3906
3908
3912
3913
3915
3916
3919
3920
3923
3924
3927
3928
3929
3932
3936
3937
3939
3940
3942
3944
3945
3946
3947
3948
3952
3954
3955
3956
3957
3959
3960
3965
3968
3969
3971
3974
3978
3979
3981
3986
3987
3990
3991
3993
3996
3997
3999
4001
4002
4003
4009
4012
4014
4022
4023
4025
4027
4033
4037
4041
4043
4045
4046
4047
4053
4054
4058
4060
4066
4067
4076
4077
4082
4083
4090
4094
4096
4098
4100
4106
4108
4109
4112
4114
4118
4124
4127
4130
4131
4133
4134
4138
4139
4142
4144
4147
4149
4150
4152
4154
4155
4159
4163
4166
4168
4169
4170
4171
4172
4176
4177
4178
4179
4180
4182
4185
4187
4192
4193
4196
4197
4199
4202
4204
4207
4220
4223
4224
4225
4227
4228
4230
4231
4233
4236
4237
4239
4241
4243
4245
4247
4248
4251
4255
4257
4259
4261
4263
4265
4267
4269
4270
4271
4275
4278
4279
4282
4283
4285
4286
4288
4290
4291
4292
4293
4297
4299
4301
4303
4308
4310
4315
4317
4318
4321
4327
4329
4330
4332
4336
4339
4342
4345
4347
4350
4351
4352
4353
4356
4357
4358
4360
4362
4363
4364
4366
4367
4369
4370
4372
4376
4379
4381
4382
4383
4384
4386
4389
4390
4392
4393
4396
4397
4400
4402
4403
4404
4409
4410
4412
4414
4415
4416
4421
4436
4462
4471
4478
4516
4521
4525
4536
4537
4561
4563
4564
4566
4568
4570
4574
4575
4577
4579
4582
4584
4585
4586
4593
4594
4597
4599
4600
4603
4604
4610
4612
4613
4615
4617
4619
4628
4629
4633
4635
4640
4643
4645
4648
4650
4652
4658
4662
4663
4666
4667
4670
4671
4679
4682
4683
4684
4685
4686
4689
4690
4691
4695
4702
4703
4704
4706
4708
4714
4719
4720
4721
4725
4727
4729
4734
4741
4745
4747
4750
4757
4760
4762
4763
4767
4769
4772
4773
4775
4779
4780
4784
4785
4787
4789
4794
4796
4799
4802
4804
4805
4807
4811
4813
4815
4820
4823
4826
4827
4831
4837
4840
4841
4844
4845
4847
4850
4851
4852
4855
4857
4863
4865
4870
4880
4881
4882
4883
4884
4886
4887
4890
4892
4906
4926
4931
4936
4941
4944
4949
4951
4952
4954
4956
4960
4964
4973
4977
4980
4982
4986
4990
4993
4996
4998
5000
5006
5008
5013
5018
5021
5022
5024
5026
5030
5034
5039
5041
5044
5052
5056
5062
5066
5069
5074
5075
5077
5078
5079
5080
5083
5084
5087
5088
5089
5090
5091
5095
5100
5102
5103
5105
5106
5110
5113
5115
5116
5119
5123
5127
5130
5133
5134
5135
5136
5138
5140
5142
5143
5145
5149
5151
5153
5157
5160
5167
5169
5171
5174
5177
5178
5180
5187
5194
5218
5220
5222
5224
5226
5230
5231
5239
5241
5243
5246
5251
5258
5263
5265
5267
5268
5270
5271
5273
5276
5279
5280
5282
5283
5284
5286
5287
5290
5293
5295
5296
5299
5302
5308
5310
5311
5316
5362
5365
5384
5388
5390
5392
5397
5398
5399
5400
5414
5429
5434
5437
5452
5453
5457
5467
5468
5473
5495
5498
5507
5508
5513
5514
5515
5516
5517
5520
5521
5524
5525
5528
5533
5536
5538
5539
5542
5543
5547
5548
5549
5551
5553
5555
5557
5559
5560
5562
5564
5565
5566
5571
5573
5578
5582
5583
5585
5586
5587
5591
5597
5600
5608
5610
5620
5628
5630
5631
5638
5642
5643
5655
5665
5667
5669
5673
5676
5678
5679
5680
5681
5684
5687
5690
5691
5693
5694
5697
5704
5718
5719
5721
5723
5724
5726
5729
5732
5735
5737
5739
5740
5742
5744
5747
5751
5757
5769
5772
5775
5783
5815
5820
5840
5842
5843
5844
5845
5849
5851
5853
5854
5857
5860
5870
5872
5873
5881
5896
5897
5899
5900
5925
5928
5930
5932
5936
5938
5940
5941
5944
5947
5948
5949
5952
5958
5959
5960
5962
5967
5968
5969
5971
5973
5974
5976
5981
5984
5985
5987
5988
5989
5992
5993
5995
5996
6001
6006
6008
6009
6010
6013
6014
6016
6017
6019
6020
6022
6029
6033
6036
6043
6044
6107
6108
6122
6152
6184
6192
6196
6197
6201
6203
6205
6207
6209
6210
6211
6219
6221
6225
6227
6228
6236
6239
6242
6244
6246
6248
6249
6251
6253
6254
6255
6259
6261
6265
6269
6270
6271
6274
6276
6277
6280
6281
6283
6287
6288
6290
6292
6294
6297
6299
6302
6305
6306
6308
6309
6310
6314
6315
6318
6322
6324
6325
6326
6328
6332
6333
6335
6337
6340
6342
6346
6347
6352
6353
6356
6358
6361
6362
6364
6365
6367
6369
6371
6373
6375
6377
6379
6381
6382
6384
6385
6389
6390
6394
6395
6397
6398
6399
6402
6404
6405
6406
6408
6409
6412
6414
6416
6417
6419
6422
6425
6426
6428
6429
6432
6434
6437
6439
6441
6444
6445
6446
6449
6450
6452
6455
6456
6459
6461
6463
6466
6467
6469
6473
6475
6478
6481
6484
6485
6487
6488
6489
6490
6491
6493
6495
6496
6498
6499
6502
6505
6508
6512
6515
6516
6518
6519
6523
6528
6529
6530
6533
6535
6537
6538
6541
6544
6546
6554
6559
6563
6564
6566
6569
6570
6571
6574
6580
6582
6585
6589
6590
6594
6598
6599
6607
6615
6616
6618
6620
6631
6637
6638
6639
6646
6647
6648
6650
6652
6653
6655
6660
6665
6673
6675
6679
6682
6684
6685
6686
6693
6696
6698
6699
6702
6703
6708
6711
6712
6714
6715
6717
6719
6720
6722
6724
6726
6728
6733
6736
6738
6739
6744
6748
6749
6752
6763
6765
6766
6769
6770
6775
6778
6796
6797
6798
6799
6801
6803
6804
6806
6808
6809
6810
6812
6814
6817
6818
6823
6825
6826
6828
6830
6832
6836
6838
6840
6841
6844
6846
6848
6850
6854
6855
6857
6860
6862
6865
6867
6868
6869
6871
6872
6876
6879
6881
6886
6889
6891
6894
6901
6903
6907
6908
6911
6941
6944
6974
6983
6985
6986
6988
6991
6993
6998
7001
7002
7004
7005
7008
7011
7013
7015
7022
7023
7024
7025
7029
7030
7035
7037
7043
7044
7046
7049
7051
7053
7054
7055
7057
7060
7062
7067
7069
7072
7075
7076
7078
7080
7081
7083
7085
7086
7088
7089
7090
7093
7096
7098
7100
7102
7104
7106
7108
7110
7113
7114
7115
7120
7121
7125
7126
7128
7129
7130
7132
7137
7138
7143
7147
7149
7153
7154
7155
7157
7160
7164
7165
7168
7171
7173
7178
7180
7182
7188
7190
7191
7192
7194
7195
7197
7200
7202
7204
7206
7208
7209
7210
7211
7212
7216
7217
7219
7220
7223
7233
7236
7237
7240
7241
7243
7244
7246
7247
7250
7251
7253
7255
7257
7260
7263
7264
7265
7266
7269
7272
7273
7274
7275
7277
7280
7282
7285
7289
7290
7293
7294
7296
7300
7302
7303
7306
7308
7309
7311
7314
7316
7319
7323
7328
7333
7340
7343
7344
7347
7348
7349
7351
7352
7354
7356
7357
7358
7359
7364
7365
7366
7367
7368
7370
7372
7374
7375
7379
7382
7383
7388
7390
7391
7394
7397
7399
7401
7404
7406
7410
7412
7415
7419
7420
7422
7424
7425
7426
7428
7435
7436
7438
7439
7442
7443
7445
7449
7452
7454
7459
7461
7465
7468
7470
7472
7474
7476
7477
7480
7485
7490
7491
7492
7493
7495
7498
7500
7501
7503
7505
7507
7510
7512
7514
7517
7518
7521
7523
7524
7527
7528
7531
7532
7534
7536
7537
7538
7540
7541
7543
7544
7548
7552
7553
7555
7556
7557
7559
7562
7564
7568
7569
7572
7573
7577
7580
7582
7586
7588
7589
7590
7596
7597
7598
7599
7601
7604
7606
7611
7616
7617
7621
7623
7627
7630
7633
7635
7637
7641
7643
7645
7646
7649
7652
7654
7655
7662
7665
7666
7668
7670
7672
7675
7677
7680
7682
7684
7688
7689
7696
7716
7717
7751
7754
7758
7759
7761
7763
7765
7767
7774
7776
7783
7786
7788
7810
7813
7815
7820
7828
7842
7843
7847
7870
7871
7877
7880
7882
7886
7887
7889
7890
7905
7907
7909
7910
7911
7913
7915
7917
7921
7924
7925
7927
7930
7934
7936
7940
7941
7946
7947
7949
7951
7953
7957
7959
7960
7963
7968
7974
7978
7983
7984
7987
7988
7991
7993
7996
7999
8002
8004
8006
8010
8011
8012
8016
8017
8019
8022
8023
8024
8026
8027
8029
8030
8035
8036
8039
8041
8042
8045
8046
8047
8050
8052
8053
8054
8055
8056
8058
8059
8063
8066
8068
8070
8071
8073
8074
8077
8086
8088
8091
8093
8101
8102
8103
8107
8110
8113
8115
8118
8120
8121
8124
8125
8126
8129
8134
8136
8137
8139
8142
8145
8147
8149
8150
8151
8152
8154
8155
8157
8159
8161
8162
8163
8165
8166
8169
8170
8174
8179
8184
8187
8189
8191
8192
8193
8194
8195
8196
8197
8199
8202
8203
8206
8207
8210
8212
8213
8214
8215
8220
8222
8223
8228
8231
8233
8235
8237
8239
8242
8245
8248
8249
8251
8253
8256
8259
8261
8265
8269
8275
8280
8282
8283
8288
8289
8294
8295
8301
8303
8308
8311
8313
8314
8323
8325
8326
8329
8330
8333
8336
8337
8340
8341
8343
8348
8349
8351
8352
8353
8355
8356
8359
8361
8362
8366
8367
8369
8370
8376
8377
8380
8382
8384
8387
8392
8393
8394
8396
8398
8399
8402
8404
8409
8410
8411
8414
8415
8416
8420
8421
8423
8424
8426
8433
8434
8435
8440
8441
8443
8446
8449
8450
8451
8452
8455
8459
8460
8462
8464
8465
8466
8468
8470
8473
8478
8479
8480
8484
8486
8490
8498
8499
8500
8502
8504
8505
8507
8508
8510
8512
8513
8514
8520
8521
8522
8523
8527
8531
8532
8534
8536
8539
8540
8541
8542
8545
8547
8549
8552
8554
8556
8557
8559
8562
8565
8566
8571
8572
8575
8578
8579
8583
8585
8588
8591
8594
8595
8598
8602
8607
8619
8621
8623
8627
8629
8631
8633
8638
8642
8648
8650
8658
8662
8666
8667
8670
8690
8695
8697
8700
8703
8704
8707
8710
8711
8713
8721
8722
8724
8727
8728
8729
8730
8731
8735
8738
8739
8742
8744
8745
8746
8748
8749
8751
8754
8756
8759
8765
8767
8770
8772
8776
8785
8787
8789
8791
8792
8796
8797
8799
8801
8806
8808
8809
8811
8812
8814
8815
8817
8818
8819
8821
8823
8824
8825
8827
8828
8831
8834
8835
8837
8838
8846
8848
8849
8851
8853
8856
8857
8858
8862
8863
8864
8868
8869
8872
8873
8875
8883
8886
8887
8908
8911
8917
8918
8922
8924
8925
8931
8934
8940
8948
8950
8952
8954
8966
8967
8975
8979
8986
8988
8990
8993
8994
8997
9000
9002
9003
9007
9010
9012
9015
9016
9017
9018
9020
9022
9024
9027
9029
9034
9035
9040
9043
9046
9050
9053
9055
9057
9058
9059
9062
9066
9068
9070
9073
9074
9076
9077
9083
9086
9087
9088
9091
9095
9099
9100
9104
9106
9108
9109
9110
9112
9113
9115
9116
9118
9119
9120
9123
9126
9129
9130
9134
9135
9138
9141
9143
9145
9146
9149
9150
9151
9157
9158
9159
9161
9170
9177
9179
9182
9184
9187
9192
9196
9199
9201
9202
9206
9208
9210
9211
9212
9215
9217
9219
9220
9223
9226
9230
9235
9236
9237
9239
9241
9242
9245
9246
9248
9249
9250
9251
9252
9255
9260
9263
9265
9270
9274
9276
9280
9284
9286
9288
9289
9292
9294
9299
9302
9306
9307
9309
9310
9314
9318
9319
9323
9327
9329
9331
9332
9334
9340
9341
9342
9343
9345
9346
9347
9349
9351
9354
9357
9358
9360
9361
9362
9363
9366
9368
9379
9381
9382
9386
9388
9393
9396
9398
9399
9403
9405
9406
9408
9410
9411
9414
9415
9421
9425
9426
9427
9428
9429
9431
9432
9435
9437
9445
9448
9450
9451
9454
9456
9460
9463
9465
9467
9470
9472
9473
9474
9477
9478
9479
9482
9485
9487
9491
9492
9495
9497
9500
9505
9510
9511
9512
9517
9519
9521
9523
9524
9526
9527
9529
9531
9534
9537
9539
9540
9541
9544
9545
9546
9547
9549
9555
9558
9559
9561
9568
9570
9572
9575
9576
9577
9578
9579
9581
9586
9588
9589
9591
9594
9597
9600
9601
9602
9603
9605
9609
9611
9612
9614
9617
9624
9626
9627
9628
9629
9631
9633
9634
9635
9637
9640
9643
9646
9649
9650
9651
9653
9654
9655
9657
9660
9662
9664
9665
9667
9669
9673
9674
9677
9678
9680
9681
9683
9689
9690
9692
9696
9699
9700
9701
9702
9705
9706
9709
9710
9714
9716
9720
9721
9722
9724
9726
9727
9729
9730
9731
9733
9734
9736
9737
9740
9745
9748
9749
9752
9753
9756
9758
9762
9765
9768
9773
9775
9776
9782
9785
9786
9789
9791
9799
9800
9801
9804
9806
9807
9808
9812
9813
9820
9826
9827
9837
9838
9841
9844
9846
9848
9850
9852
9853
9855
9856
9859
9860
9862
9865
9870
9871
9875
9877
9880
9881
9884
9887
9889
9893
9894
9897
9898
9901
9902
9903
9905
9907
9908
9909
9914
9915
9916
9918
9920
9922
9924
9926
9929
9931
9932
9936
9938
9942
9943
9945
9949
9950
9955
9959
9961
9967
9970
9971
9974
9975
9976
9983
9986
9988
9989
9993
9996
9998
10002
10005
10006
10008
10011
10014
10016
10018
10019
10023
10025
10026
10027
10029
10030
10031
10032
10033
10037
10039
10040
10042
10043
10046
10047
10050
10051
10052
10053
10058
10060
10061
10062
10069
10072
10073
10074
10075
10076
10077
10079
10081
10086
10087
10089
10094
10096
10099
10100
10101
10103
10105
10107
10110
10112
10115
10117
10119
10120
10122
10126
10129
10130
10132
10138
10139
10143
10144
10145
10147
10148
10152
10157
10160
10161
10163
10164
10166
10168
10169
10177
10179
10186
10187
10189
10191
10195
10196
10197
10200
10202
10206
10208
10209
10211
10214
10215
10218
10219
10223
10226
10227
10228
10231
10232
10234
10236
10239
10243
10245
10249
10250
10251
10256
10258
10263
10265
10268
10269
10271
10272
10273
10274
10275
10276
10277
10278
10281
10283
10286
10289
10290
10291
10292
10295
10296
10299
10303
10305
10306
10307
10308
10310
10312
10315
10318
10322
10323
10324
10325
10326
10327
10330
10332
10334
10335
10336
10340
10342
10344
10346
10349
10351
10352
10353
10354
10357
10358
10360
10361
10363
10365
10370
10371
10373
10375
10378
10380
10381
10383
10385
10388
10390
10396
10398
10399
10401
10411
10413
10416
10419
10420
10421
10423
10425
10427
10428
10429
10432
10433
10434
10436
10437
10440
10445
10447
10450
10453
10455
10460
10462
10464
10465
10467
10471
10473
10475
10476
10479
10485
10491
10492
10493
10494
10496
10500
10503
10504
10507
10511
10513
10514
10516
10519
10521
10524
10527
10528
10529
10530
10532
10533
10534
10536
10537
10540
10541
10543
10545
10548
10550
10553
10555
10558
10563
10564
10566
10568
10570
10571
10574
10577
10579
10580
10583
10587
10589
10592
10594
10597
10598
10600
10601
10602
10605
10607
10609
10611
10615
10616
10638
10658
10662
10713
10723
10726
10730
10733
10736
10746
10753
10755
10756
10757
10758
10760
10762
10764
10767
10769
10770
10774
10775
10776
10779
10781
10782
10783
10784
10785
10787
10789
10791
10792
10795
10796
10800
10802
10803
10804
10809
10818
10822
10825
10828
10831
10833
10835
10838
10841
10842
10844
10845
10846
10854
10860
10861
10862
10867
10868
10869
10871
10874
10879
10882
10885
10888
10891
10892
10893
10895
10896
10898
10899
10900
10905
10906
10908
10909
10912
10914
10916
10918
10919
10920
10922
10924
10925
10926
10928
10932
10935
10937
10942
10944
10949
10953
10954
10956
10960
10961
10962
10963
10965
10972
10973
10977
10978
10986
10987
10991
10993
11009
11027
11031
11034
11036
11037
11039
11041
11043
11045
11047
11050
11055
11056
11059
11065
11066
11071
11076
11078
11082
11087
11088
11091
11092
11094
11095
11096
11100
11103
11106
11111
11112
11115
11117
11118
11122
11123
11126
11130
11134
11135
11136
11141
11144
11145
11147
11151
11152
11156
11157
11160
11162
11166
11167
11169
11171
11172
11174
11177
11179
11180
11181
11182
11186
11188
11189
11191
11193
11195
11201
11202
11205
11206
11207
11210
11211
11215
11216
11217
11220
11223
11224
11226
11229
11230
11232
11234
11236
11237
11240
11242
11243
11246
11248
11249
11251
11256
11258
11260
11265
11266
11268
11269
11271
11272
11273
11277
11278
11280
11281
11282
11283
11284
11285
11286
11287
11289
11290
11291
11298
11300
11301
11303
11304
11305
11307
11309
11311
11312
11313
11315
11318
11321
11323
11326
11328
11330
11336
11337
11339
11342
11344
11347
11348
11349
11350
11352
11353
11357
11358
11359
11363
11365
11366
11368
11369
11374
11376
11378
11379
11380
11382
11384
11385
11388
11391
11392
11394
11397
11400
11402
11410
11411
11413
11414
11416
11418
11419
11420
11422
11426
11428
11429
11431
11434
11437
11439
11440
11442
11443
11448
11452
11453
11455
11459
11461
11464
11465
11469
11471
11479
11485
11486
11487
11492
11494
11496
11498
11502
11504
11510
11513
11518
11521
11527
11528
11530
11532
11533
11536
11539
11541
11545
11553
11556
11563
11565
11567
11578
11579
11580
11581
11587
11589
11593
11602
11603
11614
11615
11619
11622
11624
11629
11630
11634
11638
11641
11642
11647
11652
11653
11655
11657
11659
11661
11662
11664
11668
11669
11670
11677
11679
11684
11688
11692
11695
11697
11699
11700
11701
11702
11703
11705
11706
11708
11714
11716
11723
11726
11728
11732
11733
11736
11739
11740
11741
11743
11744
11747
11754
11757
11759
11760
11761
11764
11767
11769
11774
11787
11790
11794
11806
11808
11822
11830
11831
11833
11837
11839
11840
11842
11845
11850
11852
11854
11857
11859
11861
11862
11867
11868
11869
11877
11879
11886
11894
11896
11897
11900
11903
11908
11909
11915
11916
11924
11926
11927
11930
11932
11935
11936
11938
11941
11944
11946
11948
11952
11954
11971
11979
11981
11982
12044
12054
12065
12068
12070
12076
12099
12118
12122
12132
12136
12137
12138
12141
12145
12148
12149
12151
12152
12154
12157
12159
12160
12161
12163
12164
12165
12167
12170
12171
12176
12177
12184
12185
12186
12190
12193
12195
12200
12201
12202
12204
12206
12207
12210
12211
12216
12217
12220
12221
12223
12227
12231
12232
12235
12238
12244
12250
12251
12252
12262
12265
12266
12267
12269
12273
12275
12277
12281
12285
12286
12287
12289
12290
12291
12295
12299
12300
12304
12306
12308
12310
12314
12316
12317
12320
12323
12324
12325
12326
12328
12329
12331
12334
12336
12337
12344
12346
12348
12351
12353
12355
12356
12358
12361
12363
12365
12367
12368
12369
12371
12373
12374
12376
12378
12380
12381
12383
12385
12389
12391
12393
12395
12396
12400
12401
12402
12405
12406
12407
12410
12411
12413
12414
12415
12416
12422
12457
12458
12471
12476
12477
12480
12483
12484
12488
12494
12500
12504
12511
12513
12514
12518
12527
12532
12539
12542
12547
12557
12562
12566
12568
12571
12575
12577
12580
12582
12583
12585
12586
12588
12593
12595
12596
12598
12600
12602
12605
12609
12614
12615
12617
12618
12620
12621
12623
12624
12626
12628
12631
12633
12635
12638
12639
12643
12645
12648
12652
12654
12656
12658
12660
12662
12667
12668
12670
12673
12678
12681
12685
12686
12688
12692
12693
12694
12695
12697
12698
12701
12702
12704
12707
12708
12709
12710
12711
12712
12714
12716
12718
12719
12722
12724
12728
12731
12736
12738
12739
12740
12742
12746
12749
12750
12752
12754
12756
12757
12763
12765
12767
12768
12771
12773
12776
12778
12779
12781
12786
12787
12790
12791
12794
12798
12801
12803
12804
12808
12809
12817
12822
12823
12835
12840
12858
12864
12866
12869
12871
12873
12875
12877
12878
12881
12882
12884
12885
12887
12888
12890
12891
12894
12897
12898
12901
12903
12905
12910
12911
12913
12916
12918
12919
12924
12925
12926
12929
12930
12934
12935
12936
12937
12938
12940
12943
12946
12948
12950
12952
12953
12955
12956
12959
12961
12963
12965
12967
12969
12971
12975
12977
12980
12982
12983
12986
12988
12990
12991
12993
12995
13001
13004
13009
13013
13021
13030
13046
13053
13079
13081
13086
13101
13111
13115
13118
13172
13174
13177
13180
13183
13184
13185
13187
13188
13192
13194
13195
13197
13200
13211
13217
13233
13236
13246
13250
13252
13255
13258
13263
13264
13266
13267
13276
13278
13280
13281
13286
13287
13290
13294
13296
13298
13300
13305
13307
13309
13310
13315
13320
13321
13322
13325
13328
13329
13331
13334
13345
13346
13347
13348
13349
13354
13356
13361
13362
13364
13369
13373
13375
13376
13380
13381
13394
13395
13396
13398
13400
13401
13404
13407
13409
13413
13414
13428
13430
13448
13455
13466
13477
13497
13503
13507
13510
13511
13515
13526
13531
13533
13543
13544
13549
13554
13556
13563
13565
13576
13585
13587
13589
13614
13625
13627
13643
13645
13662
13667
13668
13669
13673
13675
13678
13686
13687
13688
13692
13693
13696
13698
13699
13703
13704
13707
13711
13712
13713
13719
13722
13727
13728
13733
13734
13735
13740
13741
13743
13747
13752
13753
13755
13761
13765
13766
13776
13796
13803
13808
13810
13819
13822
13824
13826
13827
13828
13830
13832
13833
13834
13835
13841
13843
13848
13849
13852
13855
13858
13859
13861
13862
13866
13869
13874
13875
13878
13880
13883
13885
13887
13889
13892
13895
13897
13898
13901
13903
13905
13906
13908
13909
13914
13915
13916
13918
13920
13922
13924
13925
13927
13931
13932
13934
13936
13939
13940
13941
13944
13946
13948
13949
13951
13953
13958
13959
13962
13963
13967
13970
13972
13975
13976
13978
13979
13983
13989
13990
13994
13996
13997
13998
13999
14002
14004
14007
14008
14011
14013
14015
14017
14019
14020
14023
14025
14029
14033
14034
14039
14040
14043
14045
14048
14049
14053
14054
14056
14057
14061
14062
14066
14067
14068
14070
14072
14073
14074
14075
14077
14079
14081
14083
14087
14090
14095
14098
14100
14104
14106
14108
14109
14111
14113
14114
14118
14121
14122
14124
14125
14127
14130
14131
14134
14136
14141
14143
14145
14148
14151
14153
14155
14158
14163
14166
14167
14169
14170
14171
14175
14177
14180
14182
14187
14192
14194
14196
14200
14201
14205
14207
14209
14212
14215
14217
14220
14222
14223
14227
14232
14234
14238
14240
14241
14245
14246
14247
14249
14252
14254
14258
14259
14262
14267
14269
14270
14271
14276
14280
14282
14285
14286
14289
14292
14294
14305
14306
14310
14311
14314
14317
14319
14320
14322
14327
14329
14332
14333
14335
14339
14341
14342
14344
14346
14349
14351
14354
14356
14358
14360
14361
14362
14364
14366
14368
14371
14374
14377
14379
14381
14383
14386
14389
14391
14394
14395
14396
14398
14401
14403
14404
14406
14408
14411
14414
14415
14419
14421
14423
14425
14426
14428
14429
14432
14434
14436
14438
14442
14449
14451
14452
14458
14485
14489
14492
14495
14496
14497
14518
14557
14565
14594
14596
14597
14598
14599
14602
14606
14607
14610
14611
14618
14627
14634
14635
14637
14643
14647
14649
14650
14656
14657
14661
14663
14667
14668
14671
14673
14677
14681
14682
14683
14684
14685
14689
14693
14695
14698
14700
14703
14706
14707
14709
14711
14712
14715
14719
14720
14723
14725
14729
14730
14731
14734
14735
14738
14740
14744
14746
14749
14751
14752
14759
14760
14763
14766
14767
14771
14776
14777
14780
14783
14785
14786
14789
14795
14796
14798
14799
14801
14807
14811
14813
14816
14817
14820
14824
14829
14842
14846
14848
14849
14851
14854
14856
14857
14858
14862
14863
14864
14869
14873
14878
14879
14884
14886
14888
14891
14894
14895
14897
14901
14906
14908
14909
14910
14912
14916
14923
14924
14925
14927
14929
14932
14933
14935
14938
14942
14945
14947
14949
14952
14954
14957
14958
14963
14964
14965
14967
14973
14978
14980
14981
14986
14988
14989
14990
14992
14995
14996
14997
14998
15001
15002
15019
15024
15026
15027
15028
15052
15055
15060
15063
15068
15069
15071
15072
15077
15078
15080
15081
15085
15088
15090
15093
15095
15099
15104
15106
15108
15111
15112
15114
15117
15119
15121
15123
15128
15129
15131
15134
15137
15138
15141
15143
15147
15149
15152
15155
15158
15160
15162
15164
15165
15168
15169
15171
15175
15178
15184
15185
15187
15189
15191
15192
15194
15195
15198
15200
15201
15205
15207
15208
15214
15216
15217
15221
15225
15228
15231
15233
15234
15236
15238
15239
15243
15244
15247
15254
15257
15260
15261
15262
15267
15272
15273
15274
15276
15278
15280
15284
15286
15288
15289
15292
15293
15298
15299
15300
15302
15305
15306
15307
15308
15310
15311
15313
15316
15317
15320
15323
15325
15329
15331
15337
15338
15340
15342
15348
15351
15355
15358
15360
15361
15363
15366
15370
15374
15377
15378
15381
15385
15387
15388
15391
15394
15395
15398
15400
15401
15405
15407
15410
15412
15413
15416
15417
15419
15420
15421
15422
15427
15430
15432
15436
15437
15438
15440
15441
15443
15444
15449
15451
15452
15454
15456
15458
15461
15462
15463
15465
15466
15467
15469
15470
15471
15472
15473
15475
15481
15482
15484
15485
15486
15487
15490
15492
15493
15495
15496
15498
15500
15504
15505
15508
15509
15515
15517
15519
15520
15521
15523
15527
15530
15533
15535
15538
15541
15543
15545
15548
15549
15551
15555
15556
15559
15560
15563
15565
15569
15572
15576
15578
15580
15587
15590
15593
15599
15602
15603
15606
15607
15624
15639
15641
15642
15645
15647
15648
15649
15653
15654
15658
15661
15668
15670
15673
15681
15682
15685
15687
15688
15691
15693
15694
15696
15699
15703
15704
15706
15707
15708
15711
15713
15716
15719
15720
15721
15724
15726
15731
15732
15736
15738
15741
15745
15748
15749
15751
15773
15791
15808
15859
15864
15868
15869
15871
15874
15876
15879
15887
15891
15892
15899
15901
15903
15909
15911
15912
15917
15918
15919
15921
15925
15929
15931
15934
15938
15939
15940
15952
15956
15992
16002
16023
16024
16025
16026
16029
16031
16033
16034
16040
16041
16042
16046
16047
16048
16052
16053
16055
16057
16060
16065
16067
16069
16072
16075
16078
16081
16082
16085
16086
16087
16089
16092
16097
16099
16101
16102
16103
16106
16107
16108
16113
16114
16115
16118
16121
16122
16123
16134
16137
16139
16141
16144
16145
16150
16152
16154
16157
16158
16162
16165
16166
16168
16169
16186
16187
16245
16276
16278
16285
16288
16295
16317
16323
16335
16339
16347
16362
16363
16364
16368
16372
16375
16378
16380
16382
16383
16386
16389
16393
16398
16403
16405
16410
16428
16436
16438
16443
16450
16452
16459
16464
16466
16469
16470
16472
16473
16474
16478
16479
16482
16486
16487
16500
16504
16505
16506
16513
16517
16520
16524
16525
16526
16528
16529
16531
16532
16537
16542
16547
16550
16564
16568
16574
16578
16592
16594
16596
16599
16608
16610
16612
16620
16621
16622
16628
16630
16632
16633
16634
16635
16637
16639
16641
16642
16643
16646
16648
16652
16654
16658
16659
16669
16671
16673
16677
16678
16680
16682
16683
16687
16691
16697
16700
16706
16708
16710
16711
16713
16714
16717
16718
16719
16720
16722
16741
16746
16748
16750
16751
16760
16769
16770
16773
16781
16785
16788
16789
16792
16800
16801
16803
16804
16807
16811
16815
16817
16820
16821
16823
16827
16828
16830
16831
16832
16833
16836
16838
16843
16846
16850
16851
16853
16854
16862
16867
16869
16870
16876
16877
16887
16888
16889
16891
16905
16952
16955
16956
16961
16964
16969
16971
16973
16977
16979
16984
16985
16991
16992
16994
16996
16997
17001
17002
17004
17006
17008
17009
17010
17014
17017
17019
17021
17027
17029
17030
17033
17034
17036
17038
17040
17042
17047
17048
17049
17051
17053
17056
17058
17059
17064
17065
17066
17068
17069
17071
17073
17079
17080
17081
17084
17086
17089
17090
17091
17092
17095
17097
17101
17107
17108
17111
17112
17115
17118
17119
17122
17123
17131
17132
17133
17134
17137
17138
17143
17146
17148
17149
17151
17153
17155
17157
17158
17163
17164
17166
17167
17169
17172
17174
17175
17177
17178
17180
17184
17188
17192
17198
17200
17203
17204
17206
17209
17215
17217
17220
17222
17235
17239
17241
17244
17248
17262
17267
17285
17310
17319
17320
17324
17325
17340
17351
17369
17381
17383
17384
17388
17393
17399
17400
17402
17404
17407
17409
17419
17421
17422
17423
17429
17432
17435
17437
17438
17442
17445
17446
17449
17453
17455
17456
17458
17460
17462
17463
17466
17469
17473
17480
17485
17489
17490
17495
17499
17501
17503
17506
17508
17510
17512
17514
17521
17523
17527
17532
17535
17538
17539
17540
17542
17543
17544
17545
17547
17549
17553
17556
17557
17559
17560
17561
17562
17564
17566
17568
17570
17572
17573
17575
17576
17580
17582
17583
17584
17585
17588
17594
17597
17598
17599
17603
17605
17611
17614
17619
17620
17622
17628
17630
17633
17638
17643
17645
17646
17647
17648
17651
17655
17656
17661
17664
17665
17667
17670
17672
17674
17675
17677
17679
17683
17689
17723
17731
17733
17742
17748
17753
17756
17763
17769
17772
17775
17777
17780
17787
17790
17795
17796
17800
17813
17817
17820
17822
17832
17851
17854
17857
17873
17874
17877
17897
17899
17900
17903
17950
17962
17967
17972
17979
17980
17997
18019
18020
18022
18025
18028
18030
18031
18034
18036
18040
18042
18045
18048
18049
18051
18052
18053
18057
18059
18060
18061
18063
18065
18067
18071
18072
18073
18075
18076
18078
18080
18081
18085
18087
18090
18094
18095
18097
18099
18101
18105
18109
18110
18112
18115
18116
18117
18118
18121
18122
18125
18126
18128
18135
18137
18139
18146
18148
18152
18153
18154
18156
18159
18161
18162
18168
18169
18179
18180
18183
18188
18190
18191
18192
18195
18197
18199
18200
18206
18207
18212
18214
18215
18216
18218
18223
18226
18227
18228
18230
18232
18233
18235
18236
18237
18239
18242
18244
18248
18254
18258
18260
18262
18268
18270
18272
18278
18282
18292
18299
18315
18323
18325
18328
18330
18334
18336
18344
18350
18354
18357
18362
18387
18392
18394
18397
18398
18400
18403
18405
18407
18410
18412
18415
18418
18419
18426
18430
18434
18435
18441
18444
18448
18451
18452
18455
18459
18461
18463
18465
18468
18472
18474
18476
18479
18483
18484
18485
18488
18489
18490
18493
18496
18500
18502
18506
18507
18509
18511
18513
18514
18515
18516
18521
18522
18525
18527
18528
18531
18532
18533
18534
18540
18543
18546
18547
18549
18550
18552
18555
18558
18560
18561
18563
18567
18570
18577
18578
18581
18585
18586
18590
18593
18595
18597
18607
18628
18643
18676
18719
18757
18766
18774
18797
18800
18804
18807
18809
18811
18812
18813
18815
18818
18820
18826
18827
18830
18834
18837
18841
18843
18845
18848
18863
18867
18870
18871
18875
18898
18900
18901
18911
18918
18926
18939
18969
18975
19007
19052
19069
19082
19089
19111
19112
19138
19150
19153
19154
19158
19160
19161
19164
19169
19171
19176
19177
19185
19190
19193
19196
19197
19199
19205
19207
19217
19282
19283
19286
19287
19292
19293
19294
19295
19297
19300
19303
19304
19306
19307
19308
19311
19313
19315
19317
19321
19322
19323
19324
19328
19329
19361
19367
19389
19391
19396
19411
19417
19440
19452
19507
19508
19511
19514
19515
19520
19525
19526
19531
19532
19535
19539
19541
19543
19545
19546
19548
19552
19559
19561
19563
19565
19567
19572
19573
19576
19578
19580
19585
19590
19592
19594
19596
19600
19605
19606
19608
19610
19614
19615
19617
19619
19621
19624
19627
19630
19632
19633
19637
19641
19642
19644
19645
19647
19648
19650
19652
19653
19654
19655
19657
19658
19659
19660
19662
19664
19666
19669
19670
19672
19675
19676
19679
19680
19682
19683
19687
19689
19690
19691
19694
19697
19699
19701
19703
19708
19710
19712
19716
19718
19721
19722
19723
19726
19727
19732
19739
19749
19754
19780
19782
19799
19809
19811
19813
19816
19819
19820
19825
19826
19829
19832
19833
19839
19840
19843
19845
19846
19852
19853
19855
19867
19869
19870
19872
19873
19882
19886
19887
19888
19889
19890
19891
19892
19893
19897
19900
19902
19903
19906
19909
19910
19913
19914
19916
19918
19921
19923
19927
19931
19932
19933
19937
19938
19939
19943
19945
19946
19947
19949
19950
19951
19953
19954
19957
19959
19961
19968
19971
19976
19980
19986
19990
19991
19993
19995
19998
20000
20003
20006
20007
20008
20010
20012
20013
20015
20017
20021
20024
20028
20029
20032
20033
20035
20038
20039
20042
20044
20045
20048
20050
20052
20056
20059
20060
20063
20065
20067
20069
20070
20071
20073
20074
20075
20078
20080
20082
20083
20084
20088
20093
20095
20096
20097
20099
20102
20103
20104
20106
20108
20109
20110
20111
20115
20117
20119
20121
20128
20129
20130
20132
20136
20137
20139
20142
20145
20147
20148
20149
20151
20155
20159
20161
20164
20165
20170
20171
20176
20178
20180
20183
20187
20188
20193
20194
20196
20197
20201
20203
20204
20206
20208
20211
20213
20217
20221
20224
20226
20229
20232
20233
20239
20243
20245
20246
20247
20250
20251
20252
20259
20260
20263
20266
20270
20277
20279
20282
20288
20289
20295
20303
20308
20312
20316
20321
20324
20327
20334
20336
20338
20339
20342
20343
20345
20349
20351
20355
20357
20359
20361
20363
20365
20366
20367
20369
20371
20372
20373
20376
20379
20380
20383
20385
20393
20395
20396
20397
20399
20401
20402
20403
20405
20406
20408
20410
20412
20413
20416
20418
20422
20423
20428
20429
20431
20433
20434
20437
20442
20444
20445
20446
20447
20448
20452
20453
20454
20455
20456
20457
20461
20465
20466
20469
20473
20474
20478
20479
20480
20482
20486
20488
20490
20492
20494
20496
20498
20499
20500
20502
20505
20509
20512
20515
20516
20517
20520
20521
20524
20525
20527
20528
20530
20531
20532
20534
20539
20540
20541
20542
20544
20547
20548
20549
20551
20553
20554
20555
20559
20562
20565
20567
20569
20571
20574
20576
20578
20579
20586
20588
20591
20595
20596
20597
20602
20603
20605
20611
20612
20613
20615
20619
20623
20624
20627
20631
20632
20633
20638
20639
20643
20644
20649
20654
20655
20656
20663
20665
20667
20710
20714
20735
20739
20741
20743
20760
20765
20775
20778
20779
20783
20784
20787
20791
20796
20798
20799
20803
20804
20805
20811
20812
20819
20830
20831
20833
20834
20835
20837
20838
20840
20845
20852
20853
20854
20856
20861
20863
20865
20866
20869
20871
20872
20875
20877
20879
20880
20882
20888
20889
20892
20894
20895
20898
20900
20903
20904
20907
20909
20910
20916
20920
20924
20926
20929
20934
20936
20937
20940
20942
20943
20946
20948
20950
20951
20958
20961
20962
20964
20965
20968
20998
20999
21001
21002
21008
21010
21012
21018
21019
21020
21022
21024
21028
21030
21031
21033
21036
21038
21042
21045
21051
21055
21057
21059
21062
21065
21066
21067
21068
21069
21072
21073
21077
21078
21082
21084
21085
21088
21089
21090
21093
21101
21105
21115
21116
21117
21118
21121
21123
21127
21128
21132
21134
21137
21142
21144
21146
21147
21148
21150
21156
21159
21160
21164
21165
21167
21170
21172
21173
21175
21181
21201
21223
21233
21258
21260
21261
21262
21265
21270
21271
21273
21276
21277
21290
21295
21297
21298
21301
21304
21305
21306
21311
21313
21314
21318
21321
21322
21326
21327
21330
21334
21336
21337
21338
21341
21343
21345
21348
21351
21373
21381
21403
21404
21408
21409
21412
21416
21427
21429
21435
21439
21440
21441
21443
21445
21449
21450
21451
21453
21458
21459
21460
21462
21465
21469
21474
21477
21479
21480
21483
21491
21493
21507
21526
21534
21539
21542
21543
21544
21552
21563
21565
21575
21580
21585
21588
21592
21607
21620
21623
21642
21666
21702
21705
21715
21740
21761
21762
21766
21773
21794
21801
21840
21855
21871
21872
21877
21878
21879
21883
21888
21891
21893
21895
21899
21900
21901
21909
21913
21917
21926
21928
21930
21932
21934
21935
21939
21942
21946
21949
21952
21953
21955
21961
21963
21966
21994
22002
22005
22008
22012
22013
22014
22020
22021
22024
22025
22027
22032
22037
22039
22041
22046
22048
22049
22052
22053
22056
22058
22060
22061
22065
22066
22068
22070
22074
22076
22079
22082
22083
22085
22086
22091
22092
22094
22095
22099
22107
22112
22116
22120
22123
22126
22128
22133
22135
22142
22180
22187
22198
22217
22225
22228
22229
22235
22241
22242
22245
22266
22275
22290
22299
22300
22301
22304
22305
22307
22313
22315
22316
22319
22322
22343
22358
22367
22379
22383
22393
22394
22408
22409
22412
22418
22420
22422
22424
22425
22427
22430
22432
22435
22443
22445
22447
22449
22450
22458
22463
22473
22478
22480
22483
22486
22488
22490
22491
22495
22497
22501
22502
22504
22508
22510
22517
22523
22524
22527
22528
22531
22532
22534
22539
22541
22543
22544
22545
22547
22548
22549
22551
22552
22555
22556
22559
22560
22565
22566
22567
22570
22572
22574
22576
22580
22582
22583
22587
22588
22592
22594
22597
22598
22600
22602
22606
22609
22610
22617
22625
22628
22630
22631
22633
22634
22637
22639
22640
22642
22645
22649
22652
22654
22656
22657
22659
22660
22665
22666
22671
22673
22675
22676
22681
22686
22688
22690
22693
22695
22696
22698
22700
22701
22704
22705
22708
22712
22713
22715
22718
22719
22720
22723
22724
22725
22728
22729
22731
22732
22735
22736
22739
22741
22743
22746
22750
22751
22754
22757
22759
22760
22762
22763
22766
22768
22769
22772
22780
22783
22786
22788
22793
22794
22796
22801
22802
22805
22809
22813
22819
22823
22826
22827
22829
22830
22874
22922
22923
22945
22947
22948
22952
22954
22955
22957
22960
22963
22966
22969
22970
22971
22974
23018
23023
23049
23055
23066
23083
23093
23182
23200
23204
23245
23251
23284
23310
23318
23319
23321
23322
23327
23349
23367
23383
23400
23402
23409
23419
23437
23445
23451
23499
23500
23501
23503
23504
23516
23522
23523
23524
23532
23578
23595
23596
23600
23610
23612
23617
23620
23623
23624
23627
23630
23632
23634
23640
23644
23645
23647
23679
23680
23683
23686
23690
23695
23697
23714
23723
23740
23764
23792
23799
23810
23827
23829
23859
23902
23915
23936
23939
23950
23951
23963
23995
24017
24019
24021
24022
24023
24024
24025
24028
24029
24030
24034
24036
24038
24039
24040
24044
24045
24047
24053
24054
24058
24063
24066
24068
24069
24070
24072
24079
24083
24090
24094
24100
24102
24104
24106
24107
24110
24112
24116
24119
24122
24127
24129
24132
24134
24138
24144
24147
24168
24185
24186
24200
24207
24210
24213
24214
24217
24218
24220
24223
24228
24230
24234
24236
24246
24248
24250
24251
24261
24275
24295
24298
24299
24300
24304
24305
24307
24309
24310
24311
24314
24316
24320
24322
24325
24326
24328
24329
24331
24333
24336
24337
24338
24342
24390
24395
24406
24409
24411
24412
24413
24414
24416
24417
24419
24421
24422
24423
24426
24428
24433
24435
24438
24440
24441
24442
24443
24472
24475
24481
24495
24497
24519
24525
24528
24534
24542
24544
24547
24561
24564
24566
24572
24575
24577
24579
24581
24587
24588
24590
24595
24599
24602
24604
24606
24609
24610
24611
24612
24613
24616
24618
24620
24621
24623
24626
24630
24632
24636
24639
24641
24643
24645
24648
24650
24651
24659
24670
24678
24711
24715
24718
24719
24720
24725
24727
24731
24732
24734
24735
24736
24741
24742
24743
24744
24745
24749
24752
24754
24758
24759
24761
24762
24770
24777
24787
24812
24814
24817
24820
24825
24826
24829
24832
24837
24839
24843
24846
24851
24856
24859
24864
24896
24900
24906
24907
24914
24916
24919
24922
24960
24986
25000
25007
25055
25081
25082
25085
25087
25090
25093
25096
25099
25105
25107
25109
25110
25113
25114
25119
25120
25122
25123
25126
25127
25129
25131
25132
25134
25139
25140
25141
25143
25144
25148
25151
25152
25154
25156
25159
25160
25163
25166
25169
25172
25175
25176
25198
25199
25203
25221
25248
25252
25254
25256
25262
25266
25271
25274
25275
25277
25279
25280
25281
25283
25286
25287
25290
25296
25298
25302
25303
25305
25307
25309
25311
25312
25314
25318
25325
25326
25328
25331
25334
25335
25337
25339
25341
25342
25343
25344
25346
25348
25353
25356
25357
25360
25361
25362
25363
25364
25365
25370
25374
25398
25411
25419
25434
25435
25438
25456
25477
25480
25496
25506
25519
25523
25524
25528
25533
25534
25541
25544
25547
25548
25550
25555
25560
25565
25567
25570
25573
25583
25592
25596
25604
25607
25608
25611
25614
25615
25616
25617
25619
25623
25625
25627
25629
25631
25634
25635
25637
25640
25668
25677
25695
25711
25719
25738
25792
25838
25846
25856
25883
25892
25920
25929
25952
25960
25962
25964
25967
25969
25972
25980
25983
25985
25986
25989
25991
25992
25993
26001
26005
26007
26011
26015
26024
26029
26035
26037
26038
26043
26045
26075
26077
26088
26110
26141
26169
26171
26177
26180
26182
26183
26186
26188
26189
26191
26194
26195
26196
26199
26200
26201
26205
26207
26208
26210
26211
26212
26213
26214
26229
26240
26242
26243
26246
26262
26264
26266
26272
26276
26278
26282
26292
26314
26316
26322
26323
26328
26347
26370
26377
26379
26383
26385
26388
26391
26395
26396
26397
26402
26405
26407
26408
26410
26411
26426
26438
26496
26505
26507
26508
26510
26511
26515
26516
26518
26520
26521
26523
26525
26527
26529
26531
26532
26534
26536
26537
26538
26543
26544
26547
26548
26550
26554
26556
26557
26559
26561
26565
26566
26568
26570
26571
26574
26576
26579
26582
26583
26586
26591
26593
26595
26597
26600
26601
26605
26606
26608
26614
26617
26620
26626
26628
26631
26635
26636
26731
26733
26766
26771
26773
26774
26777
26778
26783
26785
26787
26817
26820
26824
26828
26831
26835
26842
26891
26892
26894
26918
26975
27009
27011
27013
27014
27015
27017
27020
27021
27024
27025
27027
27028
27030
27031
27032
27033
27036
27037
27045
27047
27049
27053
27055
27060
27062
27067
27068
27091
27095
27097
27101
27103
27107
27109
27110
27118
27127
27213
27229
27231
27233
27237
27255
27271
27278
27280
27282
27283
27284
27287
27289
27292
27295
27299
27300
27301
27303
27304
27307
27308
27310
27311
27315
27338
27345
27346
27350
27352
27402
27410
27421
27422
27428
27431
27433
27434
27436
27438
27441
27442
27443
27447
27450
27454
27457
27459
27464
27470
27473
27475
27478
27481
27483
27484
27486
27488
27491
27492
27499
27502
27504
27505
27506
27509
27510
27514
27515
27518
27520
27524
27526
27529
27533
27535
27539
27540
27542
27543
27547
27548
27549
27552
27555
27556
27558
27560
27565
27568
27571
27573
27575
27576
27580
27581
27582
27584
27586
27587
27588
27590
27591
27595
27598
27600
27601
27603
27604
27606
27607
27613
27619
27623
27625
27626
27628
27631
27633
27635
27636
27638
27639
27641
27643
27645
27646
27654
27665
27667
27681
27701
27721
27722
27724
27727
27729
27731
27733
27734
27735
27736
27767
27785
27794
27799
27809
27858
27859
27887
27896
27915
27916
27926
27944
27949
27955
27968
27970
27973
27975
27978
27979
27982
27985
27986
27989
27992
27993
27995
27996
27999
28000
28008
28009
28010
28016
28019
28023
28025
28026
28029
28030
28032
28036
28037
28038
28039
28040
28043
28048
28050
28052
28055
28057
28060
28061
28064
28067
28071
28073
28074
28075
28083
28085
28086
28087
28089
28092
28095
28096
28098
28104
28109
28112
28113
28115
28118
28120
28128
28130
28134
28135
28138
28139
28144
28150
28152
28162
28164
28168
28169
28171
28174
28176
28178
28179
28189
28209
28218
28239
28257
28260
28262
28263
28271
28272
28276
28277
28279
28281
28283
28290
28292
28408
28423
28435
28487
28490
28509
28523
28530
28535
28567
28570
28575
28578
28579
28581
28585
28586
28587
28588
28589
28591
28594
28598
28601
28603
28605
28606
28651
28665
28666
28671
28675
28703
28722
28796
28839
28845
28863
28872
28874
28876
28881
28884
28885
28886
28921
28924
28947
28996
29007
29015
29019
29031
29032
29034
29035
29036
29039
29040
29044
29050
29053
29055
29057
29061
29062
29064
29066
29069
29073
29076
29077
29081
29083
29086
29090
29092
29094
29098
29099
29104
29111
29112
29113
29114
29118
29119
29124
29126
29130
29174
29181
29259
29264
29266
29268
29272
29313
29323
29336
29366
29367
29368
29374
29375
29380
29382
29384
29389
29394
29418
29421
29423
29429
29432
29433
29435
29437
29438
29439
29443
29444
29448
29457
29458
29474
29478
29484
29485
29486
29489
29491
29495
29496
29497
29498
29499
29500
29501
29504
29507
29508
29509
29511
29513
29518
29521
29522
29549
29585
29587
29588
29590
29592
29594
29595
29597
29602
29603
29628
29631
29634
29637
29638
29640
29641
29642
29643
29644
29646
29648
29650
29652
29654
29657
29658
29660
29662
29663
29667
29670
29675
29676
29678
29681
29682
29683
29687
29688
29690
29694
29697
29699
29701
29705
29707
29708
29709
29714
29716
29719
29720
29721
29725
29726
29727
29739
29743
29744
29745
29753
29754
29755
29765
29769
29772
29773
29778
29784
29787
29789
29790
29791
29796
29811
29818
29826
29832
29838
29841
29847
29850
29857
29860
29861
29863
29873
29921
29922
29924
29954
29985
29987
29989
29999
30001
30005
30008
30013
30025
30029
30034
30036
30046
30059
30086
30089
30092
30093
30095
30096
30132
30149
30151
30154
30155
30161
30165
30167
30170
30173
30177
30179
30181
30182
30186
30188
30190
30192
30193
30194
30197
30199
30200
30201
30204
30207
30208
30211
30217
30221
30224
30227
30231
30232
30233
30238
30243
30244
30247
30248
30249
30258
30259
30266
30268
30269
30270
30271
30273
30275
30278
30279
30280
30283
30288
30296
30298
30299
30303
30305
30306
30346
30354
30357
30396
30427
30434
30459
30472
30475
30478
30484
30491
30492
30518
30542
30543
30551
30554
30562
30565
30567
30571
30574
30578
30582
30583
30584
30586
30588
30589
30591
30592
30594
30595
30599
30603
30606
30608
30611
30612
30615
30618
30619
30620
30621
30624
30626
30627
30630
30633
30635
30636
30640
30642
30648
30662
30663
30666
30670
30671
30672
30676
30677
30678
30686
30688
30689
30692
30695
30699
30701
30709
30710
30711
30713
30714
30716
30720
30750
30784
30788
30792
30794
30798
30800
30802
30804
30806
30809
30812
30813
30816
30817
30818
30825
30826
30827
30828
30832
30834
30836
30840
30844
30845
30846
30849
30850
30854
30856
30858
30861
30864
30866
30871
30872
30875
30877
30879
30882
30884
30887
30890
30893
30894
30896
30899
30903
30905
30912
30918
30921
30923
30926
30929
30936
30940
30947
30948
30951
30953
30958
30959
30961
30963
30965
30968
30969
30971
30978
30983
30986
30990
30995
30997
30998
31000
31001
31006
31010
31015
31016
31017
31020
31023
31024
31026
31029
31030
31032
31033
31036
31038
31040
31043
31044
31051
31054
31057
31061
31065
31066
31068
31071
31073
31083
31086
31088
31089
31095
31098
31100
31102
31108
31109
31111
31114
31119
31120
31124
31125
31131
31132
31134
31140
31145
31147
31149
31151
31154
31156
31158
31159
31160
31161
31165
31171
31174
31176
31181
31182
31186
31190
31192
31194
31195
31196
31198
31199
31201
31202
31204
31206
31210
31211
31214
31215
31216
31217
31221
31224
31226
31227
31228
31229
31232
31233
31235
31236
31237
31239
31243
31245
31263
31282
31313
31336
31341
31342
31343
31345
31347
31351
31354
31381
31416
31448
31459
31477
31486
31503
31530
31534
31571
31577
31590
31591
31592
31621
31637
31640
31689
31761
31770
31784
31851
31854
31855
31873
31875
31877
31878
31880
31897
31903
31944
31995
31998
32041
32070
32086
32110
32142
32155
32169
32185
32194
32210
32213
32226
32227
32245
32256
32280
32284
32286
32288
32292
32293
32295
32299
32300
32305
32307
32315
32354
32359
32366
32393
32398
32399
32400
32411
32412
32420
32424
32425
32426
32457
32459
32460
32463
32490
32514
32547
32608
32641
32653
32664
32677
32731
32732
32771
32797
32798
32800
32802
32805
32808
32810
32812
32814
32815
32818
32820
32824
32827
32842
32883
32896
32916
32919
32920
32923
32925
32926
32928
32929
32932
32934
32936
32940
32941
32944
32946
32953
32954
32956
32963
32964
32970
32973
32976
32977
32981
32982
32985
32986
32989
32991
32992
32996
33000
33001
33005
33008
33009
33010
33014
33017
33020
33022
33025
33028
33029
33031
33034
33036
33040
33043
33045
33046
33049
33050
33052
33053
33059
33060
33061
33068
33070
33071
33076
33080
33081
33082
33084
33086
33088
33091
33092
33096
33097
33099
33101
33104
33106
33113
33119
33124
33125
33126
33129
33135
33137
33139
33140
33141
33143
33145
33146
33174
33179
33189
33234
33251
33260
33263
33268
33309
33313
33314
33320
33321
33324
33328
33329
33331
33332
33335
33336
33337
33342
33343
33348
33349
33355
33361
33364
33382
33387
33391
33399
33412
33424
33425
33428
33430
33432
33433
33439
33440
33442
33445
33449
33450
33453
33455
33457
33458
33461
33463
33464
33465
33469
33495
33509
33514
33518
33541
33566
33593
33627
33644
33646
33650
33651
33657
33662
33665
33672
33673
33676
33689
33704
33705
33713
33740
33746
33889
33912
33943
33948
33979
33983
34022
34030
34036
34060
34069
34076
34097
34144
34212
34241
34256
34264
34267
34268
34270
34273
34275
34278
34280
34282
34283
34284
34286
34291
34292
34294
34295
34296
34297
34298
34300
34306
34308
34315
34319
34321
34324
34349
34350
34352
34359
34361
34362
34364
34366
34368
34370
34371
34373
34374
34377
34381
34385
34386
34388
34389
34390
34392
34393
34395
34396
34397
34399
34401
34403
34407
34409
34411
34414
34415
34418
34420
34421
34424
34426
34428
34430
34461
34490
34493
34494
34530
34537
34552
34554
34562
34564
34567
34572
34574
34577
34611
34615
34619
34620
34621
34622
34632
34661
34662
34665
34683
34687
34691
34696
34733
34766
34771
34787
34859
34865
34877
34943
34955
34958
34961
34963
34967
34973
34986
35086
35089
35090
35092
35094
35096
35097
35100
35101
35102
35104
35106
35110
35112
35114
35115
35137
35138
35139
35141
35182
35183
35187
35223
35273
35278
35296
35336
35339
35340
35346
35347
35351
35356
35359
35360
35362
35364
35373
35394
35395
35397
35401
35404
35407
35410
35421
35430
35431
35435
35436
35437
35438
35440
35442
35445
35446
35447
35452
35453
35457
35459
35464
35466
35468
35470
35483
35485
35499
35505
35506
35562
35582
35594
35634
35637
35643
35684
35693
35698
35703
35704
35721
35722
35728
35735
35738
35740
35746
35750
35754
35757
35760
35762
35763
35765
35766
35767
35772
35773
35776
35779
35780
35782
35784
35785
35788
35791
35792
35794
35796
35799
35800
35801
35802
35805
35807
35810
35815
35816
35819
35821
35822
35825
35827
35832
35836
35837
35841
35842
35844
35846
35847
35850
35853
35856
35860
35868
35870
35874
35875
35877
35878
35879
35881
35885
35887
35890
35891
35892
35924
35938
35941
35968
35970
35972
35976
35977
35979
35980
35983
35984
35990
35994
35997
35998
36000
36001
36003
36006
36007
36008
36010
36012
36014
36016
36020
36022
36023
36026
36028
36030
36033
36036
36040
36045
36047
36048
36049
36050
36053
36054
36056
36059
36061
36062
36064
36072
36076
36079
36081
36084
36085
36089
36093
36097
36100
36105
36106
36107
36114
36116
36118
36119
36121
36125
36127
36128
36140
36141
36143
36144
36150
36152
36155
36156
36157
36159
36161
36162
36164
36165
36169
36171
36173
36174
36178
36181
36183
36186
36188
36190
36192
36195
36196
36200
36201
36205
36206
36209
36210
36213
36215
36217
36218
36222
36225
36229
36235
36236
36237
36240
36243
36244
36245
36252
36256
36259
36260
36265
36267
36269
36272
36273
36274
36275
36279
36281
36284
36289
36296
36297
36300
36301
36302
36304
36306
36308
36311
36317
36318
36320
36322
36325
36328
36329
36333
36334
36336
36337
36343
36345
36348
36349
36352
36354
36378
36380
36382
36413
36419
36471
36477
36483
36486
36497
36515
36534
36536
36537
36565
36612
36613
36615
36619
36631
36645
36685
36687
36710
36711
36714
36717
36719
36722
36723
36725
36737
36757
36781
36797
36806
36809
36823
36839
36888
36910
36951
36971
36973
37005
37007
37043
37063
37066
37067
37068
37095
37099
37104
37110
37112
37113
37116
37121
37122
37124
37125
37145
37155
37160
37164
37186
37202
37205
37254
37258
37274
37287
37291
37294
37326
37327
37328
37330
37342
37348
37349
37357
37359
37361
37367
37369
37373
37374
37376
37379
37387
37393
37423
37432
37437
37440
37443
37450
37452
37470
37477
37529
37535
37538
37555
37616
37624
37633
37635
37653
37670
37678
37685
37690
37691
37692
37695
37697
37698
37700
37703
37707
37709
37713
37716
37721
37724
37727
37728
37733
37736
37738
37740
37751
37753
37754
37756
37757
37759
37766
37776
37808
37903
37917
37957
37976
37999
38005
38006
38008
38017
38025
38075
38099
38148
38214
38215
38231
38235
38236
38248
38283
38286
38318
38328
38330
38342
38352
38376
38382
38389
38395
38397
38401
38405
38412
38414
38416
38422
38425
38426
38428
38431
38453
38455
38457
38464
38475
38476
38479
38481
38483
38486
38492
38495
38497
38500
38507
38514
38516
38520
38523
38524
38526
38528
38533
38539
38541
38543
38546
38550
38554
38556
38559
38566
38575
38576
38578
38581
38585
38587
38590
38595
38599
38601
38605
38608
38610
38614
38617
38619
38620
38639
38645
38647
38648
38654
38658
38659
38662
38670
38696
38706
38731
38741
38750
38754
38804
38839
38853
38916
38948
38988
39034
39058
39067
39069
39071
39079
39080
39082
39085
39087
39091
39101
39103
39118
39156
39164
39186
39190
39201
39261
39270
39348
39369
39440
39441
39472
39488
39504
39551
39560
39566
39600
39603
39685
39687
39688
39691
39696
39742
39743
39744
39746
39750
39755
39757
39758
39760
39765
39769
39775
39779
39782
39785
39786
39787
39788
39794
39811
39850
39853
39872
39912
39930
39938
39945
39958
39961
39963
39965
39967
39969
39970
39972
39974
39975
39976
39986
40009
40011
40013
40015
40029
40037
40053
40057
40060
40062
40064
40068
40070
40072
40074
40076
40079
40080
40081
40083
40085
40088
40091
40095
40097
40099
40101
40105
40107
40109
40111
40113
40115
40116
40117
40118
40120
40121
40122
40123
40127
40130
40133
40135
40136
40139
40140
40172
40192
40203
40205
40206
40210
40214
40216
40219
40222
40223
40225
40227
40229
40231
40244
40257
40272
40324
40331
40335
40336
40341
40342
40347
40363
40364
40376
40392
40420
40468
40472
40505
40509
40526
40584
40616
40618
40619
40621
40622
40672
40688
40702
40703
40705
40708
40709
40712
40716
40721
40726
40729
40732
40734
40736
40737
40738
40741
40742
40744
40747
40749
40755
40758
40759
40761
40764
40768
40770
40828
40868
40870
40893
40894
40896
40900
40901
40905
40911
40913
40914
40920
40921
40925
40956
40970
40998
40999
41009
41039
41042
41044
41045
41047
41051
41052
41053
41070
41109
41118
41140
41141
41159
41197
41199
41205
41211
41212
41214
41243
41253
41315
41329
41338
41343
41377
41379
41417
41442
41443
41476
41490
41492
41512
41516
41521
41528
41555
41557
41559
41578
41587
41589
41590
41591
41592
41593
41597
41599
41629
41630
41632
41634
41635
41637
41639
41641
41642
41644
41645
41647
41648
41650
41653
41654
41657
41659
41660
41662
41664
41667
41669
41672
41673
41674
41676
41679
41682
41685
41687
41689
41690
41694
41695
41698
41699
41700
41704
41706
41707
41712
41713
41716
41717
41718
41723
41725
41732
41735
41736
41741
41744
41745
41746
41749
41751
41753
41755
41756
41759
41760
41762
41763
41766
41770
41771
41773
41774
41775
41776
41779
41780
41782
41786
41788
41793
41799
41801
41804
41807
41810
41812
41813
41816
41818
41821
41822
41823
41824
41825
41826
41828
41830
41832
41833
41835
41837
41839
41840
41842
41848
41850
41852
41855
41856
41859
41863
41864
41866
41868
41871
41873
41875
41878
41882
41884
41886
41894
41896
41900
41907
41910
41911
41917
41920
41960
42000
42007
42009
42049
42059
42061
42062
42065
42071
42074
42076
42080
42081
42082
42085
42090
42092
42095
42096
42097
42099
42101
42103
42105
42107
42116
42120
42123
42126
42127
42130
42134
42141
42144
42146
42148
42152
42153
42154
42155
42156
42157
42158
42159
42162
42174
42200
42240
42241
42243
42244
42245
42249
42252
42254
42256
42257
42258
42272
42277
42287
42298
42341
42346
42348
42350
42351
42355
42357
42360
42394
42396
42399
42402
42404
42406
42407
42412
42413
42436
42439
42453
42483
42485
42513
42514
42536
42581
42585
42588
42617
42660
42661
42666
42690
42693
42702
42728
42729
42791
42798
42821
42822
42861
42864
42938
42939
42976
42993
43016
43024
43026
43031
43032
43034
43039
43042
43043
43044
43047
43049
43050
43054
43058
43059
43063
43066
43072
43076
43077
43082
43084
43089
43091
43093
43095
43096
43099
43210
43232
43235
43238
43252
43257
43296
43299
43327
43329
43331
43332
43336
43338
43340
43342
43347
43371
43378
43404
43405
43407
43414
43416
43430
43472
43474
43513
43521
43552
43554
43585
43587
43590
43593
43594
43595
43599
43600
43604
43612
43613
43620
43621
43623
43656
43677
43684
43688
43689
43691
43693
43696
43697
43700
43704
43705
43707
43710
43712
43713
43714
43716
43718
43720
43723
43728
43730
43732
43734
43736
43740
43742
43744
43749
43750
43752
43754
43756
43766
43798
43805
43821
43827
43842
43847
43858
43896
43900
43916
43933
43938
43942
43946
44012
44053
44107
44109
44116
44142
44156
44159
44183
44186
44211
44225
44228
44296
44299
44300
44304
44309
44329
44334
44339
44352
44371
44416
44418
44424
44431
44456
44459
44500
44544
44573
44578
44611
44614
44615
44619
44623
44628
44632
44637
44638
44641
44647
44650
44656
44681
44699
44722
44727
44729
44732
44733
44736
44740
44752
44757
44775
44779
44780
44782
44785
44786
44797
44799
44878
44884
44895
44915
44925
44934
44948
44951
44953
44954
44955
44957
45041
45051
45062
45065
45070
45076
45152
45161
45195
45255
45285
45286
45299
45319
45375
45376
45388
45389
45391
45411
45462
45483
45484
45493
45494
45508
45512
45513
45565
45679
45691
45695
45712
45733
45747
45773
45774
45779
45808
45814
45828
45834
45849
45871
45893
45906
45921
45924
45926
45931
45933
45935
45937
45941
45943
45949
45951
45959
45961
45966
45969
45972
45977
45981
45985
45988
45990
45994
45998
45999
46001
46002
46010
46011
46013
46017
46018
46021
46025
46027
46030
46034
46040
46045
46049
46051
46056
46057
46058
46071
46078
46083
46088
46089
46093
46097
46102
46103
46104
46107
46112
46122
46124
46128
46130
46132
46134
46135
46136
46137
46139
46141
46145
46147
46149
46150
46158
46159
46160
46165
46168
46169
46171
46173
46175
46179
46183
46187
46188
46192
46200
46205
46208
46209
46216
46218
46225
46256
46257
46261
46264
46266
46267
46268
46269
46271
46273
46274
46277
46281
46284
46285
46289
46293
46296
46298
46300
46303
46305
46307
46309
46312
46314
46315
46318
46320
46323
46326
46327
46328
46330
46331
46335
46339
46340
46352
46362
46411
46438
46442
46466
46479
46480
46486
46487
46490
46491
46492
46497
46503
46505
46508
46511
46522
46525
46529
46530
46532
46533
46545
46546
46549
46550
46561
46570
46589
46593
46654
46664
46677
46702
46731
46739
46743
46744
46746
46749
46751
46755
46759
46762
46763
46764
46767
46768
46770
46771
46776
46778
46782
46783
46787
46788
46789
46790
46792
46794
46796
46799
46803
46805
46806
46813
46817
46823
46825
46829
46831
46833
46836
46837
46839
46845
46853
46857
46860
46865
46866
46867
46961
46963
46975
47021
47024
47071
47078
47150
47152
47155
47275
47279
47286
47290
47294
47344
47345
47348
47361
47365
47368
47403
47421
47424
47425
47426
47429
47431
47433
47437
47438
47440
47444
47447
47448
47449
47452
47453
47456
47458
47462
47464
47468
47510
47536
47561
47574
47691
47714
47736
47741
47757
47772
47773
47866
47872
47873
47874
47887
47974
47996
48000
48007
48009
48012
48016
48135
48189
48190
48197
48204
48205
48343
48358
48406
48415
48425
48430
48437
48488
48489
48490
48493
48498
48502
48515
48520
48522
48523
48525
48528
48533
48538
48549
48573
48665
48667
48669
48690
48706
48710
48711
48713
48716
48778
48798
48802
48829
48870
48884
48899
48911
48916
48917
48919
48922
49082
49100
49118
49166
49219
49269
49275
49285
49302
49328
49330
49338
49402
49470
49492
49501
49529
49533
49537
49544
49549
49550
49552
49553
49555
49559
49562
49565
49566
49574
49584
49585
49589
49595
49607
49675
49718
49745
49751
49787
49822
49823
49829
49836
49838
49840
49842
49845
49848
49852
49855
49856
49862
49863
49865
49875
49883
49903
49912
49942
49946
49961
49969
50089
50102
50190
50194
50222
50267
50365
50393
50499
50500
50530
50543
50563
50600
50625
50754
50776
50808
50836
50945
50961
50969
50991
51007
51013
51029
51030
51040
51042
51157
51218
51284
51296
51375
51420
51459
51463
51475
51484
51528
51547
51576
51609
51649
51712
51714
51776
51799
51814
51819
51821
51825
51846
51877
51995
52054
52088
52142
52143
52145
52151
52155
52161
52163
52164
52167
52169
52170
52175
52178
52181
52244
52271
52273
52279
52282
52284
52289
52290
52291
52292
52294
52295
52297
52299
52300
52304
52305
52307
52309
52312
52315
52319
52320
52325
52326
52328
52329
52331
52333
52335
52337
52338
52340
52341
52347
52349
52352
52353
52354
52355
52362
52426
52435
52437
52453
52455
52457
52464
52468
52470
52477
52479
52487
52494
52497
52501
52513
52515
52519
52523
52525
52529
52537
52538
52539
52540
52542
52547
52549
52550
52560
52562
52563
52564
52569
52572
52579
52586
52590
52592
52595
52596
52598
52599
52603
52610
52618
52625
52628
52630
52632
52635
52640
52641
52655
52659
52660
52670
52680
52686
52690
52694
52698
52702
52708
52712
52714
52720
52723
52727
52728
52732
52736
52743
52748
52750
52752
52753
52755
52769
52772
52784
52798
52811
52862
52921
52935
53057
53160
53163
53188
53271
53298
53302
53304
53310
53312
53328
53331
53394
53448
53533
53628
53654
53713
53753
53761
53783
53790
53798
53799
53810
53814
53818
53824
53839
53853
53856
53858
53881
53917
53981
54059
54061
54102
54107
54325
54326
54449
54454
54456
54557
54581
54652
54915
54928
54972
55100
55105
55148
55149
55151
55154
55156
55159
55160
55162
55166
55168
55171
55176
55210
55218
55307
55410
55421
55430
55484
55528
55628
55632
55637
55639
55641
55663
55669
55705
55861
55869
55875
55914
56031
56043
56142
56203
56207
56237
56243
56273
56327
56334
56357
56372
56402
56521
56615
56667
56675
56751
56772
56932
57017
57037
57068
57110
57142
57192
57193
57294
57308
57339
57349
57350
57483
57586
57587
57626
57644
57647
57649
57652
57653
57658
57659
57662
57711
57724
57778
57802
57839
57997
58001
58049
58065
58102
58143
58175
58182
58191
58196
58212
58215
58221
58325
58352
58363
58473
58559
58647
58664
58704
58705
58713
58729
58787
58811
58836
58995
59156
59210
59243
59283
59357
59441
59468
59474
59552
59703
59718
59803
59834
59837
59843
59851
59869
59908
60003
60016
60031
60096
60113
60126
60260
60261
60263
60267
60272
60276
60278
60362
60381
60522
60566
60683
60699
60745
60832
60852
60898
60957
60981
61064
61089
61141
61164
61342
61350
61365
61426
61506
61546
61556
61561
61600
61657
61671
61720
61721
61772
61816
61902
61923
61937
61938
61944
61946
61973
62001
62008
62047
62127
62158
62218
62236
62245
62247
62313
62342
62391
62417
62458
62483
62501
62517
62620
62708
62718
62747
62749
62752
62758
62782
62799
62997
63019
63051
63075
63099
63113
63117
63123
63131
63143
63151
63181
63261
63368
63369
63476
63487
63500
63667
63669
63673
63675
63908
63911
64010
64029
64036
64097
64147
64223
64290
64336
64433
64544
64601
64638
64767
64777
64947
64950
65051
65178
65188
65210
65235
65280
65402
65457
65484
65544
65751
65762
65834
65884
65948
66049
66050
66053
66056
66059
66062
66063
66066
66067
66074
66082
66090
66094
66096
66099
66104
66107
66111
66119
66125
66126
66128
66131
66133
66135
66137
66138
66142
66148
66156
66163
66166
66171
66175
66176
66179
66186
66188
66190
66198
66201
66213
66225
66228
66232
66233
66235
66236
66238
66239
66241
66243
66249
66251
66255
66257
66259
66260
66263
66265
66269
66271
66272
66274
66277
66282
66284
66286
66289
66291
66294
66298
66302
66303
66306
66307
66313
66319
66320
66322
66323
66326
66330
66331
66332
66334
66337
66338
66343
66344
66346
66348
66353
66355
66356
66361
66367
66369
66375
66383
66385
66387
66388
66397
66399
66400
66403
66405
66406
66410
66411
66415
66419
66423
66426
66431
66434
66438
66439
66441
66443
66448
66451
66452
66456
66457
66461
66463
66465
66468
66471
66472
66476
66480
66483
66491
66505
66554
66624
66627
66628
66647
66687
66689
66750
66779
66800
66878
66904
67008
67013
67037
67047
67048
67071
67111
67139
67161
67261
67326
67397
67482
67560
67609
67651
67661
67775
67900
67929
67933
67989
68207
68414
68433
68466
68486
68533
68718
68741
68845
68908
68969
69038
69042
69194
69239
69329
69400
69415
69514
69549
69607
69625
69683
69822
69963
69987
70064
70076
70286
70315
70457
70482
70500
70545
70614
70781
71042
71095
71224
71334
71352
71360
71907
71962
72020
72111
72301
72302
72418
72546
72574
72592
72809
72831
73034
73091
73224
73270
73330
73347
73372
73567
73589
73724
74144
74215
74216
74225
74453
74489
74509
74573
74698
74775
74851
74865
74894
75105
75121
75151
75406
75659
75772
76239
76297
76428
76517
76612
76736
76833
76926
77020
77026
77073
77336
77381
