0
0
34
62
72
86
139
151
152
171
186
193
210
231
233
276
280
283
284
285
286
296
319
343
377
380
384
406
443
444
447
450
467
470
483
515
519
520
528
531
541
554
607
621
625
628
642
648
659
660
666
696
703
727
736
738
776
794
813
821
835
849
874
881
949
961
965
968
973
974
975
1033
1067
1076
1090
1124
1131
1165
1213
1247
1257
1263
1272
1284
1293
1302
1314
1317
1319
1321
1324
1339
1353
1363
1374
1377
1378
1379
1387
1406
1420
1430
1507
1539
1550
1563
1571
1605
1635
1664
1674
1680
1692
1699
1721
1740
1742
1775
1778
1779
1796
1811
1815
1838
1839
1893
1894
1912
1918
1926
1956
1973
1978
1994
2005
2018
2042
2048
2058
2080
2114
2125
2138
2171
2186
2191
2198
2222
2252
2268
2345
2381
2493
2506
2566
2568
2595
2613
2629
2635
2647
2664
2683
2719
2812
2815
2868
2869
2872
2891
2895
2919
2933
2971
2983
3006
3008
3041
3051
3097
3111
3114
3141
3146
3187
3205
3221
3227
3250
3266
3284
3285
3287
3290
3293
3323
3331
3332
3342
3347
3351
3359
3399
3417
3425
3429
3505
3535
3629
3643
3684
3720
3759
3766
3782
3802
3825
3890
3892
3926
3935
3942
3965
3972
3987
4060
4084
4085
4097
4103
4121
4138
4171
4180
4230
4253
4275
4276
4278
4286
4347
4400
4437
4534
4554
4565
4579
4594
4674
4713
4737
4819
4831
4868
4881
4941
4970
4976
5000
5031
5059
5087
5095
5144
5173
5179
5330
