0 16
0 13
0 17
2 1
0 7
1 7
0 39
2 7
3 7
3 1
1 17
1 13
0 45
2 13
2 17
3 17
3 13
1 45
0 29
0 33
0 46
0 49
2 32
1 29
1 49
2 46
1 46
3 46
0 26
1 39
0 5
2 39
2 29
1 16
2 16
1 5
1 33
0 6
0 43
3 16
2 33
0 48
0 27
2 49
3 33
3 49
1 6
1 27
2 27
3 27
0 21
0 32
2 45
2 6
1 48
2 5
3 29
3 5
0 2
1 21
1 2
0 44
2 2
2 48
1 43
3 2
0 8
1 44
2 30
1 26
2 43
1 32
0 35
3 6
2 44
1 8
0 1
0 10
1 1
0 0
0 34
0 22
0 37
1 35
3 39
3 44
1 22
0 15
2 8
0 3
0 9
3 48
2 35
1 10
1 3
2 3
2 10
1 37
1 34
0 18
2 26
0 12
2 34
0 30
0 47
1 12
3 3
3 26
1 15
2 37
3 43
1 9
1 18
2 23
0 31
1 30
2 38
0 20
3 37
2 21
1 31
1 0
0 40
2 31
3 31
0 42
3 45
0 36
1 40
1 47
2 22
3 8
2 9
3 23
1 36
2 11
0 11
0 41
2 36
3 36
3 30
3 9
3 21
1 42
2 42
3 10
1 11
2 40
3 11
0 14
0 23
2 14
0 38
2 24
0 25
3 40
2 0
2 41
0 4
1 20
1 23
3 42
1 14
0 24
1 38
3 35
0 19
2 47
1 4
3 0
3 22
0 28
1 19
1 25
1 28
2 25
1 41
3 25
2 19
2 4
3 38
2 18
1 24
3 32
3 34
2 20
2 15
3 19
3 47
3 24
3 4
3 20
3 15
3 14
3 18
2 12
2 28
3 41
3 28
3 12

Score: 154.21000000000106