0
1
4
9
17
24
25
29
33
40
41
44
45
46
48
61
84
85
89
90
93
94
99
100
102
107
108
109
111
113
114
116
119
121
124
127
130
132
136
139
143
148
149
150
151
153
154
156
157
158
160
164
165
166
169
178
181
184
189
192
194
195
202
204
207
211
214
215
218
219
224
227
231
235
236
237
239
241
243
245
246
250
253
254
256
257
259
260
261
263
267
268
270
273
278
279
281
282
283
289
293
295
297
298
300
310
313
317
318
320
322
325
327
330
337
338
339
342
345
349
351
352
353
354
357
361
362
363
365
366
367
368
369
370
371
372
374
376
377
380
381
383
384
386
389
390
392
394
395
398
399
409
422
423
424
427
429
431
433
440
441
449
456
493
494
496
497
504
507
508
509
515
518
520
521
527
529
532
533
535
537
538
540
544
545
546
548
551
553
554
555
556
557
558
562
563
565
571
573
577
578
579
580
595
598
600
601
602
605
606
608
609
611
612
614
615
617
624
625
626
628
630
631
633
634
636
639
641
642
644
648
649
651
660
661
662
663
664
666
667
670
672
673
675
681
682
689
690
693
695
696
697
698
699
700
702
704
705
707
710
718
720
721
722
723
725
727
729
732
735
737
739
741
743
746
748
753
754
756
761
765
769
776
779
780
783
784
788
789
790
795
799
801
803
805
806
807
810
821
822
825
827
828
831
836
837
839
844
845
849
856
858
859
862
866
868
869
871
872
874
876
877
879
880
881
886
892
894
895
897
898
904
906
907
909
912
913
914
916
919
920
922
923
927
928
930
931
932
934
937
938
943
944
947
948
950
952
953
955
957
959
961
963
966
969
971
972
974
975
977
978
980
982
986
990
992
994
996
998
1001
1003
1004
1006
1008
1012
1013
1014
1021
1025
1027
1029
1030
1031
1033
1035
1037
1041
1044
1046
1048
1052
1056
1101
1102
1104
1105
1106
1109
1112
1121
1122
1125
1127
1128
1129
1135
1136
1138
1140
1142
1144
1146
1147
1149
1152
1154
1155
1157
1160
1162
1165
1168
1171
1173
1174
1177
1178
1179
1182
1186
1189
1190
1191
1193
1197
1199
1202
1205
1206
1207
1208
1209
1212
1213
1214
1216
1219
1221
1222
1224
1226
1227
1230
1232
1236
1237
1238
1240
1243
1244
1246
1249
1253
1255
1258
1259
1260
1262
1266
1268
1272
1274
1276
1277
1279
1280
1282
1283
1284
1285
1286
1291
1292
1294
1299
1303
1305
1306
1310
1311
1314
1316
1319
1321
1322
1323
1326
1327
1328
1329
1331
1333
1334
1338
1339
1341
1342
1344
1346
1349
1350
1352
1356
1358
1360
1364
1366
1368
1369
1375
1378
1380
1382
1383
1387
1391
1398
1439
1444
1446
1449
1453
1463
1465
1466
1467
1468
1469
1473
1476
1479
1483
1485
1488
1490
1492
1494
1495
1497
1498
1501
1502
1506
1507
1509
1510
1512
1516
1519
1520
1523
1525
1527
1529
1530
1533
1535
1538
1539
1543
1544
1545
1546
1547
1551
1553
1559
1561
1564
1570
1574
1575
1580
1581
1584
1586
1590
1591
1594
1595
1599
1601
1603
1605
1607
1609
1611
1615
1617
1619
1620
1623
1625
1628
1629
1630
1632
1634
1637
1640
1641
1644
1646
1647
1650
1653
1656
1658
1659
1661
1662
1664
1668
1669
1670
1671
1672
1673
1674
1675
1676
1680
1682
1684
1685
1690
1693
1700
1703
1705
1706
1707
1708
1709
1711
1713
1716
1718
1719
1723
1727
1728
1731
1732
1733
1734
1738
1739
1740
1741
1744
1746
1749
1750
1751
1752
1753
1754
1755
1757
1759
1760
1761
1762
1763
1765
1766
1767
1770
1771
1772
1774
1778
1781
1783
1785
1787
1789
1790
1791
1794
1797
1800
1802
1803
1805
1808
1809
1812
1814
1817
1818
1820
1823
1824
1825
1828
1831
1834
1835
1841
1846
1847
1848
1851
1852
1853
1855
1857
1860
1861
1862
1863
1865
1874
1876
1877
1882
1887
1889
1890
1891
1895
1896
1899
1900
1903
1904
1905
1906
1908
1910
1911
1914
1917
1921
1923
1926
1927
1930
1932
1935
1939
1941
1943
1944
1946
1949
1952
1954
1956
1961
1963
1967
1971
1973
1979
1981
1983
1985
1989
1991
1992
1994
1999
2001
2003
2005
2006
2009
2012
2013
2014
2016
2018
2020
2021
2023
2025
2026
2027
2028
2031
2032
2036
2037
2039
2044
2046
2048
2054
2060
2062
2063
2064
2066
2069
2070
2073
2076
2077
2078
2083
2085
2086
2089
2090
2092
2094
2095
2098
2101
2103
2105
2106
2107
2108
2109
2110
2111
2113
2115
2118
2119
2120
2123
2127
2130
2132
2133
2136
2138
2144
2148
2151
2153
2154
2155
2156
2159
2162
2168
2169
2170
2171
2186
2187
2189
2190
2193
2195
2197
2198
2199
2203
2204
2212
2216
2217
2218
2219
2220
2222
2226
2227
2230
2232
2234
2237
2242
2245
2246
2247
2249
2253
2254
2255
2256
2258
2260
2262
2263
2265
2267
2272
2274
2275
2281
2284
2296
2299
2300
2301
2302
2305
2307
2309
2310
2314
2317
2319
2321
2324
2325
2326
2328
2329
2330
2331
2333
2334
2335
2337
2338
2339
2340
2342
2344
2345
2346
2347
2349
2351
2352
2353
2354
2355
2359
2362
2363
2366
2369
2370
2372
2373
2375
2376
2378
2379
2387
2392
2395
2396
2397
2399
2408
2410
2420
2421
2423
2425
2426
2430
2432
2433
2438
2440
2442
2446
2449
2451
2453
2458
2465
2467
2468
2469
2470
2471
2472
2474
2478
2482
2483
2485
2486
2490
2491
2492
2493
2494
2495
2497
2502
2503
2505
2507
2508
2509
2511
2512
2513
2516
2517
2520
2521
2524
2525
2527
2530
2531
2532
2537
2538
2540
2542
2544
2547
2548
2549
2550
2552
2554
2557
2558
2561
2563
2564
2565
2566
2567
2570
2573
2575
2577
2581
2584
2586
2587
2589
2590
2592
2595
2604
2623
2631
2632
2635
2640
2643
2646
2647
2648
2650
2652
2654
2661
2668
2669
2676
2678
2679
2681
2683
2688
2703
2709
2711
2712
2713
2715
2722
2730
2731
2734
2735
2748
2752
2754
2758
2762
2767
2769
2771
2772
2775
2778
2780
2781
2786
2788
2799
2804
2807
2810
2813
2822
2824
2825
2828
2830
2833
2834
2836
2837
2847
2851
2852
2853
2854
2856
2872
2875
2884
2903
2904
2906
2907
2908
2909
2948
2975
2979
2984
2985
2988
2993
2997
3001
3009
3010
3026
3027
3028
3029
3036
3037
3038
3039
3042
3046
3061
3064
3066
3070
3071
3073
3078
3103
3104
3105
3118
3125
3137
3139
3141
3142
3144
3146
3150
3151
3152
3154
3155
3157
3158
3160
3161
3162
3163
3166
3169
3175
3177
3179
3180
3181
3182
3183
3186
3187
3188
3190
3191
3196
3198
3204
3207
3230
3237
3247
3249
3250
3267
3275
3276
3279
3284
3287
3289
3291
3294
3298
3300
3308
3310
3314
3318
3319
3321
3326
3330
3334
3337
3341
3345
3346
3347
3348
3352
3354
3356
3357
3361
3362
3365
3366
3368
3371
3374
3376
3377
3378
3379
3380
3386
3392
3396
3397
3398
3399
3401
3402
3403
3404
3405
3411
3412
3414
3418
3419
3421
3426
3427
3429
3431
3432
3433
3434
3435
3438
3440
3441
3443
3446
3448
3450
3453
3455
3456
3457
3460
3466
3468
3470
3472
3475
3476
3477
3481
3485
3486
3489
3492
3493
3495
3498
3500
3501
3502
3505
3508
3510
3512
3514
3517
3518
3521
3523
3524
3525
3526
3527
3529
3531
3532
3534
3536
3539
3541
3542
3544
3545
3546
3548
3551
3553
3554
3557
3559
3560
3561
3562
3563
3564
3569
3572
3574
3578
3580
3582
3590
3592
3596
3598
3600
3602
3604
3605
3607
3612
3613
3614
3616
3618
3619
3621
3622
3623
3627
3630
3638
3640
3641
3642
3647
3648
3650
3654
3655
3657
3659
3662
3663
3665
3666
3667
3668
3670
3672
3673
3676
3677
3679
3681
3687
3690
3691
3692
3696
3698
3699
3700
3704
3705
3709
3715
3716
3717
3718
3719
3723
3729
3730
3731
3734
3735
3737
3739
3740
3741
3744
3745
3746
3751
3753
3757
3758
3760
3761
3763
3764
3765
3767
3780
3786
3790
3794
3796
3801
3803
3805
3808
3811
3813
3816
3817
3823
3824
3825
3826
3828
3831
3832
3834
3836
3837
3840
3843
3847
3849
3850
3851
3852
3856
3857
3859
3860
3861
3863
3868
3869
3870
3872
3873
3875
3879
3882
3887
3888
3893
3894
3896
3902
3903
3904
3905
3906
3908
3916
3918
3919
3921
3922
3925
3927
3930
3932
3935
3936
3942
3943
3944
3946
3947
3948
3949
3950
3952
3955
3956
3958
3959
3960
3961
3968
4015
4022
4023
4024
4028
4031
4032
4033
4034
4044
4045
4053
4054
4055
4057
4062
4065
4069
4071
4072
4073
4075
4077
4078
4079
4081
4084
4089
4092
4094
4095
4096
4098
4099
4100
4101
4103
4104
4106
4108
4111
4112
4114
4118
4119
4127
4128
4132
4133
4134
4139
4140
4142
4144
4147
4148
4150
4153
4154
4156
4158
4160
4162
4165
4166
4168
4170
4171
4173
4176
4177
4181
4183
4184
4185
4188
4189
4198
4201
4222
4223
4224
4225
4228
4230
4232
4235
4239
4242
4246
4248
4249
4252
4255
4257
4260
4262
4263
4265
4267
4269
4271
4273
4275
4276
4277
4278
4281
4285
4286
4287
4288
4293
4296
4297
4299
4300
4301
4303
4306
4307
4308
4309
4312
4314
4319
4321
4325
4327
4331
4335
4336
4337
4338
4340
4342
4347
4365
4366
4367
4368
4374
4376
4379
4380
4384
4385
4386
4388
4390
4391
4392
4395
4396
4402
4405
4406
4408
4412
4414
4415
4416
4417
4418
4419
4420
4423
4425
4427
4428
4430
4432
4434
4441
4444
4446
4449
4451
4452
4453
4455
4457
4463
4464
4467
4468
4471
4473
4474
4475
4477
4481
4482
4484
4488
4491
4492
4494
4495
4498
4499
4500
4502
4503
4505
4510
4511
4517
4518
4519
4521
4522
4524
4526
4528
4530
4533
4534
4535
4536
4541
4543
4546
4547
4549
4552
4553
4554
4556
4560
4561
4562
4563
4564
4565
4568
4569
4574
4577
4582
4584
4585
4586
4587
4590
4592
4598
4600
4601
4606
4611
4613
4615
4616
4619
4621
4625
4626
4628
4630
4633
4636
4637
4639
4641
4643
4644
4646
4647
4648
4652
4655
4656
4659
4661
4667
4668
4670
4672
4674
4676
4677
4680
4681
4682
4684
4686
4687
4688
4689
4691
4692
4696
4702
4704
4705
4720
4723
4726
4730
4733
4742
4746
4750
4754
4760
4773
4778
4781
4782
4783
4793
4798
4802
4806
4807
4809
4814
4818
4820
4825
4827
4833
4834
4837
4838
4842
4843
4844
4846
4849
4850
4853
4855
4858
4860
4861
4862
4863
4867
4868
4869
4874
4877
4880
4882
4883
4885
4887
4891
4897
4898
4900
4902
4903
4904
4907
4908
4909
4910
4911
4912
4913
4915
4921
4925
4926
4927
4931
4936
4937
4940
4941
4943
4944
4945
4947
4950
4952
4955
4956
4957
4960
4961
4963
4965
4966
4998
5040
5041
5044
5055
5056
5057
5059
5064
5066
5071
5073
5074
5076
5089
5094
5095
5100
5105
5106
5109
5113
5114
5118
5125
5130
5131
5134
5144
5146
5150
5152
5176
5181
5190
5196
5203
5209
5213
5215
5216
5221
5231
5234
5236
5239
5241
5243
5245
5248
5251
5253
5255
5257
5260
5261
5264
5265
5268
5269
5270
5271
5274
5277
5278
5280
5281
5283
5284
5288
5295
5298
5300
5303
5305
5308
5310
5313
5315
5316
5320
5323
5329
5334
5335
5336
5339
5340
5344
5347
5353
5355
5356
5358
5364
5365
5369
5371
5372
5373
5379
5382
5388
5390
5392
5395
5396
5403
5412
5414
5415
5417
5420
5423
5424
5425
5428
5434
5438
5439
5440
5444
5446
5449
5451
5457
5458
5460
5465
5467
5469
5471
5472
5475
5478
5485
5487
5488
5489
5490
5492
5493
5496
5498
5500
5503
5504
5505
5508
5509
5513
5514
5515
5516
5520
5522
5523
5525
5526
5530
5531
5535
5537
5539
5541
5545
5547
5548
5550
5551
5552
5553
5555
5557
5561
5564
5566
5571
5572
5574
5578
5581
5582
5584
5586
5587
5591
5592
5596
5597
5599
5600
5608
5609
5617
5618
5621
5627
5630
5631
5636
5639
5640
5643
5645
5651
5654
5657
5660
5663
5670
5672
5675
5676
5680
5681
5682
5684
5685
5688
5691
5693
5694
5696
5698
5700
5702
5703
5706
5707
5709
5710
5713
5715
5722
5723
5724
5727
5729
5730
5735
5737
5738
5743
5746
5750
5752
5764
5792
5806
5810
5814
5815
5821
5824
5825
5829
5831
5832
5833
5837
5845
5846
5852
5854
5858
5860
5861
5862
5863
5868
5871
5872
5876
5879
5882
5884
5888
5894
5895
5897
5903
5904
5906
5907
5909
5912
5915
5917
5919
5920
5925
5926
5933
5935
5936
5937
5938
5939
5942
5946
5947
5948
5951
5952
5953
5954
5957
5959
5960
5964
5966
5968
5969
5970
5974
5976
5978
5980
5984
5985
5989
5990
5992
5993
5998
6001
6010
6012
6013
6015
6028
6029
6034
6035
6036
6037
6040
6041
6045
6046
6048
6049
6053
6054
6055
6057
6059
6061
6062
6066
6070
6071
6072
6073
6075
6076
6082
6084
6085
6087
6091
6095
6097
6099
6101
6104
6105
6107
6108
6109
6110
6113
6115
6117
6118
6119
6121
6122
6123
6124
6131
6133
6135
6138
6141
6144
6148
6151
6152
6154
6157
6158
6161
6162
6165
6168
6169
6171
6172
6174
6175
6177
6182
6185
6187
6189
6193
6195
6196
6199
6202
6213
6214
6220
6224
6225
6232
6236
6241
6244
6246
6248
6250
6252
6253
6255
6259
6260
6261
6263
6265
6266
6267
6268
6276
6285
6286
6295
6297
6299
6302
6304
6306
6309
6311
6312
6314
6315
6316
6317
6319
6320
6321
6323
6326
6328
6329
6331
6333
6335
6338
6342
6343
6344
6345
6347
6355
6356
6359
6367
6370
6372
6373
6374
6378
6381
6382
6385
6387
6391
6393
6403
6405
6413
6416
6419
6420
6433
6438
6439
6440
6444
6445
6446
6447
6449
6450
6455
6456
6459
6460
6461
6463
6464
6469
6473
6478
6479
6484
6486
6494
6497
6502
6506
6520
6524
6525
6527
6528
6543
6548
6555
6559
6586
6614
6621
6622
6625
6627
6630
6632
6633
6635
6636
6638
6639
6641
6676
6682
6689
6691
6696
6701
6702
6705
6707
6710
6712
6716
6717
6722
6725
6728
6735
6742
6746
6753
6755
6769
6779
6781
6782
6783
6792
6808
6819
6831
6832
6836
6841
6843
6846
6848
6852
6853
6854
6857
6859
6861
6863
6864
6866
6870
6873
6875
6876
6878
6880
6881
6883
6888
6890
6893
6894
6895
6897
6899
6902
6903
6905
6907
6909
6917
6918
6923
6924
6925
6929
6933
6935
6937
6938
6939
6943
6947
6948
6950
6953
6954
6955
6957
6958
6961
6965
6968
6971
6973
6974
6975
6979
6982
6983
6984
6987
7007
7009
7014
7015
7016
7023
7028
7053
7071
7074
7075
7079
7080
7082
7088
7090
7092
7094
7098
7100
7102
7105
7106
7107
7109
7111
7112
7115
7117
7121
7122
7125
7126
7127
7128
7129
7131
7132
7134
7139
7146
7150
7152
7157
7159
7166
7167
7171
7173
7177
7181
7183
7184
7189
7190
7193
7194
7196
7205
7206
7207
7209
7211
7212
7215
7222
7225
7229
7232
7237
7238
7239
7241
7243
7245
7250
7251
7252
7253
7257
7260
7262
7263
7264
7267
7268
7271
7274
7276
7277
7278
7281
7282
7285
7288
7290
7300
7301
7304
7306
7309
7314
7317
7323
7324
7325
7326
7331
7338
7340
7342
7347
7348
7349
7351
7354
7360
7370
7374
7377
7380
7381
7384
7387
7388
7391
7393
7396
7397
7400
7405
7406
7407
7409
7411
7414
7417
7418
7430
7437
7438
7440
7443
7447
7449
7450
7451
7456
7458
7464
7468
7469
7473
7474
7476
7477
7479
7482
7485
7487
7488
7490
7491
7494
7495
7499
7500
7501
7505
7509
7510
7513
7518
7519
7520
7523
7524
7525
7529
7530
7531
7532
7536
7538
7540
7541
7542
7546
7550
7552
7554
7560
7563
7568
7570
7571
7572
7573
7577
7578
7579
7582
7584
7588
7590
7592
7593
7594
7596
7597
7600
7601
7602
7604
7606
7607
7616
7617
7620
7624
7626
7628
7631
7636
7637
7638
7640
7642
7643
7645
7649
7651
7653
7655
7656
7659
7665
7666
7668
7669
7673
7675
7691
7692
7693
7695
7697
7699
7701
7702
7704
7706
7709
7711
7714
7720
7721
7722
7725
7727
7731
7732
7733
7735
7737
7739
7741
7743
7744
7746
7747
7748
7749
7751
7752
7753
7755
7756
7757
7758
7760
7761
7762
7770
7820
7849
7854
7861
7862
7873
7879
7885
7890
7892
7894
7904
7909
7918
7947
7948
7949
7952
7957
7959
7960
7962
7981
7982
7986
7987
7988
7989
7992
8020
8036
8083
8086
8090
8093
8094
8096
8100
8103
8105
8106
8108
8109
8129
8130
8136
8167
8173
8175
8180
8181
8185
8197
8203
8205
8206
8207
8214
8215
8216
8231
8262
8263
8266
8267
8275
8276
8281
8287
8288
8289
8294
8295
8298
8302
8306
8309
8314
8319
8323
8326
8327
8332
8336
8337
8345
8347
8350
8359
8360
8362
8368
8371
8372
8373
8377
8378
8379
8382
8385
8387
8391
8393
8397
8401
8403
8411
8423
8426
8427
8431
8436
8440
8441
8444
8447
8456
8459
8461
8467
8472
8473
8478
8479
8481
8492
8498
8499
8503
8506
8507
8509
8511
8512
8514
8516
8519
8524
8528
8529
8530
8531
8535
8538
8540
8542
8546
8549
8550
8553
8565
8567
8571
8573
8578
8580
8584
8592
8625
8645
8647
8653
8659
8667
8673
8676
8679
8682
8686
8693
8700
8702
8703
8705
8707
8708
8711
8716
8717
8721
8722
8724
8725
8727
8728
8729
8730
8733
8735
8738
8741
8743
8745
8748
8772
8773
8774
8775
8779
8781
8783
8786
8787
8790
8802
8806
8808
8810
8813
8816
8817
8821
8824
8826
8838
8841
8845
8846
8847
8850
8855
8859
8862
8867
8870
8877
8880
8884
8889
8890
8892
8893
8894
8901
8904
8910
8911
8912
8913
8917
8918
8920
8923
8924
8927
8929
8936
8939
8945
8948
8954
8955
8956
8958
8964
8967
8968
8972
8976
8977
8978
8988
8990
8992
8994
8996
8997
8999
9000
9002
9003
9006
9012
9016
9019
9023
9024
9026
9027
9030
9031
9034
9035
9038
9039
9042
9046
9049
9051
9054
9059
9062
9070
9073
9077
9083
9086
9091
9092
9094
9095
9097
9098
9100
9102
9105
9110
9113
9121
9122
9125
9126
9128
9129
9136
9140
9141
9142
9148
9155
9160
9161
9162
9166
9168
9170
9171
9172
9175
9176
9183
9191
9193
9197
9200
9204
9210
9213
9215
9216
9217
9223
9224
9236
9240
9266
9294
9296
9298
9300
9301
9302
9308
9309
9311
9318
9319
9321
9322
9325
9327
9330
9334
9339
9343
9345
9354
9358
9359
9368
9401
9406
9410
9414
9417
9423
9426
9432
9435
9439
9446
9448
9449
9451
9452
9453
9456
9457
9458
9459
9476
9488
9506
9507
9515
9525
9530
9531
9535
9541
9543
9544
9548
9554
9563
9564
9600
9612
9616
9622
9649
9662
9664
9669
9671
9680
9682
9685
9686
9687
9690
9703
9705
9711
9716
9717
9720
9723
9726
9732
9737
9773
9774
9779
9781
9784
9786
9788
9789
9790
9798
9799
9803
9806
9808
9809
9811
9814
9815
9820
9822
9824
9825
9829
9835
9836
9840
9842
9844
9847
9848
9852
9853
9854
9855
9857
9858
9861
9864
9866
9871
9874
9879
9882
9883
9884
9885
9887
9890
9891
9893
9895
9900
9903
9906
9907
9910
9911
9912
9915
9917
9918
9920
9922
9926
9929
9931
9935
9938
9940
9941
9950
9953
9955
9956
9961
9964
9967
9968
9979
9981
9985
9996
9999
10000
10002
10010
10015
10018
10019
10020
10022
10024
10029
10030
10032
10033
10035
10037
10041
10044
10048
10049
10050
10053
10055
10064
10070
10072
10074
10077
10078
10080
10081
10083
10086
10088
10089
10091
10092
10094
10097
10099
10101
10103
10108
10109
10111
10113
10114
10115
10116
10118
10119
10120
10122
10123
10124
10126
10128
10129
10132
10133
10136
10138
10140
10141
10142
10145
10147
10148
10149
10153
10154
10156
10158
10160
10161
10162
10165
10168
10170
10171
10176
10179
10180
10181
10185
10187
10190
10191
10192
10193
10201
10202
10203
10204
10205
10210
10213
10214
10215
10217
10221
10223
10225
10226
10228
10231
10234
10244
10245
10246
10248
10252
10254
10259
10260
10264
10266
10269
10270
10271
10273
10276
10277
10278
10281
10290
10298
10302
10303
10306
10316
10342
10343
10350
10353
10354
10355
10362
10364
10370
10372
10374
10375
10377
10381
10383
10390
10392
10395
10396
10399
10403
10404
10406
10411
10415
10417
10418
10422
10427
10430
10431
10432
10437
10440
10442
10445
10448
10450
10451
10454
10460
10461
10463
10464
10465
10469
10472
10484
10485
10489
10492
10494
10501
10503
10509
10515
10516
10519
10523
10529
10532
10533
10534
10535
10543
10545
10546
10550
10554
10562
10565
10575
10576
10586
10588
10589
10594
10595
10596
10597
10600
10602
10605
10607
10608
10609
10610
10612
10617
10621
10623
10627
10628
10631
10633
10637
10640
10642
10644
10645
10647
10650
10653
10654
10656
10657
10661
10662
10663
10665
10666
10672
10676
10680
10681
10682
10685
10688
10692
10693
10698
10699
10700
10703
10704
10705
10711
10712
10713
10714
10717
10724
10726
10729
10730
10731
10733
10734
10736
10737
10740
10741
10742
10744
10746
10748
10749
10752
10753
10754
10759
10761
10764
10771
10776
10784
10787
10788
10795
10796
10801
10802
10803
10806
10808
10813
10814
10817
10818
10825
10832
10833
10835
10836
10837
10838
10840
10842
10845
10848
10852
10854
10855
10858
10859
10862
10864
10865
10890
10900
10902
10906
10907
10913
10914
10916
10918
10921
10923
10933
10948
10950
10957
10960
10961
10965
10968
10970
10971
10973
10979
10980
10982
10985
11021
11024
11026
11030
11034
11056
11080
11081
11088
11099
11107
11129
11131
11132
11133
11134
11136
11138
11143
11147
11149
11152
11153
11154
11156
11157
11158
11160
11162
11163
11164
11170
11171
11174
11177
11179
11184
11185
11189
11191
11192
11197
11201
11203
11204
11207
11208
11210
11212
11213
11214
11219
11221
11224
11228
11229
11230
11231
11232
11233
11235
11241
11245
11249
11268
11315
11320
11322
11323
11327
11335
11342
11344
11345
11348
11355
11360
11361
11363
11364
11370
11373
11379
11388
11394
11395
11396
11402
11406
11409
11411
11416
11429
11433
11467
11502
11504
11506
11509
11510
11513
11516
11518
11526
11541
11542
11543
11544
11545
11546
11549
11551
11553
11555
11557
11558
11562
11564
11567
11569
11574
11575
11577
11580
11586
11589
11590
11592
11593
11599
11604
11605
11606
11610
11612
11614
11615
11617
11618
11620
11625
11626
11627
11629
11631
11632
11633
11634
11636
11639
11643
11644
11645
11647
11649
11652
11653
11654
11657
11659
11660
11662
11664
11670
11671
11677
11682
11685
11686
11689
11690
11692
11695
11697
11699
11701
11702
11703
11708
11710
11714
11715
11716
11719
11720
11726
11730
11731
11733
11736
11738
11740
11745
11747
11749
11754
11757
11758
11760
11761
11764
11766
11769
11773
11775
11776
11777
11779
11781
11782
11787
11789
11793
11799
11800
11806
11808
11814
11817
11822
11824
11830
11833
11836
11845
11848
11854
11857
11861
11864
11865
11870
11873
11878
11880
11885
11893
11895
11904
11909
11913
11916
11917
11919
11921
11923
11924
11928
11930
11931
11935
11937
11942
11946
11947
11948
11950
11951
11955
11956
11958
11959
11961
11963
11966
11967
11970
11973
11974
11976
11979
11981
11988
11990
11992
11993
11994
12000
12003
12007
12011
12012
12014
12019
12020
12022
12023
12024
12027
12028
12030
12032
12034
12035
12036
12039
12040
12042
12043
12044
12050
12053
12054
12057
12060
12062
12064
12066
12068
12070
12075
12080
12081
12083
12084
12085
12087
12089
12091
12093
12095
12096
12100
12104
12106
12107
12108
12111
12112
12118
12121
12123
12124
12127
12129
12130
12132
12135
12137
12140
12141
12145
12148
12152
12153
12155
12156
12159
12161
12163
12165
12166
12170
12173
12176
12177
12179
12180
12182
12184
12186
12187
12190
12193
12194
12196
12199
12202
12205
12206
12208
12211
12213
12218
12221
12223
12226
12227
12229
12230
12233
12236
12237
12239
12241
12242
12244
12247
12249
12252
12254
12256
12257
12260
12261
12263
12265
12268
12269
12273
12276
12279
12280
12281
12282
12283
12287
12288
12289
12290
12292
12293
12295
12297
12298
12303
12304
12305
12306
12307
12312
12318
12319
12321
12323
12325
12326
12327
12330
12335
12339
12341
12344
12352
12354
12357
12360
12367
12371
12374
12377
12379
12385
12387
12389
12396
12397
12401
12403
12409
12414
12419
12420
12421
12423
12425
12426
12427
12429
12430
12437
12439
12440
12453
12454
12456
12460
12462
12472
12473
12475
12479
12480
12482
12486
12487
12495
12498
12500
12501
12503
12504
12505
12507
12509
12513
12514
12515
12520
12521
12524
12530
12537
12538
12541
12542
12545
12547
12550
12554
12556
12559
12560
12570
12571
12572
12576
12578
12579
12581
12583
12585
12586
12590
12593
12595
12598
12600
12601
12603
12604
12605
12607
12609
12614
12618
12619
12620
12622
12625
12626
12633
12635
12636
12639
12643
12645
12649
12650
12651
12656
12657
12663
12665
12669
12670
12674
12675
12678
12708
12728
12730
12734
12739
12751
12760
12762
12764
12766
12767
12768
12776
12787
12791
12798
12806
12814
12817
12818
12820
12822
12823
12840
12849
12856
12866
12876
12878
12879
12882
12883
12884
12888
12891
12892
12914
12931
12949
12957
12959
12960
12961
12963
12964
12965
12966
12971
12974
12976
12977
12994
12995
12998
13001
13008
13015
13017
13023
13025
13027
13032
13047
13050
13053
13057
13058
13071
13072
13075
13080
13101
13104
13107
13108
13109
13110
13111
13122
13123
13124
13137
13141
13144
13148
13156
13164
13168
13169
13226
13229
13232
13234
13239
13243
13251
13252
13254
13255
13257
13262
13264
13265
13268
13269
13270
13271
13274
13275
13276
13279
13282
13292
13294
13297
13300
13301
13303
13305
13307
13311
13313
13315
13317
13320
13324
13326
13328
13329
13333
13335
13337
13341
13342
13347
13348
13350
13351
13352
13353
13365
13378
13380
13383
13384
13387
13390
13392
13407
13416
13433
13435
13446
13449
13452
13453
13467
13478
13515
13543
13545
13548
13551
13566
13577
13602
13603
13605
13607
13609
13610
13615
13616
13618
13621
13622
13624
13627
13628
13629
13635
13636
13640
13644
13647
13649
13651
13652
13655
13656
13657
13658
13659
13661
13662
13667
13669
13673
13674
13677
13685
13695
13696
13700
13701
13704
13708
13725
13726
13729
13730
13731
13732
13733
13734
13735
13738
13754
13763
13767
13799
13800
13803
13807
13815
13817
13821
13826
13830
13831
13835
13851
13856
13862
13872
13875
13876
13878
13879
13885
13888
13889
13902
13905
13911
13913
13916
13917
13919
13920
13921
13924
13927
13928
13930
13934
13944
13965
13998
14004
14019
14046
14049
14052
14054
14058
14060
14064
14065
14068
14070
14071
14075
14080
14081
14086
14087
14090
14092
14094
14096
14098
14100
14101
14109
14112
14114
14117
14120
14127
14130
14131
14133
14139
14140
14145
14146
14151
14152
14153
14156
14159
14160
14162
14163
14164
14165
14167
14170
14176
14177
14178
14180
14182
14183
14186
14190
14195
14197
14201
14203
14205
14209
14211
14215
14216
14217
14223
14230
14231
14234
14235
14236
14242
14243
14244
14247
14250
14251
14252
14253
14257
14261
14267
14272
14275
14276
14279
14280
14281
14287
14289
14290
14292
14297
14299
14304
14305
14308
14310
14314
14323
14325
14326
14327
14330
14334
14338
14347
14352
14357
14359
14365
14369
14374
14375
14376
14377
14380
14381
14384
14385
14391
14396
14400
14406
14408
14410
14414
14420
14427
14434
14438
14451
14457
14463
14476
14477
14478
14480
14482
14486
14487
14492
14493
14494
14496
14499
14501
14506
14509
14514
14518
14531
14532
14539
14545
14552
14555
14561
14566
14569
14571
14573
14576
14577
14579
14583
14584
14587
14588
14590
14592
14597
14599
14600
14603
14608
14610
14611
14614
14619
14622
14626
14628
14633
14639
14641
14644
14655
14675
14676
14692
14696
14705
14720
14743
14783
14795
14807
14816
14824
14834
14838
14840
14842
14845
14848
14863
14868
14875
14876
14887
14889
14891
14899
14921
14926
14939
14948
14951
14955
14956
14958
14960
14963
14964
14966
14969
14971
14978
14979
14981
14993
14994
14995
14996
14998
14999
15003
15006
15010
15015
15059
15093
15094
15115
15116
15119
15120
15123
15128
15129
15136
15146
15147
15150
15155
15160
15162
15165
15166
15168
15169
15170
15171
15176
15180
15182
15183
15184
15185
15186
15188
15190
15193
15197
15199
15205
15207
15211
15213
15215
15219
15220
15222
15224
15228
15230
15231
15234
15235
15238
15240
15247
15250
15251
15254
15256
15257
15260
15261
15267
15276
15287
15321
15337
15351
15355
15357
15363
15368
15372
15375
15381
15383
15384
15385
15388
15391
15392
15393
15394
15401
15402
15405
15407
15408
15415
15416
15424
15428
15431
15432
15447
15448
15449
15451
15452
15453
15456
15458
15460
15462
15463
15466
15468
15469
15470
15477
15478
15486
15488
15490
15494
15496
15501
15504
15506
15509
15510
15516
15518
15524
15528
15529
15533
15536
15539
15541
15543
15544
15545
15547
15549
15550
15552
15553
15556
15559
15561
15564
15570
15573
15574
15575
15577
15578
15579
15582
15583
15586
15588
15591
15592
15594
15606
15607
15610
15611
15615
15623
15625
15628
15634
15636
15638
15640
15641
15642
15647
15651
15652
15654
15655
15659
15660
15662
15663
15666
15667
15672
15677
15681
15682
15683
15684
15685
15688
15689
15693
15696
15698
15700
15702
15707
15713
15717
15727
15747
15785
15787
15789
15791
15794
15798
15802
15807
15812
15813
15814
15817
15820
15824
15825
15829
15831
15835
15836
15839
15840
15842
15844
15845
15846
15849
15850
15851
15853
15855
15858
15859
15860
15861
15867
15870
15871
15872
15876
15877
15878
15880
15881
15882
15884
15887
15888
15891
15892
15895
15896
15900
15907
15909
15910
15913
15914
15918
15921
15923
15928
15932
15937
15949
15950
15952
15958
15962
15964
15966
15974
15976
15984
15990
15996
16001
16003
16006
16008
16010
16011
16013
16018
16020
16025
16026
16027
16032
16035
16036
16037
16040
16041
16042
16047
16049
16053
16056
16057
16060
16062
16066
16068
16073
16077
16078
16080
16083
16091
16093
16095
16096
16098
16102
16111
16112
16114
16115
16117
16118
16124
16126
16130
16131
16132
16140
16141
16143
16147
16148
16150
16153
16154
16158
16159
16160
16163
16164
16165
16167
16169
16171
16173
16175
16178
16184
16189
16191
16193
16194
16195
16200
16205
16206
16208
16209
16211
16217
16221
16222
16224
16225
16227
16229
16231
16232
16235
16237
16238
16239
16242
16244
16247
16249
16250
16256
16259
16263
16266
16272
16274
16276
16278
16318
16321
16324
16329
16339
16345
16357
16389
16395
16403
16405
16408
16410
16412
16417
16420
16423
16425
16427
16430
16432
16439
16443
16445
16446
16448
16449
16451
16452
16454
16455
16460
16462
16463
16466
16471
16472
16473
16476
16479
16480
16483
16487
16491
16493
16495
16512
16513
16537
16538
16560
16562
16565
16567
16568
16605
16611
16613
16614
16616
16617
16619
16620
16622
16623
16624
16625
16630
16631
16633
16636
16637
16638
16644
16647
16676
16683
16685
16687
16688
16694
16703
16704
16710
16712
16721
16726
16728
16732
16733
16734
16737
16742
16746
16749
16751
16755
16756
16757
16761
16762
16765
16767
16768
16769
16772
16773
16780
16803
16805
16812
16816
16817
16818
16820
16822
16830
16832
16834
16835
16837
16838
16840
16843
16846
16848
16849
16851
16856
16858
16859
16862
16863
16864
16866
16867
16868
16869
16870
16872
16876
16880
16884
16886
16888
16892
16893
16894
16895
16896
16898
16901
16902
16903
16905
16909
16911
16916
16920
16921
16925
16927
16929
16930
16932
16934
16935
16938
16940
16945
16949
16951
16955
16957
16959
16963
16964
16965
16969
16971
16975
16976
16978
16980
16984
16986
16989
16999
17000
17001
17002
17003
17004
17006
17007
17010
17011
17013
17015
17016
17017
17020
17023
17026
17027
17028
17029
17030
17034
17036
17037
17038
17039
17042
17047
17052
17059
17060
17064
17067
17070
17072
17073
17075
17080
17081
17082
17090
17092
17093
17095
17098
17100
17101
17107
17109
17111
17112
17113
17120
17121
17122
17126
17128
17129
17133
17135
17139
17140
17143
17150
17151
17152
17153
17155
17157
17158
17161
17163
17169
17171
17172
17177
17179
17181
17183
17187
17190
17194
17201
17203
17209
17220
17222
17224
17227
17230
17231
17234
17236
17242
17246
17247
17254
17256
17259
17262
17263
17266
17267
17270
17273
17275
17276
17278
17279
17281
17282
17287
17291
17293
17297
17301
17303
17306
17307
17328
17330
17333
17338
17345
17347
17352
17354
17357
17364
17366
17368
17372
17377
17382
17385
17391
17392
17394
17395
17398
17404
17407
17409
17410
17411
17413
17419
17421
17424
17426
17433
17439
17442
17445
17448
17455
17458
17461
17465
17475
17476
17479
17481
17485
17488
17492
17493
17495
17497
17499
17500
17501
17505
17506
17508
17523
17532
17552
17587
17600
17614
17615
17648
17651
17660
17662
17664
17671
17672
17673
17674
17677
17680
17684
17690
17693
17698
17701
17743
17752
17777
17791
17797
17803
17813
17814
17817
17818
17824
17831
17836
17838
17841
17842
17845
17848
17851
17852
17855
17856
17858
17893
17895
17896
17897
17898
17900
17902
17905
17913
17950
17966
17973
17975
17978
17984
17985
17995
18004
18013
18024
18061
18090
18094
18104
18112
18114
18118
18119
18121
18133
18139
18140
18149
18150
18151
18167
18180
18185
18188
18192
18195
18199
18205
18207
18208
18211
18220
18229
18230
18233
18235
18236
18242
18243
18249
18255
18260
18263
18271
18273
18274
18276
18279
18289
18290
18295
18296
18301
18304
18306
18310
18312
18316
18319
18320
18322
18324
18327
18330
18332
18336
18338
18339
18342
18346
18348
18351
18352
18356
18358
18360
18363
18364
18366
18368
18370
18373
18374
18376
18377
18379
18380
18383
18386
18388
18390
18393
18394
18396
18398
18399
18400
18401
18405
18408
18411
18412
18417
18418
18420
18421
18423
18424
18426
18429
18432
18433
18437
18440
18444
18446
18447
18449
18450
18453
18454
18459
18465
18471
18474
18476
18478
18479
18484
18485
18492
18496
18497
18501
18502
18504
18505
18507
18509
18514
18516
18517
18523
18524
18526
18528
18529
18533
18544
18548
18557
18560
18562
18570
18576
18582
18592
18600
18609
18614
18625
18627
18630
18634
18641
18644
18646
18657
18659
18663
18665
18675
18678
18682
18685
18693
18694
18696
18700
18701
18706
18708
18709
18710
18711
18715
18718
18726
18730
18740
18748
18751
18752
18761
18772
18774
18777
18782
18787
18791
18793
18796
18803
18809
18816
18819
18824
18831
18837
18845
18850
18856
18857
18863
18868
18881
18910
18915
18941
18952
18966
18987
19000
19015
19030
19032
19033
19035
19058
19070
19076
19079
19083
19086
19088
19093
19108
19109
19123
19124
19132
19134
19137
19142
19144
19146
19152
19156
19159
19161
19162
19165
19169
19174
19176
19177
19181
19182
19188
19211
19298
19312
19321
19325
19335
19340
19360
19368
19370
19373
19375
19378
19380
19381
19382
19385
19388
19393
19404
19410
19412
19417
19422
19423
19430
19431
19436
19437
19439
19445
19446
19448
19449
19452
19453
19456
19457
19460
19461
19463
19465
19467
19469
19470
19473
19475
19476
19477
19479
19480
19481
19482
19491
19492
19493
19494
19499
19501
19506
19508
19509
19518
19549
19550
19551
19553
19556
19558
19560
19561
19562
19564
19567
19568
19569
19570
19571
19572
19579
19581
19582
19591
19598
19600
19601
19603
19606
19609
19610
19613
19618
19620
19621
19624
19625
19629
19630
19632
19640
19654
19663
19665
19676
19677
19681
19688
19697
19699
19700
19709
19716
19717
19722
19723
19724
19732
19738
19739
19741
19745
19749
19752
19755
19765
19768
19774
19777
19779
19780
19782
19784
19786
19787
19790
19793
19794
19799
19801
19802
19805
19808
19812
19814
19817
19820
19821
19825
19828
19831
19837
19846
19847
19849
19852
19853
19855
19863
19865
19868
19869
19876
19877
19882
19884
19887
19889
19892
19895
19897
19910
19921
19923
19930
19961
19965
19975
19981
19983
19985
20001
20011
20015
20035
20037
20039
20047
20053
20059
20061
20073
20074
20077
20101
20109
20115
20133
20134
20147
20162
20163
20166
20170
20180
20188
20192
20208
20221
20277
20282
20290
20307
20318
20319
20344
20362
20373
20374
20378
20381
20392
20393
20400
20404
20406
20409
20421
20429
20449
20462
20515
20544
20549
20560
20576
20583
20589
20590
20595
20598
20602
20604
20605
20607
20610
20611
20612
20620
20623
20626
20627
20628
20629
20659
20670
20683
20689
20695
20728
20778
20792
20798
20803
20806
20809
20813
20814
20816
20821
20825
20828
20832
20833
20835
20836
20840
20843
20846
20851
20855
20856
20858
20864
20866
20867
20868
20869
20876
20878
20880
20885
20886
20889
20890
20893
20897
20899
20902
20903
20904
20907
20910
20915
20916
20919
20923
20924
20925
20926
20928
20931
20933
20937
20956
20964
20967
20996
20997
20998
20999
21004
21005
21007
21009
21015
21017
21021
21022
21025
21027
21028
21035
21045
21047
21048
21050
21054
21056
21060
21064
21065
21068
21070
21072
21076
21081
21084
21086
21088
21090
21091
21092
21094
21096
21098
21100
21120
21137
21138
21141
21143
21146
21150
21153
21158
21162
21168
21188
21201
21208
21224
21228
21233
21237
21238
21244
21245
21247
21292
21293
21317
21350
21384
21393
21395
21397
21398
21399
21403
21408
21409
21415
21419
21420
21423
21436
21438
21440
21442
21444
21446
21448
21454
21456
21458
21459
21460
21461
21466
21467
21470
21471
21472
21473
21475
21477
21478
21480
21481
21482
21483
21549
21579
21584
21621
21630
21632
21635
21637
21644
21645
21648
21650
21653
21654
21655
21662
21663
21664
21666
21671
21673
21676
21677
21683
21684
21686
21690
21691
21692
21695
21696
21698
21699
21702
21704
21705
21707
21710
21711
21712
21714
21719
21720
21723
21724
21726
21728
21732
21733
21736
21737
21738
21741
21742
21744
21745
21747
21750
21752
21757
21759
21762
21764
21770
21771
21772
21775
21777
21779
21781
21782
21784
21785
21786
21787
21790
21792
21794
21795
21797
21798
21799
21802
21803
21806
21808
21810
21815
21819
21822
21825
21827
21830
21831
21836
21837
21839
21841
21848
21849
21852
21854
21856
21883
21896
21911
21943
21955
21956
21970
21988
21991
22015
22032
22034
22052
22064
22090
22094
22119
22133
22134
22135
22138
22143
22221
22237
22238
22241
22242
22251
22255
22258
22260
22266
22267
22274
22301
22302
22350
22351
22361
22367
22370
22383
22385
22386
22390
22393
22397
22398
22400
22403
22404
22408
22410
22415
22420
22421
22428
22431
22437
22439
22444
22445
22449
22453
22456
22463
22470
22472
22477
22478
22481
22486
22493
22494
22496
22500
22503
22504
22506
22507
22510
22511
22516
22522
22524
22525
22526
22535
22541
22542
22543
22548
22549
22552
22554
22556
22557
22562
22564
22565
22566
22567
22568
22573
22575
22577
22579
22582
22583
22586
22588
22589
22609
22634
22651
22653
22655
22659
22660
22665
22666
22681
22714
22728
22729
22738
22763
22793
22821
22825
22826
22830
22835
22837
22839
22840
22842
22843
22847
22848
22849
22850
22851
22855
22858
22859
22863
22864
22869
22870
22876
22878
22880
22883
22884
22886
22891
22892
22893
22897
22902
22903
22909
22914
22924
22926
22927
22939
22992
22996
22997
23003
23004
23005
23006
23009
23011
23012
23018
23037
23069
23101
23109
23120
23138
23205
23213
23215
23219
23222
23224
23226
23228
23230
23231
23232
23233
23234
23235
23236
23237
23239
23241
23243
23246
23251
23252
23254
23257
23260
23261
23264
23269
23270
23273
23277
23279
23281
23283
23288
23289
23290
23292
23294
23296
23297
23300
23303
23304
23305
23308
23312
23313
23319
23334
23338
23342
23346
23353
23354
23357
23358
23364
23366
23369
23371
23372
23374
23375
23377
23381
23387
23392
23402
23403
23404
23408
23410
23415
23417
23421
23422
23423
23425
23426
23428
23432
23434
23437
23439
23443
23446
23447
23450
23453
23456
23457
23458
23460
23464
23467
23468
23471
23479
23480
23482
23486
23490
23492
23493
23496
23497
23498
23501
23503
23514
23522
23525
23528
23530
23535
23537
23563
23573
23580
23593
23597
23602
23609
23612
23614
23621
23623
23624
23626
23637
23638
23643
23648
23650
23651
23659
23664
23672
23675
23678
23680
23689
23699
23755
23764
23788
23813
23820
23826
23832
23835
23840
23844
23859
23877
23881
23885
23886
23888
23893
23900
23903
23907
23913
23926
23929
23934
23938
23945
23963
23965
23967
23974
23976
23978
23979
23980
23981
23993
23997
24000
24002
24010
24013
24018
24021
24022
24026
24029
24032
24033
24034
24038
24040
24041
24054
24082
24092
24101
24108
24109
24110
24111
24116
24117
24119
24121
24124
24128
24178
24188
24213
24220
24240
24266
24346
24351
24352
24354
24355
24356
24357
24358
24360
24361
24362
24365
24366
24367
24369
24371
24378
24381
24382
24384
24405
24409
24416
24417
24418
24420
24424
24429
24431
24434
24438
24441
24443
24450
24451
24453
24454
24457
24466
24467
24468
24470
24472
24477
24480
24485
24489
24490
24491
24500
24505
24510
24516
24518
24521
24523
24526
24528
24531
24537
24543
24549
24550
24552
24555
24556
24557
24558
24561
24564
24567
24569
24571
24572
24576
24577
24582
24585
24590
24592
24600
24606
24610
24618
24619
24622
24624
24627
24639
24661
24663
24667
24669
24676
24678
24679
24685
24706
24739
24747
24755
24757
24760
24762
24763
24766
24771
24773
24774
24777
24778
24779
24782
24783
24786
24788
24790
24793
24804
24805
24809
24810
24814
24815
24816
24818
24822
24824
24825
24827
24828
24831
24833
24835
24836
24837
24840
24841
24843
24844
24846
24848
24851
24852
24854
24856
24861
24864
24865
24869
24870
24873
24874
24876
24878
24880
24881
24882
24888
24894
24897
24899
24901
24902
24904
24905
24910
24913
24915
24916
24917
24919
24921
24922
24924
24927
24928
24930
24936
24938
24941
24944
24947
24953
24955
24957
24959
24960
24961
24963
24965
24969
24970
24973
24978
24979
24980
24983
24985
24989
24997
25000
25003
25005
25007
25008
25009
25014
25017
25089
25134
25159
25165
25170
25178
25181
25186
25189
25193
25198
25201
25207
25210
25211
25214
25217
25220
25225
25226
25229
25238
25245
25248
25253
25258
25259
25263
25269
25272
25274
25277
25278
25279
25280
25284
25287
25288
25290
25291
25295
25296
25298
25301
25303
25304
25305
25306
25308
25309
25311
25314
25318
25319
25320
25321
25322
25324
25327
25331
25332
25334
25336
25339
25341
25345
25361
25363
25367
25371
25374
25375
25419
25421
25422
25423
25427
25428
25432
25433
25437
25439
25442
25445
25447
25450
25453
25468
25469
25470
25474
25476
25485
25486
25524
25527
25536
25554
25595
25602
25620
25650
25675
25681
25683
25689
25729
25731
25744
25760
25816
25821
25822
25831
25835
25836
25840
25844
25846
25850
25852
25855
25858
25859
25861
25863
25869
25875
25876
25879
25884
25888
25889
25892
25895
25898
25901
25905
25906
25907
25910
25917
25919
25923
25930
25931
25932
25933
25934
25935
25943
25944
25947
25948
25949
25950
25951
25957
25959
25961
25962
25972
25976
25984
25986
25989
25991
25994
25997
25998
26000
26002
26004
26006
26015
26018
26019
26022
26026
26028
26030
26032
26034
26035
26038
26041
26044
26050
26052
26053
26054
26056
26057
26060
26061
26066
26067
26069
26073
26078
26080
26083
26085
26089
26093
26096
26098
26105
26110
26111
26115
26120
26122
26123
26125
26127
26134
26135
26138
26145
26147
26148
26149
26150
26156
26160
26161
26162
26164
26167
26168
26169
26172
26174
26177
26179
26182
26184
26186
26187
26188
26193
26198
26200
26212
26213
26217
26218
26220
26226
26228
26229
26230
26238
26239
26240
26241
26242
26247
26250
26255
26260
26266
26267
26268
26273
26274
26279
26283
26288
26299
26301
26305
26308
26315
26319
26326
26328
26330
26331
26335
26336
26351
26358
26359
26362
26367
26370
26373
26375
26377
26384
26391
26415
26420
26424
26427
26428
26437
26438
26548
26573
26579
26614
26619
26623
26624
26625
26627
26666
26668
26669
26681
26684
26716
26752
26761
26767
26769
26772
26773
26774
26780
26784
26789
26790
26793
26794
26796
26801
26803
26811
26818
26822
26827
26836
26837
26855
26879
26917
26918
26933
26996
27003
27006
27009
27011
27012
27013
27018
27054
27084
27094
27144
27146
27149
27151
27157
27158
27160
27162
27166
27169
27170
27175
27181
27182
27187
27188
27193
27195
27197
27199
27201
27202
27205
27208
27213
27214
27216
27217
27223
27224
27227
27231
27235
27239
27242
27245
27246
27249
27250
27251
27260
27265
27293
27296
27299
27301
27304
27305
27307
27313
27324
27339
27350
27352
27353
27363
27366
27371
27374
27380
27409
27411
27413
27417
27418
27425
27432
27454
27456
27457
27459
27461
27464
27466
27467
27469
27471
27474
27475
27476
27478
27482
27486
27487
27488
27492
27493
27500
27502
27504
27506
27508
27511
27512
27516
27518
27520
27523
27528
27532
27534
27536
27540
27542
27543
27546
27552
27560
27561
27567
27571
27572
27578
27579
27581
27614
27622
27639
27640
27642
27643
27644
27647
27650
27656
27660
27664
27691
27696
27699
27730
27731
27742
27744
27749
27763
27766
27769
27785
27788
27789
27814
27815
27820
27822
27861
27902
27913
27929
27931
27932
27934
27935
27941
27946
27947
27948
27952
27954
27960
27961
27965
27966
27968
27969
27970
27973
27976
27980
27981
27982
27985
27988
27992
27994
27995
27996
27999
28000
28002
28004
28008
28009
28012
28013
28018
28020
28022
28027
28030
28031
28032
28033
28034
28035
28037
28039
28040
28041
28042
28044
28049
28053
28055
28060
28061
28062
28063
28064
28067
28070
28072
28073
28076
28077
28081
28083
28088
28089
28090
28091
28092
28093
28099
28104
28107
28108
28109
28112
28114
28117
28119
28120
28124
28127
28128
28135
28138
28140
28143
28145
28148
28151
28156
28159
28165
28167
28169
28170
28173
28176
28179
28180
28182
28190
28193
28194
28200
28201
28204
28205
28211
28215
28216
28218
28225
28230
28232
28235
28253
28256
28257
28260
28275
28290
28310
28344
28374
28379
28381
28387
28389
28393
28396
28399
28406
28409
28410
28413
28446
28450
28452
28453
28461
28485
28488
28491
28494
28496
28507
28511
28528
28552
28585
28600
28618
28619
28623
28643
28647
28648
28680
28681
28689
28695
28703
28705
28718
28724
28733
28745
28763
28773
28781
28814
28821
28847
28852
28858
28871
28873
28874
28877
28882
28886
28887
28891
28894
28933
28973
28982
29005
29009
29027
29031
29037
29038
29039
29047
29050
29052
29055
29058
29059
29060
29062
29065
29071
29072
29075
29077
29078
29081
29084
29085
29091
29095
29098
29103
29106
29109
29111
29115
29117
29118
29119
29129
29141
29147
29179
29186
29188
29194
29195
29201
29234
29246
29251
29252
29268
29318
29344
29347
29349
29351
29353
29362
29373
29375
29382
29396
29398
29404
29406
29408
29420
29430
29445
29455
29457
29460
29465
29466
29467
29468
29471
29473
29474
29476
29477
29481
29487
29490
29496
29497
29499
29501
29502
29503
29504
29507
29509
29515
29516
29521
29522
29524
29526
29528
29530
29532
29534
29537
29541
29542
29543
29546
29551
29552
29553
29554
29557
29561
29563
29564
29565
29566
29569
29571
29572
29573
29577
29579
29581
29585
29586
29587
29590
29593
29596
29598
29602
29608
29634
29699
29706
29708
29728
29739
29764
29798
29799
29802
29813
29818
29824
29826
29829
29832
29834
29836
29897
29903
29926
29937
29950
29952
29953
29956
29963
29978
29981
29983
29984
29989
29990
29993
30004
30014
30019
30020
30025
30028
30033
30036
30038
30042
30050
30051
30054
30057
30061
30063
30064
30065
30068
30070
30098
30116
30132
30142
30168
30174
30183
30192
30264
30266
30272
30299
30301
30306
30308
30309
30310
30314
30321
30326
30344
30355
30360
30362
30366
30367
30371
30373
30374
30376
30378
30379
30383
30396
30402
30403
30404
30409
30412
30416
30424
30428
30434
30436
30439
30440
30445
30448
30451
30452
30455
30457
30461
30463
30465
30472
30478
30479
30486
30492
30495
30501
30507
30512
30513
30522
30533
30536
30537
30538
30541
30545
30554
30555
30557
30559
30561
30562
30565
30571
30575
30576
30591
30652
30734
30735
30738
30740
30741
30745
30748
30749
30750
30751
30753
30754
30755
30756
30759
30764
30765
30766
30774
30775
30777
30782
30789
30792
30807
30808
30809
30811
30813
30820
30822
30824
30857
30885
30886
30889
30891
30895
30897
30900
30957
30966
30994
30997
31000
31004
31007
31011
31025
31026
31029
31036
31037
31041
31048
31049
31055
31056
31068
31071
31093
31097
31098
31099
31103
31115
31121
31130
31153
31159
31174
31175
31183
31184
31195
31201
31208
31209
31211
31214
31215
31216
31220
31227
31228
31229
31230
31232
31237
31239
31264
31266
31294
31328
31329
31333
31339
31340
31342
31344
31347
31348
31352
31354
31356
31358
31362
31374
31376
31380
31405
31419
31471
31489
31519
31530
31532
31534
31540
31546
31549
31550
31553
31554
31558
31561
31570
31573
31588
31595
31649
31663
31696
31703
31704
31706
31710
31717
31718
31721
31727
31729
31730
31732
31733
31734
31735
31737
31738
31739
31746
31747
31748
31749
31751
31753
31754
31755
31756
31758
31760
31761
31762
31763
31764
31775
31801
31859
31865
31892
31897
31902
31903
31907
31909
31914
31916
31919
31921
31941
31944
31967
31990
32012
32042
32061
32083
32086
32097
32102
32121
32142
32145
32149
32195
32217
32237
32241
32280
32287
32289
32298
32316
32348
32353
32363
32381
32389
32394
32405
32422
32434
32438
32440
32446
32447
32450
32452
32454
32455
32460
32461
32463
32470
32474
32475
32481
32484
32486
32488
32489
32490
32491
32493
32495
32497
32498
32500
32502
32505
32508
32511
32512
32514
32516
32518
32520
32522
32524
32529
32531
32533
32536
32538
32542
32548
32550
32555
32557
32559
32564
32566
32567
32570
32574
32575
32576
32580
32582
32583
32586
32587
32591
32595
32603
32604
32609
32611
32613
32617
32618
32619
32620
32623
32626
32629
32631
32632
32633
32635
32636
32639
32642
32645
32646
32647
32650
32653
32659
32662
32664
32668
32670
32672
32674
32678
32680
32681
32683
32685
32686
32688
32692
32694
32702
32707
32710
32714
32717
32726
32729
32735
32746
32747
32752
32757
32761
32769
32771
32779
32781
32783
32785
32789
32791
32792
32796
32797
32798
32801
32802
32803
32813
32818
32821
32823
32829
32830
32832
32833
32835
32838
32839
32840
32841
32843
32846
32847
32848
32850
32852
32857
32860
32862
32864
32870
32875
32877
32882
32884
32891
32893
32900
32901
32902
32908
32910
32918
32920
32924
32925
32928
32929
32935
32936
32937
32941
32942
32950
32951
32955
32956
32957
32958
32971
32973
32975
32977
32978
32980
32982
32984
32985
32993
32995
32996
32997
33001
33004
33006
33007
33010
33012
33018
33026
33031
33034
33041
33043
33045
33046
33050
33056
33061
33062
33067
33074
33077
33079
33087
33091
33093
33101
33125
33131
33178
33272
33286
33310
33316
33338
33385
33391
33429
33432
33438
33453
33459
33479
33480
33488
33492
33498
33516
33550
33557
33568
33584
33596
33623
33624
33626
33630
33633
33636
33642
33656
33657
33660
33665
33682
33683
33687
33691
33698
33702
33732
33767
33801
33835
33849
33850
33909
33925
33932
33961
33963
33989
33991
34002
34019
34048
34060
34064
34110
34121
34148
34151
34156
34193
34204
34209
34258
34261
34264
34265
34266
34268
34278
34280
34283
34286
34287
34290
34292
34293
34294
34298
34299
34303
34310
34312
34313
34314
34317
34320
34323
34324
34325
34327
34328
34329
34333
34340
34343
34347
34348
34358
34361
34365
34367
34368
34369
34375
34377
34382
34388
34396
34409
34411
34413
34415
34418
34425
34428
34430
34431
34441
34442
34448
34449
34451
34456
34457
34458
34464
34468
34470
34475
34484
34486
34488
34494
34499
34506
34507
34526
34528
34532
34533
34536
34541
34545
34547
34549
34554
34557
34560
34562
34570
34572
34574
34575
34579
34610
34623
34641
34642
34650
34653
34658
34659
34662
34665
34667
34669
34673
34675
34678
34679
34681
34682
34684
34686
34693
34694
34696
34700
34707
34708
34710
34712
34747
34765
34771
34773
34774
34776
34777
34780
34781
34783
34784
34787
34790
34792
34796
34798
34802
34810
34811
34816
34821
34822
34823
34826
34828
34832
34833
34842
34844
34846
34847
34858
34862
34864
34865
34868
34877
34879
34883
34886
34893
34897
34898
34902
34911
34913
34914
34918
34922
34923
34927
34929
34965
34968
34975
35000
35101
35104
35127
35128
35135
35149
35155
35189
35198
35199
35200
35203
35243
35251
35286
35300
35302
35307
35324
35341
35357
35391
35450
35453
35461
35543
35574
35596
35599
35600
35601
35605
35607
35609
35610
35613
35615
35618
35624
35648
35655
35687
35695
35720
35730
35738
35762
35805
35843
35855
35866
35886
35923
35935
35937
35942
35948
35950
35951
36038
36040
36137
36187
36205
36208
36213
36249
36254
36256
36259
36260
36262
36264
36270
36326
36343
36353
36413
36414
36427
36469
36483
36486
36505
36517
36550
36553
36555
36560
36562
36564
36565
36567
36568
36570
36571
36574
36576
36578
36580
36582
36583
36590
36594
36598
36599
36602
36603
36604
36627
36638
36674
36708
36749
36761
36777
36780
36795
36800
36802
36810
36814
36815
36816
36838
36857
36863
36868
36873
36874
36876
36886
36893
36934
36938
36959
36969
36971
36974
36978
36987
37019
37040
37054
37100
37129
37137
37151
37177
37182
37217
37259
37273
37284
37299
37334
37432
37437
37458
37501
37502
37503
37507
37513
37515
37517
37520
37524
37526
37528
37531
37532
37534
37538
37540
37543
37544
37547
37548
37550
37551
37552
37554
37555
37561
37564
37565
37572
37578
37579
37580
37582
37584
37587
37596
37599
37610
37615
37619
37621
37623
37626
37630
37631
37633
37638
37646
37649
37660
37663
37664
37665
37666
37668
37673
37679
37683
37684
37686
37688
37690
37692
37695
37698
37699
37701
37702
37704
37706
37708
37710
37711
37714
37719
37721
37722
37727
37730
37733
37736
37740
37743
37748
37751
37752
37755
37756
37759
37761
37764
37765
37769
37770
37812
37827
37836
37837
37862
37878
37895
37927
37936
37972
37987
37989
38024
38026
38027
38028
38029
38030
38033
38035
38042
38049
38051
38052
38061
38066
38067
38069
38072
38074
38081
38085
38086
38094
38107
38111
38115
38116
38117
38124
38125
38128
38154
38156
38161
38168
38206
38245
38389
38400
38404
38407
38432
38510
38512
38513
38557
38564
38574
38578
38581
38584
38589
38594
38599
38600
38609
38616
38620
38624
38625
38627
38628
38631
38632
38633
38640
38642
38645
38649
38651
38654
38655
38656
38657
38661
38665
38666
38667
38672
38675
38688
38695
38716
38718
38735
38747
38758
38760
38761
38767
38772
38773
38777
38780
38781
38783
38787
38824
38826
38832
38857
38864
38876
38894
38939
38940
38942
38949
39018
39036
39110
39124
39128
39129
39136
39145
39147
39159
39163
39203
39205
39206
39207
39209
39221
39240
39245
39251
39258
39260
39262
39265
39271
39272
39275
39279
39280
39282
39290
39292
39294
39296
39321
39334
39335
39336
39337
39339
39344
39350
39364
39375
39387
39399
39402
39416
39430
39434
39442
39471
39474
39477
39479
39482
39483
39487
39495
39533
39544
39548
39554
39583
39584
39585
39587
39593
39603
39609
39613
39641
39647
39656
39699
39704
39706
39711
39713
39718
39728
39729
39731
39733
39735
39736
39739
39743
39745
39747
39748
39753
39754
39777
39854
39868
39870
39968
39980
39989
39995
39998
40026
40038
40068
40072
40073
40152
40177
40215
40279
40280
40300
40314
40459
40463
40472
40493
40528
40602
40723
40729
40730
40748
40752
40756
40760
40767
40771
40773
40778
40782
40783
40788
40819
40823
40835
40879
40885
40913
40940
40941
40947
40962
40967
40984
41107
41109
41142
41159
41190
41200
41203
41252
41261
41285
41329
41344
41359
41367
41378
41428
41448
41465
41494
41497
41500
41515
41519
41524
41577
41578
41580
41582
41583
41585
41588
41595
41596
41599
41606
41612
41613
41618
41620
41622
41623
41624
41626
41628
41630
41631
41634
41636
41641
41643
41646
41653
41654
41657
41666
41669
41671
41673
41674
41676
41679
41681
41684
41687
41691
41693
41695
41701
41704
41707
41709
41711
41715
41718
41722
41723
41724
41727
41728
41729
41732
41735
41737
41745
41748
41751
41754
41756
41757
41759
41764
41770
41773
41780
41783
41785
41796
41797
41799
41802
41805
41807
41810
41822
41825
41829
41831
41834
41835
41839
41841
41844
41845
41847
41849
41851
41855
41857
41858
41861
41862
41867
41872
41879
41881
41884
41886
41887
41888
41891
41895
41896
41901
41904
41905
41906
41907
41909
41912
41914
41915
41916
41918
41920
41922
41927
41928
41933
41935
41941
41943
41947
41948
41951
41954
41955
41957
41960
41961
41963
41964
41966
41968
41973
41975
41997
42023
42035
42073
42085
42119
42130
42144
42214
42236
42238
42247
42268
42269
42270
42276
42279
42281
42289
42291
42298
42300
42302
42303
42305
42314
42315
42319
42320
42322
42327
42328
42331
42333
42335
42336
42337
42341
42347
42352
42359
42362
42384
42392
42400
42468
42492
42523
42541
42581
42592
42596
42598
42617
42624
42658
42695
42757
42796
42860
42937
42946
42955
42997
43012
43030
43051
43058
43059
43065
43067
43068
43070
43073
43083
43089
43099
43153
43160
43200
43220
43256
43282
43287
43320
43321
43350
43363
43389
43391
43432
43443
43493
43513
43547
43568
43570
43607
43623
43656
43665
43680
43685
43689
43697
43724
43768
43770
43777
43786
43789
43798
43799
43803
43808
43811
43827
43830
43836
43837
43841
43847
43848
43852
43854
43855
43856
43858
43933
43967
43970
44008
44020
44034
44072
44089
44122
44149
44157
44160
44189
44207
44216
44219
44231
44248
44252
44263
44269
44283
44302
44305
44306
44317
44328
44329
44338
44348
44355
44367
44381
44383
44390
44396
44398
44401
44418
44436
44440
44442
44447
44453
44456
44467
44469
44492
44495
44497
44501
44504
44507
44509
44520
44521
44523
44571
44576
44579
44607
44627
44679
44717
44724
44738
44748
44764
44776
44817
44835
44857
44868
44888
44893
44913
44914
44925
44953
44972
44992
44998
45000
45002
45004
45006
45014
45016
45019
45021
45022
45023
45027
45028
45031
45034
45036
45038
45052
45054
45057
45060
45062
45066
45069
45072
45077
45080
45086
45090
45094
45095
45097
45102
45119
45121
45136
45146
45185
45227
45238
45240
45258
45276
45321
45379
45388
45389
45391
45392
45394
45396
45399
45402
45414
45416
45418
45421
45422
45425
45427
45428
45432
45434
45440
45446
45451
45452
45454
45456
45457
45458
45459
45465
45469
45472
45475
45486
45496
45499
45501
45505
45508
45512
45515
45516
45535
45542
45546
45547
45548
45550
45553
45554
45557
45558
45559
45565
45566
45567
45568
45569
45570
45571
45572
45579
45580
45581
45587
45597
45598
45608
45630
45631
45633
45686
45689
45699
45705
45714
45730
45740
45771
45772
45812
45856
45860
45861
45924
45933
45955
45963
45986
46052
46075
46100
46189
46205
46212
46218
46219
46222
46250
46276
46277
46287
46334
46335
46352
46402
46413
46415
46427
46428
46432
46508
46533
46538
46562
46570
46596
46604
46611
46614
46620
46622
46642
46645
46646
46651
46657
46663
46665
46666
46669
46671
46674
46680
46682
46695
46699
46700
46708
46709
46710
46713
46718
46728
46735
46738
46751
46752
46754
46755
46760
46764
46766
46773
46778
46785
46790
46795
46801
46803
46812
46819
46824
46827
46831
46839
46843
46846
46850
46852
46896
46925
46933
46943
46962
47028
47048
47061
47078
47082
47083
47107
47111
47112
47115
47119
47123
47132
47141
47149
47152
47206
47210
47220
47298
47304
47316
47319
47335
47337
47347
47355
47359
47379
47395
47404
47436
47438
47439
47478
47484
47487
47501
47502
47505
47507
47513
47515
47521
47533
47538
47543
47545
47546
47550
47558
47561
47568
47569
47575
47576
47578
47582
47587
47589
47590
47594
47596
47597
47599
47604
47614
47615
47623
47637
47644
47646
47651
47664
47672
47678
47683
47718
47775
47790
47792
47820
47859
47886
47954
47972
47977
47987
48002
48024
48040
48046
48054
48077
48095
48098
48099
48103
48104
48105
48107
48109
48111
48120
48127
48134
48136
48137
48144
48161
48163
48169
48170
48171
48176
48178
48180
48184
48185
48186
48188
48195
48198
48199
48204
48207
48209
48214
48220
48223
48224
48252
48255
48260
48281
48297
48328
48348
48360
48471
48481
48486
48510
48550
48610
48628
48637
48654
48656
48666
48680
48689
48706
48711
48712
48716
48717
48722
48724
48727
48732
48736
48741
48745
48749
48752
48753
48760
48765
48766
48768
48769
48777
48780
48783
48785
48788
48796
48799
48803
48805
48807
48810
48858
48859
48898
48903
48904
48948
48957
48972
48977
48979
48980
49003
49016
49039
49060
49065
49067
49109
49111
49130
49144
49153
49163
49187
49189
49208
49277
49279
49302
49322
49357
49380
49388
49432
49433
49543
49570
49582
49593
49602
49618
49632
49636
49637
49638
49639
49640
49644
49645
49647
49648
49651
49654
49658
49659
49660
49661
49664
49665
49666
49671
49673
49674
49676
49677
49682
49688
49689
49692
49694
49698
49702
49711
49714
49718
49720
49723
49730
49731
49733
49734
49740
49742
49743
49744
49745
49746
49748
49749
49752
49754
49762
49767
49772
49773
49776
49778
49785
49787
49791
49796
49797
49802
49807
49813
49815
49818
49819
49822
49827
49829
49830
49835
49838
49841
49934
50078
50080
50083
50087
50089
50090
50091
50092
50098
50100
50104
50107
50108
50110
50113
50114
50130
50157
50184
50301
50349
50357
50359
50413
50519
50547
50550
50598
50602
50605
50636
50651
50674
50682
50684
50691
50811
50812
50813
50815
50854
50881
50884
50896
50910
50911
50920
50935
50998
51004
51006
51007
51008
51019
51060
51087
51092
51093
51101
51121
51146
51164
51168
51171
51182
51190
51199
51241
51285
51323
51326
51333
51354
51355
51361
51363
51368
51399
51400
51402
51404
51410
51412
51422
51429
51445
51518
51589
51601
51685
51687
51722
51727
51746
51777
51784
51807
51821
51823
51826
51830
51835
51838
51839
51840
51843
51845
51853
51855
51857
51858
51861
51865
51867
51868
51872
51873
51874
51876
51879
51903
51933
51938
51962
51977
51993
52005
52060
52065
52091
52125
52133
52180
52192
52230
52279
52288
52289
52291
52298
52306
52308
52310
52314
52316
52318
52319
52320
52321
52322
52327
52329
52333
52335
52366
52383
52401
52408
52420
52475
52590
52624
52632
52651
52663
52666
52698
52701
52708
52709
52710
52713
52718
52720
52725
52727
52728
52733
52737
52740
52748
52754
52758
52760
52765
52766
52771
52773
52777
52778
52782
52784
52785
52787
52791
52793
52795
52796
52799
52801
52802
52804
52806
52811
52812
52813
52817
52818
52820
52824
52826
52827
52830
52835
52837
52838
52839
52847
52849
52850
52853
52855
52858
52861
52862
52863
52865
52867
52882
52884
52893
52899
52903
52904
52906
52909
52910
52915
52916
52920
52921
52925
52938
52988
53001
53008
53014
53064
53099
53104
53133
53142
53149
53166
53178
53187
53209
53234
53254
53269
53270
53319
53332
53380
53397
53404
53429
53461
53466
53485
53522
53539
53540
53545
53553
53566
53567
53587
53606
53613
53618
53629
53636
53690
53807
53818
53836
53878
54015
54024
54066
54110
54178
54179
54203
54272
54279
54318
54430
54460
54490
54505
54522
54563
54572
54591
54615
54620
54646
54667
54705
54774
54777
54798
54801
54830
54840
54883
54903
54984
55022
55071
55158
55196
55209
55309
55338
55414
55435
55446
55451
55461
55521
55556
55566
55579
55586
55614
55624
55648
55665
55666
55675
55734
55807
55848
55865
55890
55969
55970
55972
55978
56013
56043
56047
56064
56201
56222
56244
56293
56354
56355
56415
56433
56444
56452
56481
56561
56620
56622
56638
56787
56858
56897
56931
56999
57018
57052
57070
57120
57124
57128
57189
57195
57231
57287
57294
57379
57391
57520
57558
57569
57590
57608
57610
57612
57622
57623
57628
57630
57635
57657
57707
57719
57740
57757
57791
57892
57930
57982
58012
58043
58075
58222
58274
58280
58303
58333
58345
58350
58352
58448
58455
58468
58533
58534
58545
58578
58607
58616
58656
58714
58748
58776
58808
58809
58810
58813
58815
58817
58818
58823
58827
58829
58831
58835
58876
58895
58902
58914
58927
58933
58945
58947
58973
58983
59070
59115
59127
59134
59136
59148
59202
59206
59236
59317
59384
59482
59489
59516
59517
59527
59540
59580
59582
59617
59628
59630
59635
59636
59639
59642
59659
59665
59670
59674
59676
59681
59695
59714
59777
59782
59818
59837
59841
59845
59849
59851
59858
59864
59867
59874
59883
59886
59889
59891
59902
59907
59915
59919
59927
59939
59953
59966
59968
59969
60008
60009
60011
60013
60025
60030
60036
60081
60087
60093
60118
60136
60142
60143
60147
60148
60149
60151
60157
60160
60163
60165
60167
60170
60190
60281
60324
60338
60413
60471
60550
60635
60641
60657
60667
60692
60704
60707
60731
60735
60743
60766
60773
60774
60856
60878
60900
60916
60955
60966
61015
61024
61061
61131
61153
61183
61197
61206
61243
61335
61440
61470
61497
61520
61533
61539
61616
61663
61685
61716
61720
61751
61852
61894
61914
61950
61951
61958
61982
61992
62012
62025
62026
62030
62032
62033
62037
62040
62045
62048
62062
62074
62080
62089
62090
62099
62103
62109
62114
62117
62120
62124
62132
62135
62137
62142
62145
62229
62237
62257
62265
62290
62308
62400
62412
62438
62542
62545
62595
62600
62602
62604
62605
62607
62610
62612
62618
62620
62623
62625
62627
62628
62678
62686
62718
62778
62780
62861
62915
62940
62968
63040
63058
63179
63202
63203
63246
63252
63262
63263
63278
63283
63296
63298
63311
63321
63324
63326
63329
63335
63337
63341
63346
63349
63350
63351
63352
63356
63358
63361
63364
63366
63372
63379
63384
63385
63394
63402
63404
63413
63459
63486
63535
63537
63552
63577
63608
63679
63765
63805
63879
63906
63989
64011
64022
64062
64130
64142
64216
64264
64266
64479
64491
64492
64500
64504
64506
64535
64559
64614
64628
64688
64690
64694
64698
64703
64705
64709
64710
64712
64713
64716
64718
64721
64731
64733
64738
64740
64742
64743
64746
64748
64750
64765
64784
64793
64796
64803
64806
64809
64810
64812
64819
64824
64840
64843
64846
64849
64852
64857
64858
64859
64861
64864
64868
64871
64878
64879
64880
64881
64884
64892
64907
64909
64911
64915
64917
64921
64922
64936
64940
64944
64946
64948
64951
64954
64959
64960
64963
64971
65045
65111
65131
65133
65181
65182
65188
65199
65200
65205
65207
65219
65221
65223
65226
65231
65236
65241
65251
65288
65291
65292
65319
65322
65326
65332
65340
65342
65343
65344
65353
65360
65363
65366
65367
65369
65378
65379
65384
65387
65391
65393
65407
65410
65411
65414
65417
65422
65423
65424
65426
65431
65436
65447
65452
65457
65459
65466
65473
65481
65496
65504
65508
65512
65617
65703
65705
65722
65852
65882
65912
65950
65975
65989
66054
66056
66138
66218
66245
66366
66410
66450
66460
66473
66499
66523
66556
66636
66651
66681
66736
66756
66774
66841
66844
66856
66862
66895
66910
66927
67028
67046
67092
67197
67213
67228
67284
67394
67422
67528
67676
67692
67809
67821
67823
67830
67868
67872
67892
67925
67928
67953
67962
67987
67988
68002
68007
68056
68072
68084
68088
68136
68145
68146
68153
68157
68173
68199
68212
68230
68365
68400
68402
68404
68436
68497
68571
68594
68807
68810
69062
69063
69077
69078
69117
69125
69127
69162
69246
69263
69275
69283
69287
69311
69317
69324
69332
69371
69378
69383
69387
69394
69401
69406
69411
69416
69421
69510
69543
69567
69574
69576
69578
69630
69670
69679
69702
69720
69747
69793
69807
69813
69818
69820
69852
69964
70023
70052
70072
70167
70279
70297
70348
70442
70451
70550
70553
70554
70555
70574
70662
70797
70798
70803
70805
70807
70856
70908
70930
70935
70937
70939
70951
71102
71197
71202
71412
71438
71441
71444
71454
71458
71461
71462
71464
71465
71480
71485
71486
71498
71500
71501
71503
71509
71511
71514
71518
71519
71521
71532
71535
71545
71553
71563
71565
71570
71573
71576
71631
71665
71695
71766
71835
71839
71844
71849
71857
71862
71865
71866
71867
71871
71874
71876
71880
71887
71896
71898
71900
71903
71905
71909
71955
71957
72091
72179
72194
72209
72220
72228
72232
72235
72238
72239
72244
72391
72576
72762
72806
72828
72830
72862
72863
72864
72867
72878
72893
72901
72907
72927
72930
72948
73055
73074
73171
73193
73237
73252
73254
73255
73257
73258
73260
73261
73262
73264
73265
73268
73269
73271
73276
73281
73286
73292
73296
73300
73302
73304
73310
73313
73315
73318
73321
73442
73445
73447
73450
73457
73460
73462
73464
73465
73468
73470
73474
73475
73478
73479
73483
73484
73487
73489
73491
73493
73494
73495
73496
73500
73502
73504
73506
73511
73515
73517
73714
74061
74092
74158
74177
74209
74250
74253
74271
74302
74319
74492
74673
74892
74901
74905
74930
74936
74950
74962
74981
74988
75019
75133
75137
75148
75162
75305
75390
75393
75395
75430
75454
75526
75642
75656
75719
75814
75926
76027
76181
76184
76186
76193
76391
76481
76489
76602
76618
76624
76661
76667
76673
76685
76793
76838
76853
77166
77168
77172
77173
77177
77180
77189
77190
77196
77199
77202
77209
77210
77216
77223
77227
77235
77323
77427
77472
77493
77562
77686
77694
77725
77737
77753
77757
77791
77838
77887
78036
78229
78232
78234
78236
78239
78240
78242
78243
78246
78249
78250
78259
78260
78267
78271
78273
78276
78278
78285
78318
78328
78331
78335
78337
78342
78345
78348
78349
78352
78356
78359
78360
78362
78364
78367
78370
78372
78378
78379
78380
78381
78382
78399
78413
78433
78436
78437
78475
78554
78681
78711
78854
78942
78974
79076
79118
79194
79322
79351
79358
79450
79659
79696
79828
79856
79932
79946
79952
