0
5
10
13
17
19
24
26
27
29
46
50
79
84
89
97
123
128
136
138
145
169
187
200
204
207
211
217
218
220
225
228
231
253
283
284
286
289
290
291
293
295
296
299
301
303
305
308
311
319
320
326
369
371
375
376
378
380
383
386
387
391
393
394
395
398
399
403
404
405
408
409
412
413
416
417
419
420
421
425
426
430
431
432
434
435
439
442
462
463
465
466
467
474
476
478
479
482
484
486
490
492
495
500
504
508
509
510
514
517
518
522
526
527
530
532
535
537
538
541
544
546
547
548
550
554
557
558
561
565
574
577
589
595
608
629
644
666
691
698
716
719
751
757
760
777
785
807
808
811
834
841
846
865
907
914
916
919
924
931
934
938
953
957
958
960
980
1004
1010
1013
1015
1016
1020
1021
1041
1042
1070
1073
1075
1078
1079
1085
1093
1098
1099
1103
1107
1109
1113
1114
1118
1119
1123
1127
1129
1131
1132
1133
1135
1139
1140
1143
1146
1150
1152
1167
1178
1180
1208
1210
1237
1242
1247
1262
1269
1270
1277
1279
1281
1283
1284
1285
1313
1329
1335
1358
1360
1364
1366
1376
1391
1413
1422
1424
1430
1463
1465
1466
1472
1482
1484
1485
1486
1488
1507
1519
1543
1565
1580
1616
1617
1619
1626
1651
1665
1667
1676
1681
1690
1691
1696
1698
1708
1721
1722
1723
1728
1746
1774
1776
1791
1819
1821
1845
1851
1863
1876
1880
1897
1936
1947
1970
1973
2001
2008
2014
2016
2032
2043
2044
2050
2051
2053
2056
2057
2059
2061
2065
2067
2069
2071
2073
2076
2077
2078
2080
2082
2087
2089
2090
2092
2094
2096
2101
2105
2108
2126
2140
2175
2183
2196
2203
2212
2235
2246
2265
2272
2273
2285
2363
2390
2396
2453
2463
2490
2493
2510
2511
2516
2519
2523
2525
2527
2531
2538
2539
2573
2574
2577
2581
2585
2588
2597
2609
2617
2636
2646
2662
2667
2671
2673
2675
2685
2698
2703
2710
2736
2745
2773
2784
2786
2788
2789
2792
2793
2804
2828
2844
2854
2858
2860
2869
2871
2895
2901
2908
2911
2925
2932
2960
2961
2966
2971
2972
2974
2975
2977
2979
2993
3003
3029
3054
3077
3087
3091
3104
3112
3121
3123
3130
3155
3165
3168
3177
3189
3195
3207
3210
3238
3241
3250
3252
3258
3259
3261
3269
3291
3295
3308
3310
3311
3322
3325
3335
3336
3357
3359
3360
3361
3371
3379
3399
3400
3411
3415
3440
3456
3457
3464
3473
3474
3476
3477
3486
3487
3493
3497
3504
3505
3516
3520
3521
3523
3537
3539
3542
3544
3545
3547
3549
3550
3552
3557
3558
3560
3563
3564
3565
3597
3616
3617
3619
3623
3635
3639
3669
3670
3671
3684
3687
3688
3695
3702
3705
3712
3713
3721
3732
3734
3735
3747
3768
3769
3781
3782
3803
3811
3824
3832
3841
3844
3874
3875
3877
3879
3882
3883
3885
3886
3887
3889
3892
3894
3896
3904
3922
3952
3955
3957
3963
3974
3986
3993
4009
4014
4017
4022
4039
4048
4059
4076
4095
4102
4106
4120
4131
4139
4160
4179
4184
4199
4207
4225
4248
4254
4275
4283
4301
4311
4322
4325
4327
4330
4332
4335
4371
4382
4384
4427
4434
4443
4444
4445
4446
4449
4450
4452
4453
4459
4461
4468
4469
4471
4472
4485
4493
4512
4516
4525
4527
4561
4567
4597
4605
4617
4633
4634
4656
4658
4663
4674
4676
4682
4684
4687
4689
4697
4701
4702
4705
4706
4707
4710
4714
4721
4725
4732
4734
4737
4740
4741
4748
4750
4753
4759
4760
4764
4781
4784
4786
4787
4796
4815
4829
4836
4848
4857
4866
4876
4877
4878
4882
4884
4885
4886
4889
4892
4893
4894
4895
4896
4898
4900
4901
4903
4907
4908
4910
4911
4912
4913
4915
4921
4924
4925
4930
4948
4965
4992
5022
5024
5039
5042
5079
5117
5120
5127
5142
5160
5170
5177
5178
5184
5202
5212
5215
5218
5230
5248
5290
5345
5380
5397
5406
5421
5426
5430
5434
5438
5452
5475
5485
5501
5509
5522
5532
5542
5545
5573
5577
5604
5630
5633
5638
5678
5680
5687
5705
5711
5729
5731
5747
5749
5755
5771
5776
5782
5804
5814
5833
5850
5860
5865
5905
6002
6007
6020
6021
6025
6033
6076
6078
6080
6081
6105
6125
6126
6130
6132
6157
6177
6179
6196
6198
6202
6241
6265
6286
6296
6298
6306
6344
6348
6365
6373
6442
6462
6497
6502
6507
6512
6529
6548
6549
6570
6571
6572
6575
6578
6599
6602
6603
6613
6628
6642
6643
6659
6665
6666
6691
6696
6704
6706
6730
6733
6738
6748
6762
6780
6784
6801
6814
6818
6868
6871
6872
6890
6908
6919
6922
6943
6962
6976
6979
6985
6988
6995
7001
7003
7046
7049
7072
7076
7079
7083
7106
7122
7124
7125
7127
7131
7134
7135
7146
7154
7170
7207
7214
7219
7234
7239
7245
7250
7251
7253
7254
7285
7316
7324
7327
7337
7348
7363
7364
7387
7399
7402
7406
7416
7488
7493
7495
7509
7515
7554
7569
7580
7620
7643
7656
7672
7679
7705
7718
7721
7722
7743
7765
7766
7775
7791
7804
7807
7808
7809
7813
7815
7817
7823
7825
7827
7829
7832
7833
7835
7855
7868
7884
7895
7935
7936
7961
7967
7993
8008
8012
8015
8018
8042
8067
8073
8080
8084
8122
8131
8152
8206
8214
8260
8279
8281
8282
8284
8290
8323
8331
8340
8368
8371
8388
8405
8407
8423
8428
8444
8452
8476
8481
8484
8486
8487
8489
8490
8491
8502
8505
8511
8525
8607
8619
8631
8635
8637
8650
8652
8657
8660
8679
8701
8703
8725
8730
8749
8757
8768
8779
8803
8841
8842
8853
8870
8924
8938
8940
8949
8975
8981
9008
9011
9015
9018
9021
9023
9024
9025
9031
9034
9035
9037
9038
9040
9042
9049
9051
9053
9057
9066
9078
9084
9087
9090
9093
9097
9117
9118
9126
9140
9144
9152
9189
9195
9204
9247
9258
9264
9279
9297
9310
9318
9329
9384
9388
9394
9401
9410
9415
9417
9418
9431
9432
9434
9435
9439
9440
9444
9474
9496
9504
9524
9525
9552
9559
9570
9582
9583
9607
9642
9648
9649
9684
9701
9706
9719
9735
9739
9745
9754
9761
9772
9828
9833
9838
9893
9913
9932
9939
9944
9947
10006
10026
10034
10060
10074
10084
10087
10115
10125
10136
10171
10181
10184
10190
10218
10223
10265
10295
10305
10309
10312
10317
10326
10360
10382
10388
10400
10431
10434
10465
10483
10485
10500
10502
10516
10550
10617
10643
10656
10677
10689
10701
10726
10733
10744
10746
10781
10783
10798
10810
10829
10855
10856
10873
10903
10905
10929
10930
10939
11007
11039
11127
11128
11143
11153
11155
11158
11159
11161
11165
11167
11169
11170
11172
11173
11196
11205
11221
11234
11310
11318
11320
11325
11369
11376
11384
11391
11396
11409
11463
11473
11477
11502
11503
11523
11528
11541
11571
11582
11583
11604
11639
11658
11684
11698
11730
11735
11741
11756
11776
11806
11816
11817
11821
11846
11868
11887
11901
11939
11983
11984
11998
11999
12020
12060
12061
12062
12065
12069
12090
12116
12162
12163
12169
12191
12235
12250
12261
12268
12273
12295
12307
12318
12323
12346
12374
12464
12474
12515
12526
12529
12531
12535
12556
12582
12590
12594
12598
12599
12624
12638
12643
12653
12679
12688
12698
12713
12733
12758
12769
12782
12789
12797
12818
12835
12930
12948
12992
12994
13022
13024
13059
13060
13071
13109
13137
13146
13174
13184
13223
13235
13245
13258
13264
13281
13291
13298
13306
13318
13325
13334
13375
13418
13419
13423
13426
13428
13429
13431
13486
13559
13574
13582
13622
13624
13634
13664
13686
13747
13748
13758
13761
13770
13827
13833
13844
13846
13863
13869
13892
13916
13978
13982
13997
14020
14023
14037
14057
14087
14114
14135
14136
14166
14170
14177
14238
14248
14260
14309
14329
14347
14356
14358
14378
14388
14391
14393
14421
14448
14471
14490
14509
14543
14575
14583
14622
14624
14648
14683
14690
14719
14752
14755
14781
14799
14820
14823
14836
14843
14865
14869
14907
14967
14974
14977
15026
15038
15059
15065
15088
15123
15191
15214
15222
15318
15363
15367
15416
15417
15419
15450
15530
15557
15567
15649
15662
15679
15735
15753
15774
15802
15807
15817
15852
15866
15869
15905
15910
15955
15974
16016
16064
16067
16070
16074
16099
16129
16170
16198
16241
16247
16259
16268
16274
16294
16323
16356
16357
16382
16427
16430
16432
16438
16456
16458
16473
16503
16513
16546
16552
16581
16597
16602
16605
16606
16610
16612
16628
16629
16637
16655
16672
16703
16730
16741
16793
16803
16836
16889
16891
16893
16894
17000
17001
17015
17037
17049
17084
17094
17106
17107
17157
17183
17196
17204
17223
17278
17283
17288
17305
17316
17319
17325
17336
17352
17370
17375
17412
17445
17495
17515
17565
17627
17643
17671
17680
17696
17721
17749
17769
17770
17777
17783
17794
17831
17895
17945
17946
17956
17992
18019
18030
18111
18185
18186
18207
18214
18266
18268
18309
18326
18356
18372
18377
18383
18418
18420
18452
18456
18467
18516
18520
18548
18560
18596
18684
18691
18725
18761
18763
18765
18766
18768
18770
18794
18799
18838
18845
18870
18893
18922
18959
18982
19011
19019
19025
19026
19054
19063
19077
19109
19127
19163
19164
19166
19177
19230
19232
19242
19254
19273
19297
19310
19312
19316
19319
19322
19335
19350
19394
19425
19442
19456
19480
19505
19565
19610
19614
19624
19634
19655
19670
19812
19815
19842
19849
19868
19896
19937
19954
19970
19997
20017
20029
20065
20075
20088
20147
20148
20169
20224
20263
20279
20356
20376
20393
20410
20426
20441
20442
20506
20570
20582
20604
20606
20638
20697
20701
20720
20740
20780
20831
20840
20880
20887
20951
20973
20993
21014
21033
21053
21061
21109
21110
21117
21191
21238
21260
21277
21307
21321
21351
21353
21439
21443
21447
21471
21489
21507
21515
21533
21538
21574
21582
21588
21602
21607
21625
21648
21678
21717
21787
21886
21890
21931
21950
21980
21987
22005
22034
22050
22052
22075
22138
22160
22194
22197
22222
22239
22297
22304
22310
22322
22324
22379
22385
22397
22466
22468
22510
22546
22556
22608
22615
22646
22657
22671
22699
22754
22780
22804
22819
22827
22838
22883
22921
22931
22961
22963
22999
23007
23039
23048
23087
23190
23213
23236
23240
23288
23298
23334
23372
23441
23444
23463
23471
23481
23483
23499
23514
23561
23601
23637
23671
23686
23714
23800
23809
23815
23853
23899
23932
23944
23966
24000
24031
24053
24083
24088
24110
24121
24154
24159
24176
24200
24225
24236
24284
24295
24332
24405
24413
24418
24420
24614
24645
24692
24711
24839
24840
24848
24883
24974
25030
25062
25128
25131
25219
25256
25258
25385
25427
25453
25466
25475
25480
25483
25492
25536
25540
25548
25579
25621
25622
25682
25802
25816
25863
25864
25867
25893
25898
25908
25950
25965
25976
25988
25990
26002
26032
26039
26042
26062
26090
26111
26166
26219
26295
26370
26387
26390
26398
26406
26410
26457
26529
26539
26555
26592
26626
26707
26721
26744
26747
26754
26788
26798
26856
26871
26873
26924
26981
27014
27037
27133
27168
27171
27221
27253
27261
27338
27442
27452
27506
27510
27573
27632
27640
27661
27780
27865
27924
27944
27950
27974
28080
28081
28101
28181
28212
28290
28353
28484
28498
28694
28696
28741
28786
28797
28884
28890
28995
29065
29103
29116
29152
29223
29245
29270
29442
29449
29494
29561
29673
29693
29706
29713
29723
29733
29752
29776
29828
29911
29956
29973
30014
30038
30039
30040
30041
30042
30043
30049
30054
30055
30057
30060
30063
30067
30068
30072
30075
30076
30077
30081
30082
30084
30085
30086
30089
30091
30154
30170
30202
30300
30301
30313
30495
30509
30532
30565
30684
30736
30768
30819
30821
30841
30870
30878
30977
30998
31179
31185
31191
31212
31223
31234
31266
31286
31315
31333
31360
31393
31414
31442
31490
31656
31659
31806
31857
31903
31985
31988
