0
8
20
26
35
41
62
77
84
103
137
174
196
208
232
247
293
298
299
300
303
319
362
390
409
423
433
434
435
437
439
443
449
453
502
508
593
600
629
646
678
682
703
749
755
795
820
831
836
845
868
871
903
913
927
929
931
932
939
974
982
985
1033
1035
1050
1059
1070
1073
1107
1135
1157
1196
1204
1210
1243
1248
1252
1286
1314
1375
1378
1396
1415
1418
1450
1483
1496
1498
1500
1503
1540
1542
1563
1591
1609
1630
1653
1658
1660
1661
1669
1681
1688
1712
1747
1748
1751
1766
1771
1820
1825
1826
1828
1830
1831
1832
1844
1873
1889
1917
1943
1971
1972
1990
2012
2016
2017
2019
2055
2066
2090
2094
2125
2127
2131
2132
2135
2253
2256
2259
2274
2306
2312
2323
2327
2359
2388
2473
2476
2523
2535
2547
2560
2561
2592
2593
2595
2600
2602
2603
2626
2627
2650
2654
2663
2732
2735
2747
2750
2772
2846
2849
2858
2859
2866
2962
2994
3021
3040
3042
3046
3047
3051
3057
3091
3096
3123
3132
3143
3169
3170
3172
3182
3192
3198
3200
3211
3218
3266
3286
3319
3337
3342
3352
3361
3365
3368
3369
3379
3419
3429
3516
3539
3606
3611
3619
3691
3695
3714
3715
3719
3743
3755
3765
3796
3801
3806
3809
3813
3820
3822
3823
3838
3856
3862
3916
3919
3921
3923
3925
3933
4001
4005
4046
4054
4078
4089
4170
4181
4192
4199
4209
4301
4302
4305
4307
4309
4310
4334
4356
4358
4394
4403
4422
4486
4513
4515
4542
4550
4570
4592
4610
4627
4667
4689
4694
4697
4712
4723
4742
4753
4774
4783
4785
4788
4789
4793
4861
4865
4893
4896
4910
4916
4918
4919
4921
4923
4925
4926
4957
4958
4963
4964
4975
5027
5029
5089
5116
5150
5216
5217
5218
5220
5227
5260
5271
5301
5317
5326
5341
5380
5395
5425
5437
5440
5446
5471
5507
5515
5520
5521
5563
5580
5590
5620
5681
5682
5690
5708
5709
5710
5716
5748
5751
5811
5825
5867
5874
5900
5903
5944
5975
5991
5998
6014
6035
6102
6104
6201
6259
6301
6350
6361
6370
6374
6434
6473
6488
6614
6625
6709
6716
6739
6747
6770
6798
6803
6804
6866
6876
6907
6935
6936
6946
6962
6976
7020
7023
7025
7085
7088
7097
7135
7196
7205
7228
7272
7281
7314
7340
7358
7394
7442
7449
7455
7456
7550
7566
7570
7618
7639
7654
7672
7691
7747
7753
7787
7795
7797
7798
7831
7854
7855
7856
7857
7859
7862
7908
7965
8026
8123
8135
8136
8167
8186
8229
8240
8250
8285
8305
8359
8361
8377
8389
8448
8554
8659
8689
8716
8822
8892
8904
8922
8963
8994
9004
9032
9054
9063
9082
9091
9161
9165
9191
9302
9335
9407
9471
9510
9543
9576
9634
9641
9708
9740
9774
9807
9809
9810
9817
9831
9845
9897
9928
9948
9951
9957
9976
10072
10088
10091
10145
10162
10276
10277
10374
10379
10385
10456
10565
10636
10668
10682
10683
10702
10808
10834
10842
10922
10977
11054
11078
11097
11162
11170
11190
11336
11519
11548
11576
11617
11685
11778
11877
11917
11922
11932
11939
11981
11991
12020
12024
12027
12028
12039
12087
12091
12115
12133
12156
12204
12315
12323
12333
12370
12460
12484
12549
12579
12658
12693
12786
12798
12806
12829
12831
12926
12957
13037
13040
13043
13064
13117
13153
13187
13211
13226
13266
13278
13319
13343
13370
13422
13426
13429
13432
13435
13438
13439
13440
13441
13474
13487
13499
13590
13664
13789
13798
13801
13848
13868
13936
13951
14062
14111
14163
14168
14268
14276
14320
14372
14406
14421
14471
14477
14478
14479
14481
14483
14486
14488
14489
14490
14614
14622
14624
14627
14630
14633
14639
14642
14643
14646
14649
14651
14652
14654
14657
14797
14837
14867
14868
14909
14926
14931
15005
15008
15039
15133
15220
15332
15360
15375
15380
15413
15422
15503
15555
15575
15584
15684
15827
15872
15987
16000
16071
16073
16131
16202
16283
16361
16435
16468
16472
16476
16477
16499
16549
16665
16695
16748
16811
16835
