0 19
1 19
0 10
2 19
0 1
1 10
3 19
0 40
4 19
1 40
1 1
0 31
1 31
0 27
0 37
0 30
0 44
1 30
0 26
0 18
1 37
2 37
3 37
2 30
3 30
4 30
2 44
2 10
1 18
1 44
0 17
4 37
2 18
1 17
0 21
1 26
2 40
2 31
0 47
1 47
1 27
1 21
0 12
0 43
3 18
2 39
2 26
2 1
0 24
2 47
2 11
3 1
0 11
2 28
1 11
3 10
3 40
2 43
0 38
2 24
0 3
2 38
2 17
1 3
0 32
1 12
1 43
2 6
4 18
2 35
0 35
3 35
2 27
3 31
3 43
1 35
1 24
1 32
0 28
2 8
2 5
3 11
0 23
0 34
2 21
0 5
4 35
4 11
3 6
4 10
3 44
4 40
3 47
3 5
2 23
1 23
0 39
1 28
1 34
1 5
2 3
3 3
0 6
1 39
1 38
4 3
3 23
3 21
3 38
0 42
2 49
0 14
2 41
2 12
4 5
0 25
4 43
2 25
1 14
1 42
0 49
1 6
1 25
2 32
3 25
3 26
2 13
4 1
4 25
0 48
1 49
0 22
0 8
0 16
2 14
0 13
4 44
4 23
4 38
2 22
2 34
1 8
1 13
0 41
1 22
1 16
3 27
3 22
0 45
2 7
3 7
3 24
2 29
2 48
0 4
4 26
3 48
0 29
2 2
2 42
3 12
3 29
0 0
1 29
1 48
1 4
1 41
3 42
3 39
2 46
3 32
3 14
4 48
0 46
0 9
4 14
3 41
3 17
2 20
4 42
1 46
4 7
3 20
4 21
3 13
1 9
0 15
4 32
3 46
0 20
4 17
4 12
1 45
1 15
1 0
0 2
1 20
0 7
1 2
2 9
4 47
2 15
0 33
1 7
4 20
4 13
0 36
3 2
1 33
4 24
4 6
4 22
4 39
2 16
4 29
1 36
4 31
4 41
4 46
2 4
4 27
3 34
3 15
3 8
4 34
3 9
4 15
2 36
3 16
3 28
4 28
2 0
3 4
3 49
4 4
2 45
4 2
4 49
2 33
4 8
3 45
3 36
4 16
4 45
3 33
4 36
4 9
3 0
4 33
4 0

Score: 480.72399282710705