0
273
289
290
291
304
306
342
371
377
383
402
412
416
422
423
428
468
480
482
487
488
505
509
533
537
538
539
541
543
545
548
549
563
573
579
602
607
608
613
615
634
660
663
668
670
680
735
737
756
763
785
786
787
789
790
793
794
797
812
821
824
836
837
853
870
888
892
896
899
901
904
908
918
922
929
933
934
936
938
939
941
942
948
949
951
952
954
957
958
960
963
964
966
969
971
973
976
977
979
982
985
986
987
988
993
995
997
999
1003
1004
1006
1009
1012
1015
1017
1020
1023
1028
1029
1030
1035
1036
1041
1042
1084
1089
1096
1135
1148
1155
1158
1173
1175
1187
1194
1214
1222
1236
1242
1243
1246
1275
1280
1292
1298
1302
1304
1305
1309
1310
1313
1320
1327
1329
1339
1340
1341
1342
1365
1379
1417
1418
1426
1436
1462
1467
1470
1471
1475
1479
1481
1496
1499
1501
1517
1524
1536
1559
1562
1564
1622
1637
1638
1640
1645
1646
1647
1649
1655
1657
1658
1664
1666
1668
1669
1671
1675
1677
1680
1683
1685
1686
1689
1691
1692
1695
1697
1702
1704
1707
1708
1710
1715
1721
1725
1727
1733
1734
1739
1747
1756
1785
1787
1788
1795
1798
1831
1833
1835
1836
1842
1843
1849
1866
1871
1873
1877
1881
1882
1886
1895
1898
1900
1911
1913
1915
1921
1935
1940
1948
1972
1976
1999
2012
2026
2029
2034
2046
2079
2088
2092
2132
2137
2145
2159
2173
2188
2214
2219
2256
2262
2263
2266
2267
2268
2270
2273
2304
2313
2321
2349
2357
2369
2383
2384
2411
2425
2430
2433
2444
2450
2464
2475
2487
2489
2500
2506
2512
2530
2534
2543
2557
2572
2590
2618
2619
2637
2639
2651
2660
2663
2669
2688
2689
2692
2696
2702
2717
2758
2767
2775
2778
2788
2790
2791
2795
2796
2817
2834
2856
2857
2863
2869
2872
2879
2883
2886
2891
2893
2897
2899
2902
2906
2911
2920
2940
2951
2952
2954
2960
2965
2967
2971
2997
3000
3004
3006
3008
3032
3033
3048
3050
3055
3057
3061
3063
3066
3068
3069
3070
3072
3077
3078
3080
3083
3084
3091
3094
3096
3097
3100
3101
3103
3105
3106
3109
3126
3131
3145
3173
3178
3184
3186
3193
3228
3235
3252
3256
3284
3287
3293
3296
3319
3328
3329
3331
3336
3342
3343
3346
3348
3350
3353
3370
3383
3384
3385
3400
3401
3411
3417
3422
3423
3443
3449
3455
3466
3472
3474
3476
3477
3489
3493
3507
3526
3536
3540
3547
3551
3557
3560
3569
3586
3599
3620
3625
3651
3663
3666
3671
3678
3709
3712
3783
3791
3800
3808
3843
3854
3857
3890
3893
3907
3936
3944
3947
3955
3966
3974
3994
3995
4008
4014
4020
4030
4032
4040
4043
4055
4064
4065
4093
4100
4103
4105
4108
4109
4118
4126
4128
4129
4149
4152
4154
4166
4182
4186
4195
4200
4228
4234
4240
4258
4269
4271
4278
4279
4294
4335
4336
4366
4418
4434
4450
4501
4540
4547
4557
4558
4571
4582
4583
4586
4625
4654
4662
4672
4720
4724
4764
4766
4774
4779
4788
4790
4792
4816
4820
4832
4851
4882
4887
4915
4948
4950
5015
5019
5080
5087
5094
5097
5105
5106
5121
5124
5134
5141
5155
5213
5236
5244
5254
5261
5304
5326
5333
5336
5339
5347
5351
5352
5355
5359
5361
5365
5366
5375
5376
5403
5405
5462
5464
5469
5501
5502
5504
5505
5510
5512
5523
5526
5527
5546
5583
5601
5608
5613
5627
5630
5666
5681
5690
5691
5721
5750
5761
5765
5774
5777
5797
5806
5807
5839
5856
5864
5867
5891
5897
5905
5909
5919
5937
5963
5982
5987
6004
6009
6014
6016
6022
6023
6041
6042
6044
6047
6048
6050
6053
6054
6064
6076
6079
6080
6082
6087
6091
6094
6095
6098
6107
6109
6111
6112
6114
6116
6123
6125
6127
6128
6130
6133
6136
6139
6141
6146
6153
6159
6162
6164
6169
6170
6173
6177
6179
6181
6184
6189
6190
6196
6202
6204
6205
6209
6212
6214
6215
6218
6222
6226
6229
6233
6237
6239
6242
6243
6271
6276
6277
6282
6292
6308
6334
6337
6391
6403
6410
6417
6438
6460
6471
6473
6527
6540
6541
6574
6593
6605
6618
6619
6626
6639
6649
6657
6698
6716
6734
6785
6792
6793
6801
6815
6836
6845
6867
6878
6883
6895
6907
6908
6916
6929
6945
6952
6960
6964
6968
6974
7007
7030
7077
7106
7107
7113
7114
7119
7146
7153
7169
7170
7171
7184
7185
7195
7197
7253
7261
7290
7296
7321
7359
7367
7368
7370
7371
7378
7384
7445
7448
7449
7478
7487
7489
7492
7495
7499
7500
7505
7512
7516
7517
7546
7566
7572
7577
7599
7601
7602
7606
7608
7612
7615
7630
7641
7656
7662
7664
7669
7718
7754
7775
7804
7813
7831
7854
7881
7890
7895
7899
7907
7910
7924
7931
7962
7974
7975
7982
8016
8029
8032
8037
8038
8060
8069
8116
8145
8150
8155
8167
8206
8208
8226
8232
8236
8314
8341
8348
8350
8364
8365
8373
8377
8402
8404
8413
8429
8431
8435
8457
8460
8481
8483
8484
8489
8493
8494
8496
8541
8583
8606
8613
8619
8624
8632
8658
8662
8688
8693
8726
8760
8769
8788
8865
8868
8871
8896
8902
8907
8912
8914
8934
8939
8950
8963
8970
8995
9001
9028
9053
9066
9068
9069
9086
9111
9119
9123
9130
9144
9164
9169
9176
9178
9190
9239
9266
9294
9313
9321
9323
9327
9359
9367
9373
9380
9389
9393
9396
9399
9400
9402
9403
9406
9411
9412
9413
9416
9418
9424
9432
9440
9445
9454
9455
9494
9500
9541
9549
9562
9588
9611
9622
9625
9628
9646
9648
9663
9669
9706
9729
9734
9742
9752
9759
9762
9775
9785
9795
9798
9803
9810
9820
9832
9844
9845
9858
9864
9897
9903
9943
9958
9965
10021
10024
10057
10060
10063
10065
10100
10103
10107
10130
10136
10159
10172
10189
10233
10237
10246
10277
10288
10290
10298
10336
10342
10343
10346
10368
10371
10415
10418
10422
10432
10476
10485
10516
10519
10544
10574
10622
10665
10669
10709
10712
10729
10738
10812
10862
10887
10907
10919
10939
10949
11046
11056
11065
11133
11207
11214
11241
11265
11269
11285
11286
11300
11305
11338
11353
11360
11375
11383
11394
11395
11397
11402
11408
11410
11411
11415
11419
11431
11449
11461
11496
11499
11513
11540
11603
11604
11654
11689
11690
11694
11713
11717
11720
11830
11831
11866
11894
11939
11952
11978
11986
11987
11995
12025
12067
12116
12143
12164
12176
12205
12224
12254
12265
12316
12330
12344
12350
12373
12448
12522
12569
12587
12598
12602
12603
12605
12648
12656
12657
12672
12720
12778
12802
12812
12859
12886
12892
12901
12902
12914
12983
13007
13020
13037
13045
13083
13094
13158
13165
13192
13199
13224
13226
13274
13286
13326
13346
13359
13380
13390
13392
13430
13437
13448
13486
13495
13498
13610
13619
13658
13667
13728
13804
13807
13842
13869
13906
13934
13973
14021
14024
14026
14029
14034
14036
14047
14065
14099
14144
14157
14224
14286
14293
14300
14350
14363
14365
14368
14394
14425
14446
14481
14492
14515
14538
14563
14604
14632
14642
14701
14731
14809
14836
14924
14958
15005
15010
15041
15064
15099
15135
15136
15145
15160
15167
15172
15175
15241
15293
15321
15358
15361
15387
15405
15431
15457
15478
15483
15568
15618
15647
15716
15720
15731
15739
15754
15759
15766
15848
15860
15876
15910
15923
15946
15959
16039
16041
16047
16123
16139
16169
16224
16253
16260
16315
16323
16351
16373
16385
16398
16414
16427
16465
16482
16545
16561
16629
16649
16783
16795
16822
16876
16901
17044
17118
17142
17210
17273
17276
17442
17478
17511
17545
17693
17695
17712
17758
17855
17918
17945
18013
18030
18053
18077
18084
18116
18124
18165
18220
18252
18278
18366
18371
18415
18468
18484
18514
18552
18577
18611
18805
18809
18850
