0 13
0 16
0 17
2 1
0 7
1 17
2 7
3 7
3 1
1 16
1 13
0 1
1 7
0 39
1 1
0 6
2 13
2 17
3 17
1 39
0 26
0 33
3 13
0 46
0 49
1 33
0 44
0 29
2 32
2 46
3 46
1 29
1 46
1 6
1 49
0 5
2 39
2 29
1 44
2 16
3 16
1 5
2 33
0 48
1 26
0 27
2 49
3 33
0 8
3 49
2 27
3 27
1 27
0 45
0 21
1 48
2 45
2 6
2 5
3 29
3 5
1 45
0 9
0 2
2 2
1 2
0 0
1 9
0 30
1 8
1 21
0 32
1 30
2 48
3 2
0 37
2 30
2 43
1 32
0 47
1 0
3 6
2 44
0 10
1 37
1 47
0 22
1 10
0 15
3 39
0 43
1 15
3 44
0 34
1 43
2 8
0 3
3 48
1 34
0 35
2 35
2 3
2 10
2 26
2 34
1 22
0 18
0 20
1 3
0 12
3 3
3 26
2 37
3 43
1 35
1 12
0 38
1 20
0 24
2 23
0 23
2 38
3 37
1 18
0 31
1 24
1 23
2 21
2 31
3 31
1 38
0 40
1 31
0 11
3 45
2 22
3 8
0 36
2 9
3 23
2 11
2 36
3 36
3 30
3 9
3 21
2 42
0 25
1 40
1 36
3 10
2 40
0 19
1 11
1 25
3 11
2 14
2 24
3 40
1 19
0 4
2 0
2 41
3 42
1 4
0 42
3 35
2 47
3 0
1 42
0 14
3 22
0 41
1 14
0 28
1 41
2 25
3 25
1 28
2 19
2 4
3 38
2 18
3 32
3 34
2 20
2 15
3 19
3 47
3 24
3 4
3 20
3 15
3 14
3 18
2 12
2 28
3 41
3 28
3 12

Score: 205.4753461023643