0
8
20
27
32
44
60
62
65
69
73
80
96
99
101
116
150
151
158
163
192
213
214
216
220
230
232
235
236
240
242
244
249
264
267
283
291
300
321
322
327
338
342
347
352
353
357
367
377
393
395
396
401
402
406
416
420
424
425
427
428
429
441
442
444
455
458
463
479
486
491
494
495
499
501
504
508
516
521
522
523
526
530
535
545
552
559
573
576
586
588
589
593
594
595
598
600
602
604
606
609
611
614
617
619
621
624
639
647
649
654
660
663
667
670
681
690
695
703
717
728
729
732
739
746
747
750
754
756
757
759
761
770
772
779
782
790
819
826
835
836
839
872
878
894
898
904
911
922
938
940
944
954
955
957
959
960
963
981
983
984
989
1001
1036
1042
1044
1045
1068
1076
1083
1084
1093
1097
1102
1103
1118
1121
1127
1137
1140
1146
1147
1158
1164
1179
1182
1192
1202
1204
1213
1223
1224
1228
1244
1255
1260
1262
1263
1272
1275
1276
1279
1318
1320
1321
1323
1326
1327
1328
1330
1332
1333
1339
1345
1360
1368
1388
1401
1402
1409
1411
1419
1427
1428
1429
1432
1433
1452
1457
1500
1513
1515
1520
1526
1533
1535
1536
1539
1541
1548
1564
1580
1592
1597
1607
1612
1615
1617
1618
1619
1620
1622
1623
1625
1627
1631
1632
1635
1636
1639
1649
1650
1651
1659
1662
1664
1675
1694
1697
1700
1722
1726
1728
1743
1750
1757
1763
1764
1765
1767
1769
1771
1773
1774
1780
1808
1816
1821
1825
1831
1842
1847
1864
1890
1909
1912
1927
1931
1943
1951
1953
1960
1963
1967
1972
1976
1978
2010
2017
2019
2021
2023
2024
2025
2026
2028
2034
2045
2050
2053
2060
2064
2066
2071
2082
2084
2100
2102
2114
2120
2125
2139
2143
2151
2155
2171
2175
2176
2178
2181
2184
2189
2191
2192
2193
2196
2198
2199
2205
2208
2211
2214
2218
2222
2224
2231
2232
2235
2240
2262
2279
2294
2300
2302
2318
2331
2336
2342
2354
2370
2376
2389
2397
2398
2402
2405
2407
2417
2419
2432
2438
2474
2480
2496
2514
2526
2537
2547
2556
2561
2580
2588
2597
2608
2609
2611
2613
2614
2615
2616
2619
2631
2632
2638
2661
2663
2666
2687
2689
2690
2695
2702
2716
2720
2734
2745
2748
2777
2778
2781
2807
2819
2822
2831
2849
2853
2861
2863
2876
2882
2926
2944
2956
2968
2981
2996
3020
3021
3024
3064
3082
3087
3098
3109
3115
3119
3135
3150
3156
3161
3175
3181
3190
3193
3195
3196
3220
3231
3243
3247
3253
3263
3282
3287
3288
3298
3316
3322
3327
3330
3333
3336
3338
3341
3342
3343
3357
3358
3360
3361
3371
3388
3396
3399
3409
3417
3422
3441
3444
3447
3458
3476
3497
3505
3507
3508
3510
3518
3540
3545
3548
3557
3587
3590
3592
3594
3599
3623
3625
3632
3633
3645
3656
3663
3671
3688
3700
3711
3719
3721
3725
3745
3753
3767
3782
3790
3803
3804
3805
3806
3808
3810
3829
3830
3856
3869
3880
3885
3886
3895
3897
3906
3915
3916
3924
3925
3927
3928
3931
3959
3964
3966
3974
3976
3985
3994
4007
4010
4013
4016
4017
4020
4033
4035
4044
4050
4059
4062
4063
4065
4079
4082
4086
4088
4094
4099
4116
4118
4120
4125
4128
4130
4136
4141
4153
4160
4162
4165
4179
4190
4199
4202
4219
4223
4241
4277
4295
4303
4321
4325
4333
4344
4363
4370
4376
4377
4382
4385
4388
4389
4391
4393
4396
4402
4446
4454
4457
4478
4497
4505
4515
4543
4551
4562
4569
4576
4589
4591
4594
4607
4614
4640
4659
4664
4670
4698
4711
4735
4746
4747
4767
4790
4792
4797
4804
4807
4819
4829
4845
4856
4875
4909
4926
4933
4941
4958
4990
5012
5015
5044
5051
5053
5069
5072
5091
5096
5132
5144
5146
5147
5149
5180
5188
5195
5204
5208
5210
5232
5239
5240
5252
5253
5267
5269
5270
5277
5281
5285
5297
5298
5302
5331
5355
5359
5360
5361
5362
5365
5381
5389
5392
5393
5394
5403
5410
5414
5432
5439
5441
5443
5451
5453
5471
5478
5501
5515
5528
5531
5533
5552
5553
5555
5563
5564
5580
5596
5608
5650
5660
5668
5673
5692
5710
5717
5720
5721
5722
5775
5808
5824
5832
5833
5836
5838
5842
5843
5850
5859
5879
5883
5899
5923
5965
5966
6006
6009
6015
6016
6017
6041
6059
6063
6077
6149
6161
6184
6226
6232
6246
6257
6258
6326
6328
6331
6333
6341
6347
6349
6355
6362
6385
6391
6395
6409
6414
6417
6420
6421
6423
6424
6428
6439
6458
6463
6473
6483
6493
6495
6514
6538
6547
6586
6605
6611
6626
6627
6641
6656
6672
6698
6747
6752
6753
6767
6772
6773
6787
6805
6818
6823
6838
6859
6877
6888
6900
6904
6910
6913
6917
6919
6923
6925
6953
6968
6974
6994
7003
7014
7031
7070
7091
7092
7093
7101
7111
7143
7146
7160
7165
7176
7181
7189
7203
7207
7216
7218
7221
7237
7238
7241
7250
7259
7273
7303
7315
7319
7324
7329
7352
7353
7386
7396
7404
7440
7449
7496
7498
7505
7522
7529
7599
7631
7632
7654
7661
7667
7694
7699
7730
7738
7751
7757
7781
7802
7834
7859
7867
7885
7937
7943
7945
8000
8058
8132
8137
8144
8146
8156
8167
8250
8288
8292
8307
8344
8367
8379
8380
8383
8405
8411
8468
8472
8487
8490
8509
8547
8552
8558
8563
8619
8620
8649
8650
8661
8668
8689
8749
8769
8782
8789
8790
8841
8855
8860
8865
8875
8887
8915
8926
8998
9000
9011
9020
9034
9059
9072
9088
9091
9102
9120
9122
9126
9140
9149
9154
9157
9158
9159
9161
9175
9179
9186
9223
9224
9225
9272
9320
9331
9344
9369
9371
9385
9401
9433
9449
9478
9480
9510
9556
9571
9584
9591
9631
9637
9671
9701
9702
9725
9739
9742
9770
9791
9835
9840
9865
9888
9896
9934
9935
9944
9979
9980
9985
10015
10024
10064
10105
10108
10157
10177
10221
10230
10249
10256
10261
10266
10303
10318
10356
10361
10385
10427
10537
10553
10585
10592
10593
10599
10633
10634
10635
10647
10648
10649
10650
10652
10655
10658
10659
10672
10690
10765
10784
10833
10861
10901
10929
11049
11051
11082
11110
11129
11145
11160
11190
11208
11225
11235
11246
11253
11260
11272
11276
11279
11292
11308
11310
11331
11349
11350
11351
11367
11464
11505
11564
11587
11615
11625
11651
11666
11669
11763
11784
11820
11822
11831
11845
11871
11930
11946
11980
11987
12007
12010
12018
12024
12032
12037
12048
12059
12067
12094
12104
12157
12169
12186
12194
12218
12246
12315
12343
12391
12397
12422
12528
12531
12532
12535
12575
12608
12629
12662
12726
12855
12866
12869
12907
12933
12987
13026
13042
13115
13139
13162
13195
13224
13271
13285
13293
13363
13397
13456
13483
13606
13607
13739
13752
13766
13843
13855
13923
13949
13952
13971
13982
13994
14080
14083
14115
14158
14191
14232
14237
14255
14309
14331
14363
14377
14393
14402
14464
14506
14608
14646
14651
14661
14693
14701
14822
14831
14857
14892
14916
14952
14979
15006
15103
15114
15158
15178
15179
15347
15355
15359
15378
15393
15492
15510
15513
15515
15516
15565
15586
15686
15688
15697
15743
15757
15795
15801
15831
15847
15967
15992
15993
16051
16052
16070
16121
16139
16184
16195
16242
16263
16312
16371
16433
16477
16533
16562
16564
16580
16587
16661
16675
16726
16758
16765
16766
16767
16768
16769
16780
16998
17021
17027
17084
17108
17205
17287
17309
17337
17381
17400
17443
17526
17531
17610
17652
17675
17676
17801
17834
17991
17994
18009
18038
18091
18120
18202
18304
18377
18481
18489
18589
18621
18636
18641
18650
18682
18694
18789
18798
18896
18949
18957
19108
19291
19314
19363
19418
19486
19551
19660
19873
19946
19992
20186
20201
20287
20329
20542
20600
20787
