0 45
1 45
2 45
0 32
0 48
0 41
0 19
1 32
2 32
2 41
0 12
0 25
1 41
0 0
1 48
2 48
1 12
2 12
1 19
0 27
2 19
0 23
1 0
1 27
1 25
2 27
2 1
0 11
0 9
2 0
0 7
0 1
1 9
2 9
1 23
0 17
1 11
0 37
0 15
2 11
0 42
1 7
0 33
2 23
1 15
0 30
2 15
1 33
0 28
1 1
1 30
0 24
1 17
1 42
2 25
0 18
1 37
1 28
0 29
0 3
2 37
0 36
2 28
1 18
2 18
0 14
0 38
0 6
1 6
1 36
2 6
0 16
2 36
1 38
0 13
2 38
1 24
1 29
0 20
1 14
0 40
2 20
1 20
0 43
0 4
1 16
0 8
1 3
2 16
1 43
0 35
0 39
1 40
2 43
1 39
1 4
2 40
0 47
0 46
0 31
1 13
0 44
0 34
0 26
2 39
0 49
1 34
2 42
1 35
1 47
1 8
0 22
0 5
1 26
1 31
0 21
2 47
1 49
1 22
0 10
2 29
1 46
2 33
1 21
2 21
1 10
2 3
0 2
2 8
2 13
1 5
2 31
1 2
2 7
2 14
1 44
2 10
2 17
2 35
2 49
2 30
2 2
2 24
2 34
2 46
2 26
2 4
2 5
2 44
2 22

Score: 118.31999999999883