0
0
2
3
6
8
12
14
15
16
19
21
26
34
36
37
38
39
40
42
45
46
47
48
49
51
53
55
56
59
60
63
64
67
68
70
72
74
76
78
80
84
85
86
88
91
94
96
97
99
102
103
105
107
109
118
120
121
131
132
134
135
138
139
141
143
145
146
149
154
156
157
163
164
166
167
171
172
175
176
178
180
182
184
185
186
190
192
194
196
197
199
201
202
203
207
210
211
215
217
223
224
231
234
235
236
238
241
245
248
251
252
253
254
255
259
266
268
270
271
273
276
280
281
282
285
286
289
291
293
297
301
306
308
311
314
315
316
321
322
323
325
326
328
331
334
337
339
341
344
346
347
349
350
353
356
357
358
359
360
365
366
368
371
373
379
380
387
394
396
397
399
400
402
408
410
411
412
413
415
417
421
422
426
427
428
430
432
434
435
441
442
443
447
449
450
453
454
457
459
460
463
464
465
470
471
473
475
476
477
480
486
489
490
491
493
495
496
497
499
501
503
507
508
509
511
514
516
518
520
522
524
526
530
532
533
536
538
539
541
542
546
549
550
551
553
557
563
567
571
572
576
577
581
582
583
585
588
589
593
594
595
597
598
600
606
609
610
612
614
615
616
618
620
621
622
626
627
630
632
634
635
637
639
640
641
643
644
646
647
648
649
650
652
653
654
656
657
660
662
663
665
666
667
669
675
676
679
684
685
687
700
707
710
712
713
718
720
721
722
724
728
729
734
740
741
742
746
747
752
756
761
763
764
766
769
770
771
773
774
775
776
777
779
782
783
784
787
790
791
794
796
797
799
800
801
802
803
804
806
808
810
813
814
819
820
823
827
829
831
833
835
837
843
844
846
847
848
850
851
852
854
855
858
861
862
863
864
866
867
887
889
891
893
896
898
900
907
912
915
918
924
926
932
935
937
941
944
948
949
952
953
954
957
959
963
964
967
970
974
976
978
981
983
984
987
989
991
998
1000
1001
1002
1005
1006
1007
1009
1013
1016
1019
1024
1026
1027
1029
1033
1034
1037
1041
1044
1046
1050
1052
1055
1060
1061
1065
1067
1068
1069
1072
1074
1078
1080
1082
1086
1087
1088
1092
1094
1095
1100
1108
1110
1112
1113
1116
1117
1121
1123
1125
1126
1132
1133
1134
1136
1139
1141
1142
1146
1147
1149
1152
1154
1155
1159
1161
1162
1164
1171
1174
1175
1177
1179
1180
1183
1185
1188
1192
1195
1198
1202
1203
1207
1210
1212
1214
1217
1218
1219
1222
1224
1228
1229
1230
1235
1236
1239
1240
1241
1244
1246
1247
1249
1250
1253
1257
1260
1263
1265
1266
1267
1270
1272
1276
1277
1278
1282
1286
1288
1290
1292
1296
1297
1300
1301
1305
1306
1307
1310
1311
1315
1317
1320
1321
1325
1329
1332
1334
1336
1337
1340
1341
1342
1343
1346
1348
1351
1354
1361
1363
1364
1366
1369
1370
1373
1374
1375
1380
1381
1383
1386
1389
1394
1396
1397
1399
1400
1401
1402
1406
1411
1412
1413
1416
1418
1420
1425
1429
1430
1433
1434
1438
1439
1441
1444
1449
1451
1452
1456
1459
1463
1471
1473
1474
1476
1478
1479
1481
1484
1487
1490
1491
1492
1493
1494
1497
1499
1500
1504
1505
1510
1513
1514
1517
1521
1523
1526
1527
1528
1531
1532
1536
1537
1539
1540
1541
1544
1545
1546
1547
1550
1551
1552
1553
1555
1557
1562
1565
1567
1568
1573
1574
1576
1578
1579
1580
1581
1584
1586
1587
1590
1591
1593
1595
1601
1602
1603
1604
1605
1608
1609
1611
1614
1618
1619
1624
1625
1627
1630
1633
1635
1637
1639
1641
1647
1649
1651
1652
1653
1654
1658
1662
1663
1675
1676
1684
1686
1688
1689
1690
1714
1718
1719
1725
1728
1730
1736
1739
1744
1746
1748
1750
1752
1754
1771
1773
1775
1777
1778
1779
1783
1785
1787
1790
1791
1792
1793
1797
1798
1800
1805
1808
1810
1813
1814
1819
1822
1826
1827
1832
1834
1837
1840
1843
1844
1845
1846
1851
1852
1853
1855
1856
1858
1862
1863
1864
1866
1867
1868
1870
1872
1876
1878
1880
1882
1886
1888
1889
1891
1893
1898
1901
1902
1903
1906
1909
1911
1917
1918
1919
1920
1922
1923
1926
1927
1928
1932
1935
1937
1939
1940
1944
1945
1947
1950
1951
1957
1959
1960
1964
2000
2003
2004
2006
2007
2011
2012
2013
2014
2016
2017
2020
2021
2022
2024
2025
2029
2030
2032
2035
2040
2042
2045
2046
2047
2049
2051
2055
2056
2057
2061
2064
2069
2070
2075
2077
2078
2081
2083
2086
2091
2092
2094
2096
2098
2100
2101
2107
2111
2112
2114
2116
2118
2119
2120
2121
2123
2124
2127
2129
2132
2135
2136
2139
2140
2143
2144
2145
2149
2152
2153
2156
2159
2162
2163
2166
2170
2172
2173
2176
2177
2179
2181
2183
2186
2187
2190
2191
2194
2196
2198
2201
2202
2208
2209
2211
2212
2215
2223
2225
2227
2229
2230
2232
2234
2235
2236
2238
2239
2241
2242
2243
2246
2247
2248
2250
2253
2256
2258
2260
2274
2286
2289
2290
2291
2294
2296
2298
2300
2303
2305
2308
2310
2314
2317
2320
2323
2324
2326
2330
2331
2333
2334
2335
2346
2350
2353
2354
2360
2368
2371
2372
2400
2404
2405
2407
2408
2409
2413
2414
2415
2417
2418
2421
2422
2424
2426
2430
2435
2437
2438
2439
2440
2442
2443
2447
2448
2449
2451
2452
2455
2457
2459
2461
2463
2464
2465
2466
2468
2469
2472
2473
2475
2477
2479
2480
2482
2483
2484
2486
2487
2488
2489
2490
2493
2500
2505
2506
2508
2510
2511
2512
2513
2517
2522
2527
2529
2532
2538
2539
2540
2546
2548
2549
2550
2554
2555
2559
2560
2561
2563
2566
2568
2572
2573
2578
2581
2582
2588
2589
2598
2602
2606
2608
2609
2611
2613
2614
2617
2620
2622
2623
2624
2628
2629
2631
2632
2637
2639
2641
2644
2647
2652
2653
2654
2658
2659
2662
2665
2691
2697
2699
2701
2704
2707
2709
2710
2712
2713
2715
2716
2719
2721
2722
2723
2726
2727
2729
2734
2737
2739
2741
2746
2749
2751
2753
2755
2756
2758
2761
2762
2763
2765
2769
2771
2772
2773
2777
2778
2781
2784
2786
2788
2789
2793
2794
2797
2801
2805
2808
2809
2813
2816
2819
2822
2824
2826
2828
2830
2831
2833
2837
2840
2847
2852
2855
2857
2859
2860
2863
2866
2871
2872
2875
2877
2878
2882
2883
2885
2886
2888
2890
2892
2893
2895
2897
2902
2906
2908
2909
2910
2913
2915
2918
2920
2921
2923
2926
2928
2934
2935
2937
2943
2945
2946
2948
2950
2954
2955
2956
2957
2959
2960
2963
2966
2967
2970
2973
2975
2978
2982
2986
2987
2989
2990
2992
2994
2997
2998
3002
3006
3009
3011
3016
3020
3022
3023
3026
3028
3030
3032
3033
3035
3037
3038
3045
3046
3050
3054
3055
3056
3057
3059
3061
3064
3066
3067
3072
3073
3075
3076
3079
3081
3083
3086
3087
3093
3095
3097
3098
3100
3102
3103
3104
3106
3108
3111
3112
3113
3114
3116
3119
3123
3124
3125
3126
3127
3128
3138
3140
3141
3142
3145
3152
3154
3156
3158
3162
3165
3166
3170
3174
3179
3180
3183
3186
3187
3190
3191
3193
3196
3197
3199
3204
3207
3209
3210
3211
3214
3216
3221
3222
3224
3226
3227
3228
3229
3232
3237
3239
3241
3243
3245
3247
3248
3250
3253
3254
3256
3257
3259
3262
3263
3267
3291
3297
3316
3343
3353
3379
3383
3385
3388
3389
3394
3396
3400
3401
3403
3424
3426
3427
3431
3434
3435
3439
3440
3441
3442
3443
3444
3446
3447
3449
3450
3451
3453
3457
3458
3459
3460
3462
3464
3465
3470
3471
3472
3474
3476
3478
3485
3486
3488
3490
3491
3495
3496
3498
3547
3552
3556
3562
3565
3567
3570
3571
3572
3575
3578
3582
3583
3584
3587
3590
3592
3594
3597
3599
3600
3601
3605
3607
3609
3610
3611
3613
3614
3619
3621
3624
3627
3628
3633
3634
3636
3639
3641
3642
3646
3648
3649
3650
3651
3652
3662
3667
3668
3671
3680
3681
3684
3686
3688
3690
3694
3695
3697
3700
3701
3703
3704
3707
3709
3710
3712
3717
3719
3720
3723
3726
3727
3728
3730
3733
3734
3736
3737
3739
3740
3745
3746
3748
3750
3751
3755
3756
3758
3759
3760
3761
3763
3765
3767
3769
3771
3772
3773
3774
3779
3781
3783
3784
3785
3788
3792
3793
3796
3798
3799
3802
3811
3827
3829
3831
3832
3835
3836
3839
3840
3841
3846
3850
3853
3855
3856
3860
3862
3864
3866
3868
3870
3871
3874
3880
3883
3884
3887
3889
3891
3892
3895
3898
3902
3903
3906
3909
3910
3912
3914
3926
3934
3940
3946
3947
3949
3950
3954
3955
3956
3957
3958
3964
3965
3967
3970
3977
3979
4015
4024
4030
4033
4037
4042
4043
4044
4046
4047
4049
4066
4089
4090
4093
4094
4096
4098
4099
4102
4106
4108
4109
4110
4114
4115
4116
4122
4123
4126
4127
4129
4130
4131
4133
4135
4137
4139
4141
4142
4143
4144
4145
4149
4151
4152
4155
4156
4159
4161
4162
4163
4165
4166
4167
4169
4170
4171
4173
4175
4177
4178
4180
4182
4185
4186
4187
4200
4214
4217
4219
4224
4225
4231
4233
4238
4242
4246
4251
4256
4263
4264
4270
4279
4285
4288
4289
4293
4298
4299
4301
4303
4305
4307
4308
4309
4311
4313
4318
4320
4321
4323
4324
4326
4327
4330
4333
4335
4337
4342
4343
4344
4347
4349
4350
4353
4354
4355
4356
4357
4360
4361
4363
4365
4367
4370
4372
4375
4378
4383
4384
4389
4390
4391
4399
4408
4410
4413
4415
4416
4418
4420
4422
4423
4426
4427
4432
4436
4438
4439
4441
4443
4445
4450
4453
4454
4455
4457
4459
4460
4461
4462
4467
4469
4471
4473
4474
4476
4477
4479
4481
4485
4487
4488
4490
4493
4494
4495
4496
4497
4499
4501
4504
4505
4508
4512
4513
4515
4516
4518
4523
4525
4527
4528
4531
4533
4537
4540
4541
4542
4546
4548
4551
4552
4558
4578
4582
4584
4585
4587
4591
4592
4595
4596
4597
4598
4599
4602
4604
4608
4609
4612
4613
4617
4618
4620
4621
4622
4624
4625
4627
4628
4629
4631
4634
4635
4638
4639
4645
4646
4647
4648
4649
4651
4653
4655
4656
4661
4662
4663
4664
4670
4677
4682
4687
4703
4704
4706
4713
4715
4717
4719
4720
4722
4724
4729
4733
4737
4738
4741
4743
4744
4746
4747
4748
4749
4753
4755
4758
4761
4762
4763
4765
4768
4773
4778
4780
4786
4794
4799
4802
4810
4813
4816
4818
4820
4825
4826
4828
4831
4832
4837
4840
4842
4845
4846
4847
4849
4851
4852
4856
4858
4860
4862
4865
4868
4869
4870
4871
4872
4875
4878
4881
4884
4887
4890
4892
4894
4896
4898
4900
4903
4907
4908
4911
4916
4918
4919
4921
4926
4934
4935
4937
4940
4941
4945
4946
4948
4950
4951
4952
4953
4954
4956
4957
4959
4963
4964
4966
4970
4983
4984
4987
4992
4993
4994
4996
5000
5003
5005
5007
5010
5016
5018
5024
5026
5035
5036
5056
5060
5061
5068
5070
5071
5074
5076
5080
5083
5087
5091
5112
5120
5126
5130
5133
5135
5136
5142
5144
5148
5150
5152
5153
5155
5161
5164
5165
5167
5168
5171
5175
5176
5178
5181
5182
5183
5186
5194
5196
5201
5203
5210
5214
5215
5216
5218
5221
5222
5226
5228
5229
5233
5238
5242
5243
5245
5248
5251
5255
5260
5262
5264
5267
5270
5275
5276
5278
5280
5283
5284
5285
5286
5288
5292
5296
5300
5303
5308
5309
5313
5318
5320
5321
5325
5328
5330
5336
5339
5340
5342
5344
5347
5348
5352
5354
5357
5362
5363
5364
5365
5366
5368
5372
5375
5377
5378
5379
5381
5382
5383
5384
5387
5389
5390
5392
5393
5394
5395
5398
5399
5403
5404
5406
5409
5419
5428
5430
5440
5443
5445
5451
5453
5455
5456
5463
5465
5469
5471
5473
5474
5477
5478
5479
5482
5485
5488
5492
5494
5496
5498
5500
5502
5505
5507
5510
5515
5519
5520
5527
5529
5530
5532
5537
5538
5540
5541
5544
5547
5549
5552
5554
5555
5556
5558
5562
5568
5569
5576
5580
5581
5588
5589
5591
5592
5596
5598
5600
5603
5606
5607
5614
5617
5622
5625
5626
5631
5633
5635
5638
5640
5641
5645
5650
5652
5655
5658
5659
5663
5666
5670
5675
5677
5679
5683
5686
5687
5690
5697
5700
5703
5704
5706
5707
5709
5710
5711
5712
5714
5715
5716
5718
5724
5728
5731
5733
5736
5738
5740
5742
5745
5748
5751
5754
5756
5758
5761
5763
5765
5766
5772
5774
5776
5778
5779
5780
5781
5784
5787
5788
5791
5793
5794
5797
5799
5800
5808
5809
5810
5811
5813
5817
5818
5823
5824
5830
5831
5833
5834
5836
5838
5841
5842
5844
5845
5847
5849
5855
5857
5858
5859
5862
5868
5869
5870
5872
5877
5878
5879
5883
5885
5887
5889
5890
5892
5893
5894
5896
5898
5900
5901
5903
5904
5905
5907
5909
5912
5913
5916
5918
5919
5921
5924
5927
5930
5931
5932
5934
5942
5945
5951
5952
5954
5956
5960
5961
5965
5968
5973
5980
5982
5983
5984
5986
5989
5990
5991
5993
5995
5997
6000
6003
6009
6010
6013
6017
6019
6025
6028
6029
6031
6034
6035
6038
6041
6044
6047
6069
6087
6092
6106
6110
6115
6117
6119
6122
6124
6125
6127
6138
6139
6141
6142
6145
6147
6149
6151
6155
6157
6159
6162
6163
6164
6167
6171
6174
6178
6179
6180
6185
6186
6187
6188
6194
6197
6199
6200
6204
6205
6208
6209
6212
6214
6216
6217
6220
6226
6227
6229
6231
6238
6241
6244
6247
6250
6251
6252
6254
6256
6264
6267
6269
6271
6272
6273
6275
6276
6279
6280
6282
6283
6311
6315
6316
6319
6321
6324
6325
6330
6333
6334
6337
6339
6340
6341
6344
6346
6348
6349
6350
6353
6357
6361
6362
6363
6364
6365
6367
6370
6382
6383
6387
6390
6394
6397
6398
6400
6402
6409
6410
6413
6414
6416
6417
6420
6423
6424
6426
6441
6448
6452
6459
6463
6469
6472
6473
6475
6485
6486
6487
6491
6498
6500
6504
6515
6516
6519
6522
6526
6527
6530
6532
6535
6539
6541
6543
6544
6548
6550
6551
6552
6553
6556
6558
6560
6562
6569
6570
6572
6573
6577
6579
6580
6583
6584
6587
6589
6593
6594
6596
6597
6601
6602
6603
6606
6608
6609
6611
6612
6613
6616
6617
6620
6623
6625
6627
6628
6631
6632
6634
6635
6639
6641
6643
6646
6649
6650
6651
6652
6656
6658
6660
6665
6670
6676
6677
6679
6680
6682
6684
6686
6688
6692
6696
6697
6702
6710
6712
6713
6716
6721
6722
6725
6732
6735
6738
6741
6744
6746
6749
6755
6757
6758
6760
6761
6765
6766
6768
6769
6771
6773
6774
6775
6776
6778
6779
6780
6782
6783
6785
6786
6788
6790
6792
6795
6797
6798
6800
6801
6803
6809
6811
6812
6817
6818
6820
6823
6827
6828
6830
6831
6834
6839
6840
6843
6845
6848
6852
6856
6858
6865
6866
6872
6880
6885
6911
6927
6930
6934
6935
6937
6938
6940
6943
6956
6957
6958
6961
6964
6988
6990
6993
6995
6996
6997
7001
7003
7005
7007
7010
7011
7014
7016
7018
7021
7022
7024
7026
7030
7031
7032
7034
7035
7036
7040
7042
7043
7044
7045
7046
7054
7057
7059
7063
7067
7071
7080
7097
7098
7099
7100
7102
7106
7111
7116
7118
7122
7128
7131
7132
7135
7136
7137
7139
7144
7146
7150
7151
7154
7160
7161
7162
7165
7167
7169
7170
7172
7174
7175
7179
7181
7183
7186
7187
7190
7191
7193
7198
7202
7204
7208
7209
7211
7213
7214
7215
7217
7219
7222
7223
7225
7231
7233
7234
7236
7238
7240
7241
7244
7245
7246
7248
7249
7250
7254
7257
7259
7261
7262
7263
7264
7269
7270
7272
7274
7275
7280
7283
7284
7286
7289
7291
7292
7294
7296
7298
7299
7300
7305
7307
7308
7309
7313
7315
7316
7319
7320
7321
7324
7326
7327
7328
7329
7330
7334
7336
7337
7338
7339
7340
7342
7343
7346
7348
7351
7357
7359
7361
7362
7363
7364
7366
7368
7369
7370
7372
7373
7374
7375
7377
7378
7381
7384
7386
7389
7392
7393
7394
7395
7396
7399
7401
7402
7405
7408
7411
7412
7419
7420
7421
7425
7428
7431
7434
7439
7443
7444
7446
7449
7451
7452
7453
7454
7458
7460
7462
7463
7464
7468
7469
7470
7476
7482
7483
7484
7487
7488
7490
7493
7494
7499
7504
7505
7507
7511
7517
7518
7519
7525
7530
7532
7539
7547
7559
7563
7564
7565
7568
7572
7573
7575
7578
7583
7584
7586
7591
7593
7596
7597
7616
7619
7626
7629
7635
7636
7640
7643
7647
7656
7657
7658
7661
7665
7666
7669
7671
7673
7678
7679
7681
7683
7684
7686
7687
7689
7690
7694
7696
7701
7702
7707
7710
7711
7717
7718
7722
7724
7727
7728
7735
7736
7739
7741
7745
7748
7750
7752
7767
7768
7770
7792
7793
7797
7801
7803
7808
7810
7812
7813
7814
7816
7818
7822
7823
7826
7828
7830
7833
7838
7841
7842
7845
7847
7848
7851
7853
7854
7857
7860
7864
7865
7867
7871
7873
7876
7879
7880
7882
7884
7886
7890
7893
7894
7896
7897
7898
7905
7907
7909
7911
7912
7914
7918
7923
7924
7926
7927
7931
7932
7933
7934
7935
7936
7937
7939
7942
7949
7950
7951
7954
7955
7957
7958
7959
7962
7965
7969
7973
7976
7980
7983
7985
7988
7989
7990
7992
7993
7995
7998
8001
8003
8007
8010
8012
8014
8015
8017
8018
8019
8021
8024
8028
8029
8033
8034
8037
8043
8050
8052
8057
8063
8065
8067
8070
8071
8072
8074
8078
8079
8080
8081
8087
8088
8090
8094
8096
8099
8101
8102
8103
8106
8109
8111
8116
8117
8119
8121
8123
8125
8126
8127
8129
8131
8137
8139
8141
8143
8150
8152
8153
8156
8158
8159
8160
8165
8166
8167
8169
8171
8176
8177
8179
8180
8181
8184
8188
8190
8191
8192
8194
8198
8199
8201
8203
8205
8206
8207
8212
8213
8215
8218
8220
8222
8224
8225
8226
8228
8231
8235
8236
8243
8245
8246
8250
8252
8255
8257
8258
8260
8261
8264
8265
8266
8267
8269
8272
8273
8274
8275
8276
8277
8279
8281
8282
8285
8286
8288
8289
8293
8295
8302
8303
8307
8308
8309
8310
8313
8315
8316
8320
8322
8327
8328
8331
8333
8335
8339
8341
8343
8374
8389
8390
8391
8396
8399
8400
8404
8410
8413
8414
8418
8419
8421
8424
8429
8431
8432
8433
8434
8435
8437
8440
8443
8447
8449
8451
8452
8455
8457
8458
8518
8528
8534
8537
8543
8544
8549
8551
8552
8554
8555
8556
8557
8558
8564
8569
8570
8572
8573
8575
8578
8580
8581
8585
8586
8588
8590
8591
8597
8601
8602
8606
8609
8645
8647
8650
8654
8656
8659
8665
8667
8668
8669
8673
8674
8675
8676
8678
8680
8682
8683
8685
8686
8688
8690
8694
8697
8699
8701
8703
8704
8706
8709
8711
8715
8717
8718
8722
8724
8728
8729
8730
8734
8736
8738
8740
8742
8747
8752
8754
8755
8757
8759
8760
8761
8762
8763
8764
8765
8766
8767
8769
8771
8776
8778
8779
8780
8781
8783
8786
8787
8789
8791
8793
8794
8796
8797
8799
8800
8801
8802
8806
8814
8815
8819
8821
8824
8825
8826
8828
8830
8833
8835
8836
8837
8838
8841
8842
8844
8846
8847
8850
8853
8855
8856
8859
8860
8864
8865
8868
8874
8875
8876
8879
8882
8887
8890
8891
8893
8894
8898
8900
8903
8904
8905
8907
8908
8909
8912
8914
8916
8918
8921
8922
8926
8927
8928
8931
8940
8941
8942
8944
8945
8946
8948
8949
8950
8955
8956
8958
8960
8962
8965
8967
8970
8971
8972
8975
8977
8982
8988
8990
8991
8992
8995
8998
9000
9003
9006
9008
9009
9012
9016
9019
9023
9029
9030
9031
9032
9034
9037
9038
9040
9041
9044
9045
9047
9051
9053
9054
9056
9058
9059
9063
9064
9065
9066
9071
9073
9084
9085
9088
9091
9093
9094
9096
9099
9100
9101
9104
9105
9107
9108
9114
9119
9120
9123
9127
9129
9131
9132
9136
9137
9138
9141
9142
9143
9149
9153
9154
9155
9156
9158
9160
9163
9167
9169
9174
9175
9179
9182
9183
9187
9189
9191
9193
9196
9198
9202
9203
9205
9207
9209
9210
9211
9217
9218
9222
9225
9227
9231
9232
9233
9235
9236
9237
9239
9241
9243
9247
9249
9250
9252
9255
9257
9260
9261
9262
9267
9268
9269
9270
9274
9275
9278
9279
9281
9283
9284
9286
9291
9292
9297
9303
9305
9307
9308
9311
9314
9317
9319
9320
9321
9331
9337
9339
9340
9346
9350
9354
9357
9361
9367
9370
9373
9376
9379
9380
9382
9386
9389
9390
9392
9396
9397
9400
9402
9404
9406
9408
9409
9413
9422
9423
9425
9426
9429
9430
9433
9438
9439
9440
9441
9447
9448
9449
9452
9453
9456
9458
9460
9462
9463
9465
9467
9469
9471
9472
9475
9478
9480
9481
9485
9490
9491
9493
9495
9496
9501
9502
9503
9506
9509
9510
9515
9523
9526
9528
9533
9534
9541
9542
9545
9549
9550
9551
9556
9559
9561
9564
9577
9578
9582
9583
9584
9586
9587
9588
9590
9591
9594
9596
9598
9600
9601
9603
9604
9608
9610
9616
9617
9622
9623
9626
9628
9630
9632
9635
9636
9638
9640
9644
9646
9647
9650
9652
9654
9657
9658
9661
9662
9664
9668
9670
9671
9672
9675
9678
9680
9682
9684
9685
9687
9691
9693
9699
9702
9705
9708
9710
9712
9714
9717
9719
9721
9722
9724
9728
9730
9739
9740
9744
9746
9748
9749
9751
9752
9753
9755
9756
9757
9763
9764
9765
9769
9770
9775
9777
9780
9783
9785
9786
9787
9792
9793
9797
9799
9802
9804
9805
9810
9812
9814
9817
9820
9822
9824
9826
9830
9831
9834
9840
9841
9843
9844
9847
9848
9850
9852
9855
9859
9863
9865
9869
9872
9874
9875
9876
9878
9883
9885
9886
9889
9892
9894
9897
9898
9925
9930
9932
9938
9941
9942
9946
9948
9949
9950
9954
9960
9963
9966
9967
9968
9971
9973
9976
9978
9979
9981
9986
9987
9988
9992
9994
9998
9999
10000
10002
10004
10007
10008
10011
10016
10018
10022
10024
10027
10029
10031
10033
10034
10037
10039
10040
10043
10044
10048
10049
10053
10055
10061
10063
10068
10073
10078
10079
10082
10086
10094
10098
10100
10101
10103
10158
10197
10198
10242
10244
10245
10248
10250
10253
10255
10258
10260
10265
10266
10267
10269
10270
10273
10274
10276
10277
10278
10281
10282
10284
10285
10288
10290
10291
10295
10297
10310
10318
10335
10379
10380
10382
10384
10386
10387
10390
10393
10396
10397
10402
10403
10405
10409
10410
10418
10423
10426
10431
10437
10438
10442
10445
10447
10449
10450
10451
10454
10455
10457
10459
10462
10465
10467
10473
10474
10475
10479
10481
10484
10486
10488
10489
10491
10494
10496
10497
10500
10504
10505
10509
10510
10514
10516
10520
10523
10525
10526
10528
10530
10533
10536
10538
10540
10542
10543
10546
10550
10551
10552
10553
10555
10556
10559
10561
10563
10564
10566
10569
10572
10573
10575
10578
10581
10582
10584
10585
10587
10589
10590
10592
10593
10595
10597
10600
10604
10606
10608
10610
10614
10617
10618
10619
10622
10623
10631
10632
10633
10639
10643
10646
10651
10653
10655
10658
10662
10666
10668
10669
10673
10675
10677
10679
10685
10688
10746
10754
10755
10757
10762
10766
10768
10769
10772
10773
10775
10781
10782
10784
10787
10789
10792
10798
10800
10802
10807
10809
10819
10831
10856
10859
10860
10861
10878
10928
10930
10938
11010
11011
11013
11024
11028
11030
11034
11035
11037
11048
11055
11058
11060
11067
11069
11082
11097
11098
11100
11102
11104
11108
11111
11114
11115
11116
11120
11124
11127
11128
11129
11134
11136
11139
11141
11142
11144
11145
11147
11148
11149
11150
11152
11155
11156
11158
11159
11161
11165
11166
11169
11172
11175
11179
11181
11184
11188
11189
11202
11203
11205
11206
11210
11216
11221
11223
11258
11274
11290
11321
11323
11326
11327
11329
11330
11332
11335
11339
11341
11342
11348
11350
11370
11371
11372
11373
11376
11379
11381
11383
11384
11385
11389
11390
11395
11398
11400
11405
11428
11429
11430
11432
11434
11435
11436
11440
11443
11444
11447
11448
11450
11451
11452
11454
11456
11457
11480
11487
11493
11497
11498
11501
11520
11521
11522
11525
11528
11529
11530
11532
11545
11557
11560
11564
11566
11569
11571
11575
11576
11577
11578
11579
11582
11584
11585
11587
11589
11593
11597
11600
11603
11604
11606
11610
11612
11616
11620
11621
11624
11626
11627
11631
11636
11641
11642
11643
11647
11651
11652
11654
11657
11661
11662
11665
11667
11668
11671
11672
11673
11675
11676
11679
11681
11684
11685
11686
11687
11689
11692
11693
11695
11697
11698
11700
11701
11702
11704
11705
11706
11708
11710
11713
11715
11717
11719
11720
11723
11724
11727
11728
11729
11731
11732
11734
11737
11738
11739
11741
11743
11744
11747
11748
11749
11750
11751
11753
11757
11761
11763
11764
11765
11768
11771
11776
11778
11781
11787
11788
11789
11792
11793
11795
11796
11798
11800
11802
11804
11807
11808
11809
11813
11817
11819
11820
11821
11824
11827
11828
11830
11832
11834
11835
11836
11838
11842
11847
11848
11851
11852
11857
11860
11861
11862
11864
11872
11875
11878
11879
11881
11883
11884
11887
11888
11891
11897
11901
11902
11955
11956
11959
11962
11963
11965
11968
11969
11983
11984
11987
11988
11990
11994
11997
11998
12000
12002
12004
12005
12011
12021
12023
12027
12028
12030
12034
12038
12040
12045
12046
12051
12052
12056
12058
12059
12064
12070
12071
12072
12073
12077
12079
12086
12089
12090
12092
12094
12095
12098
12100
12101
12103
12104
12110
12111
12112
12114
12115
12116
12123
12125
12127
12128
12133
12135
12136
12137
12139
12140
12142
12147
12156
12159
12163
12165
12166
12173
12179
12184
12189
12190
12193
12195
12198
12201
12211
12216
12217
12224
12225
12226
12319
12323
12325
12329
12332
12333
12336
12340
12341
12342
12343
12344
12381
12384
12408
12453
12465
12488
12490
12492
12494
12497
12499
12501
12502
12504
12505
12508
12514
12516
12520
12526
12530
12533
12535
12537
12540
12543
12545
12547
12549
12550
12551
12553
12554
12557
12558
12563
12564
12566
12592
12600
12607
12610
12613
12630
12639
12646
12648
12649
12653
12658
12660
12677
12682
12684
12687
12690
12691
12693
12695
12697
12701
12702
12704
12707
12709
12710
12711
12714
12718
12721
12732
12736
12741
12743
12744
12748
12752
12757
12769
12772
12773
12775
12778
12781
12782
12784
12786
12789
12791
12794
12797
12799
12800
12802
12803
12804
12806
12810
12812
12815
12817
12823
12824
12826
12831
12832
12833
12834
12835
12836
12838
12840
12842
12844
12845
12846
12849
12851
12853
12854
12859
12861
12866
12867
12868
12869
12870
12871
12872
12874
12875
12877
12879
12881
12885
12887
12888
12889
12892
12899
12902
12903
12907
12908
12913
12919
12925
12928
12931
12936
12938
12945
12950
12954
12960
12962
12964
12967
12968
12973
12975
12979
12983
12984
12987
12992
12993
12995
12998
13001
13004
13012
13018
13020
13022
13025
13027
13031
13034
13037
13039
13041
13042
13050
13055
13056
13057
13058
13060
13063
13064
13066
13067
13069
13072
13080
13082
13084
13090
13092
13093
13101
13102
13106
13108
13109
13111
13113
13117
13122
13123
13126
13128
13129
13131
13135
13137
13138
13140
13141
13142
13144
13145
13146
13151
13152
13154
13156
13158
13161
13163
13168
13169
13170
13176
13178
13179
13181
13184
13187
13190
13191
13193
13199
13203
13206
13207
13212
13215
13216
13221
13225
13227
13233
13234
13240
13245
13247
13249
13250
13254
13257
13263
13266
13271
13273
13276
13277
13282
13284
13287
13290
13292
13298
13301
13302
13310
13313
13314
13316
13318
13327
13329
13330
13331
13334
13335
13338
13339
13342
13344
13349
13351
13355
13357
13359
13364
13366
13367
13368
13370
13372
13373
13375
13378
13381
13382
13384
13389
13391
13394
13397
13400
13402
13404
13409
13414
13417
13421
13424
13426
13427
13429
13431
13432
13437
13438
13439
13443
13445
13448
13452
13454
13456
13460
13518
13519
13521
13523
13524
13532
13574
13575
13576
13578
13580
13582
13587
13588
13590
13593
13595
13596
13600
13602
13604
13606
13607
13609
13614
13615
13616
13617
13619
13621
13626
13642
13644
13646
13650
13658
13660
13661
13669
13671
13673
13674
13675
13676
13678
13682
13683
13685
13688
13689
13691
13694
13706
13708
13714
13718
13721
13722
13724
13725
13729
13731
13733
13735
13737
13739
13742
13746
13750
13776
13806
13810
13813
13818
13825
13827
13833
13835
13837
13838
13843
13845
13847
13850
13852
13854
13857
13859
13864
13865
13867
13868
13873
13876
13877
13879
13880
13882
13884
13886
13889
13890
13892
13893
13895
13901
13904
13907
13910
13913
13917
13919
13921
13923
13925
13928
13929
13932
13933
13934
13939
13941
13942
13943
13958
13962
13966
13969
13980
13985
13988
13990
13991
13992
13996
13998
14003
14004
14005
14007
14008
14010
14013
14014
14018
14022
14023
14024
14027
14032
14033
14037
14038
14039
14043
14045
14048
14052
14055
14057
14059
14060
14062
14063
14067
14068
14070
14071
14072
14073
14075
14079
14084
14086
14087
14090
14091
14093
14094
14097
14100
14101
14102
14103
14107
14108
14110
14114
14115
14117
14118
14121
14127
14128
14133
14136
14137
14140
14147
14148
14153
14155
14161
14162
14165
14167
14168
14174
14177
14178
14181
14183
14184
14185
14186
14191
14193
14196
14197
14202
14205
14224
14234
14244
14252
14256
14257
14259
14261
14265
14268
14270
14272
14279
14281
14285
14287
14290
14291
14292
14293
14295
14297
14298
14300
14301
14304
14307
14313
14316
14317
14318
14322
14323
14325
14331
14333
14334
14337
14339
14341
14343
14345
14348
14350
14352
14356
14358
14362
14363
14365
14366
14371
14376
14379
14385
14387
14390
14395
14396
14398
14403
14406
14407
14409
14410
14415
14418
14476
14477
14479
14480
14482
14488
14491
14569
14586
14588
14608
14612
14619
14636
14638
14641
14655
14656
14658
14660
14661
14663
14710
14748
14751
14752
14756
14783
14785
14787
14791
14794
14797
14799
14816
14870
14879
14881
14883
14884
14886
14888
14891
14893
14894
14957
14958
14960
14967
14968
14971
14985
14987
14989
14990
14994
14997
14998
15001
15012
15014
15017
15020
15021
15023
15026
15028
15031
15034
15036
15037
15042
15044
15049
15072
15074
15082
15085
15088
15091
15093
15095
15096
15098
15106
15110
15113
15114
15117
15120
15122
15128
15130
15131
15134
15135
15139
15140
15143
15149
15151
15153
15156
15158
15164
15167
15169
15174
15186
15188
15190
15191
15192
15194
15196
15197
15198
15199
15209
15215
15218
15220
15226
15231
15233
15234
15236
15237
15239
15242
15245
15253
15257
15263
15266
15270
15271
15280
15282
15293
15296
15302
15305
15314
15322
15332
15334
15335
15341
15350
15351
15358
15359
15400
15402
15405
15407
15409
15410
15412
15413
15417
15422
15424
15426
15427
15429
15432
15439
15445
15447
15450
15460
15461
15462
15467
15470
15473
15475
15477
15480
15483
15485
15487
15489
15490
15491
15493
15496
15498
15500
15502
15505
15506
15509
15510
15512
15519
15525
15527
15530
15532
15535
15538
15539
15541
15544
15550
15552
15555
15556
15560
15561
15564
15566
15567
15574
15576
15586
15588
15592
15604
15606
15609
15610
15614
15616
15627
15630
15631
15633
15635
15638
15639
15647
15670
15672
15675
15678
15679
15683
15685
15689
15691
15692
15693
15696
15697
15700
15701
15702
15703
15705
15707
15709
15711
15714
15715
15727
15728
15731
15732
15735
15744
15753
15756
15760
15761
15762
15767
15769
15770
15773
15774
15776
15780
15782
15786
15789
15790
15791
15794
15795
15797
15803
15805
15806
15808
15810
15811
15813
15814
15819
15821
15822
15825
15827
15829
15834
15835
15836
15837
15841
15843
15844
15845
15846
15847
15849
15851
15855
15858
15861
15862
15866
15867
15869
15872
15873
15875
15878
15879
15882
15884
15885
15887
15888
15892
15894
15896
15898
15901
15904
15906
15909
15910
15914
15917
15919
15922
15923
15925
15927
15931
15934
15935
15936
15938
15940
15942
15945
15949
15950
15953
15956
15962
15963
15965
15995
15998
16000
16001
16002
16005
16007
16040
16048
16049
16052
16057
16065
16099
16102
16104
16108
16109
16112
16115
16116
16122
16125
16128
16130
16132
16133
16134
16138
16139
16141
16144
16146
16148
16149
16150
16151
16154
16155
16157
16159
16161
16162
16164
16168
16173
16175
16179
16181
16183
16188
16191
16192
16193
16196
16200
16203
16204
16207
16209
16210
16213
16215
16220
16223
16224
16225
16227
16231
16233
16237
16239
16242
16362
16364
16365
16366
16370
16376
16377
16380
16381
16382
16387
16391
16393
16396
16398
16399
16405
16408
16410
16411
16413
16415
16421
16425
16431
16433
16435
16436
16437
16438
16441
16443
16445
16446
16467
16471
16479
16481
16484
16489
16491
16493
16496
16500
16503
16508
16510
16514
16571
16588
16590
16597
16657
16670
16716
16784
16795
16850
16855
16857
16861
16863
16867
16871
16872
16876
16881
16895
16905
16908
16909
16910
16912
16914
16917
16919
16923
16925
16926
16928
16931
16934
16936
16939
16941
16942
16943
16944
16947
16952
16954
16956
16958
16961
16962
16963
16964
16966
16969
16970
16975
16978
16985
16998
16999
17002
17004
17007
17008
17011
17014
17016
17018
17022
17024
17027
17029
17031
17032
17033
17037
17043
17044
17058
17087
17112
17113
17116
17121
17122
17123
17124
17130
17131
17138
17146
17149
17151
17152
17157
17159
17162
17163
17166
17168
17172
17174
17177
17202
17204
17205
17207
17211
17220
17224
17225
17230
17233
17234
17237
17239
17240
17243
17244
17246
17248
17250
17251
17252
17254
17255
17259
17260
17261
17263
17265
17268
17269
17272
17275
17278
17280
17284
17287
17291
17293
17294
17297
17299
17301
17306
17311
17313
17315
17317
17319
17323
17325
17328
17334
17335
17340
17344
17347
17403
17465
17467
17470
17472
17480
17490
17491
17496
17500
17503
17505
17507
17508
17509
17512
17514
17518
17523
17526
17531
17533
17534
17536
17537
17540
17542
17544
17545
17550
17552
17554
17555
17556
17559
17561
17565
17566
17567
17569
17573
17590
17592
17594
17595
17598
17599
17603
17606
17607
17609
17611
17616
17618
17620
17624
17626
17627
17628
17630
17633
17634
17639
17640
17643
17644
17647
17648
17652
17657
17658
17662
17664
17665
17668
17669
17670
17671
17674
17678
17679
17680
17683
17685
17686
17688
17689
17690
17691
17695
17696
17698
17701
17703
17707
17709
17713
17715
17718
17720
17723
17724
17728
17729
17730
17731
17732
17733
17735
17736
17739
17740
17741
17743
17748
17753
17754
17756
17758
17759
17761
17765
17766
17774
17777
17778
17780
17783
17785
17786
17788
17789
17791
17795
17797
17798
17802
17806
17808
17809
17813
17815
17816
17821
17825
17827
17828
17829
17832
17835
17837
17839
17841
17842
17845
17847
17850
17853
17857
17859
17860
17864
17865
17868
17870
17871
17877
17879
17882
17888
17889
17894
17895
17898
17899
17901
17902
17905
17908
17909
17911
17913
17916
17917
17918
17921
17922
17923
17926
17929
17930
17933
17936
17937
17938
17941
17943
17946
17949
17954
17958
17961
17969
17990
17994
17995
17997
18002
18004
18005
18007
18012
18013
18024
18026
18029
18031
18037
18039
18040
18042
18046
18047
18050
18055
18059
18060
18063
18065
18067
18069
18070
18073
18074
18078
18080
18085
18090
18092
18096
18099
18100
18102
18104
18105
18106
18109
18111
18114
18116
18118
18120
18122
18125
18129
18132
18136
18139
18143
18144
18147
18148
18149
18151
18152
18154
18156
18159
18161
18163
18164
18165
18167
18169
18171
18173
18174
18178
18180
18187
18193
18195
18200
18203
18205
18212
18215
18218
18219
18221
18222
18224
18227
18230
18232
18234
18243
18249
18253
18255
18258
18261
18266
18267
18268
18271
18272
18274
18277
18279
18283
18284
18285
18286
18287
18289
18290
18295
18299
18302
18306
18307
18308
18309
18311
18312
18313
18314
18316
18318
18321
18322
18325
18326
18327
18329
18330
18333
18336
18337
18340
18342
18346
18350
18354
18355
18358
18361
18363
18367
18368
18373
18375
18384
18386
18389
18391
18393
18394
18396
18398
18402
18403
18405
18407
18412
18413
18417
18419
18422
18423
18428
18434
18439
18447
18448
18451
18452
18454
18458
18460
18461
18465
18467
18473
18479
18480
18482
18484
18485
18487
18488
18489
18493
18495
18496
18501
18502
18504
18507
18508
18509
18511
18514
18517
18521
18523
18524
18525
18529
18533
18535
18537
18543
18545
18546
18549
18551
18554
18557
18560
18562
18563
18564
18566
18569
18570
18571
18572
18574
18576
18579
18582
18583
18584
18586
18589
18590
18591
18593
18594
18597
18598
18600
18604
18606
18609
18610
18612
18613
18616
18618
18619
18621
18623
18625
18626
18627
18628
18632
18633
18635
18638
18640
18641
18642
18645
18677
18679
18723
18726
18729
18732
18733
18741
18745
18746
18788
18792
18797
18798
18803
18805
18806
18834
18850
18853
18854
18860
18866
18870
18873
18874
18877
18880
18884
18886
18887
18888
18889
18894
18897
18899
18902
18903
18907
18910
18913
18914
18916
18919
18920
18923
18924
18926
18930
18935
18936
18938
18939
18942
18943
18947
18949
18952
18953
18957
18958
18960
18963
18964
18966
18967
18969
18972
18979
18982
18984
18985
18987
18991
18993
18994
18996
18997
18998
18999
19001
19004
19008
19009
19010
19011
19012
19017
19019
19022
19027
19028
19033
19037
19043
19047
19051
19052
19062
19064
19072
19073
19076
19077
19079
19082
19083
19085
19090
19091
19095
19101
19105
19113
19120
19122
19126
19132
19133
19135
19137
19139
19178
19179
19180
19182
19183
19184
19189
19191
19192
19196
19197
19198
19199
19201
19202
19204
19207
19210
19218
19219
19225
19234
19235
19240
19243
19244
19258
19260
19263
19264
19265
19266
19271
19275
19277
19278
19295
19327
19339
19340
19343
19345
19352
19382
19388
19390
19420
19421
19422
19425
19427
19430
19431
19434
19435
19436
19438
19443
19445
19448
19453
19454
19456
19460
19463
19464
19468
19469
19472
19473
19475
19480
19482
19483
19488
19489
19491
19496
19498
19545
19583
19584
19589
19591
19594
19612
19660
19663
19664
19666
19670
19671
19672
19676
19703
19720
19768
19780
19836
19853
19855
19857
19862
19863
19864
19881
19943
19962
19966
19969
19970
19971
19979
19981
19983
19987
19993
20000
20002
20005
20006
20008
20010
20017
20019
20022
20023
20024
20027
20029
20031
20034
20036
20039
20042
20044
20045
20046
20052
20055
20061
20063
20065
20067
20068
20073
20080
20081
20084
20086
20087
20090
20091
20093
20094
20098
20101
20103
20106
20111
20113
20115
20118
20120
20122
20235
20250
20314
20315
20316
20319
20322
20360
20407
20429
20444
20464
20480
20484
20485
20489
20509
20557
20558
20562
20567
20569
20574
20575
20579
20581
20583
20584
20586
20590
20592
20593
20599
20600
20601
20602
20603
20606
20609
20613
20614
20618
20619
20620
20622
20624
20625
20626
20628
20629
20630
20631
20639
20640
20642
20648
20649
20651
20653
20656
20658
20661
20667
20779
20786
20791
20793
20794
20797
20799
20816
20825
20830
20854
20932
20933
20940
20950
20995
21001
21008
21032
21034
21039
21040
21042
21044
21046
21049
21050
21051
21053
21055
21062
21064
21066
21069
21070
21074
21077
21079
21084
21087
21090
21091
21092
21093
21094
21098
21103
21105
21107
21109
21110
21111
21113
21117
21118
21121
21123
21126
21127
21128
21130
21131
21138
21140
21142
21145
21149
21150
21151
21152
21155
21158
21163
21165
21166
21169
21174
21175
21177
21178
21180
21181
21183
21185
21188
21192
21212
21262
21264
21305
21340
21343
21344
21347
21352
21357
21359
21361
21364
21368
21370
21425
21429
21431
21439
21451
21465
21498
21500
21501
21503
21508
21513
21519
21522
21523
21528
21534
21539
21543
21545
21548
21551
21552
21554
21556
21596
21598
21600
21605
21609
21610
21614
21615
21617
21618
21620
21621
21622
21624
21625
21626
21627
21629
21630
21634
21635
21636
21639
21641
21642
21645
21648
21649
21652
21658
21661
21663
21666
21667
21671
21672
21673
21674
21676
21677
21679
21680
21684
21686
21687
21688
21690
21692
21696
21697
21699
21700
21701
21703
21713
21716
21717
21719
21722
21746
21749
21751
21766
21767
21771
21774
21775
21777
21781
21784
21785
21788
21800
21802
21816
21819
21820
21823
21825
21828
21829
21834
21837
21839
21845
21854
21869
21881
21883
21884
21886
21890
21891
21895
21897
21898
21901
21903
21904
21908
21940
21947
21949
21952
21953
21957
21960
21963
21964
21968
21972
22097
22100
22103
22108
22110
22112
22121
22122
22123
22171
22173
22179
22180
22182
22187
22189
22191
22193
22198
22199
22202
22206
22209
22211
22213
22216
22220
22221
22224
22228
22229
22232
22234
22235
22236
22238
22242
22243
22245
22249
22252
22255
22258
22260
22263
22265
22266
22267
22270
22271
22274
22277
22283
22287
22289
22290
22292
22294
22296
22297
22300
22302
22305
22306
22308
22310
22313
22314
22317
22319
22322
22323
22332
22337
22339
22342
22345
22346
22347
22350
22356
22360
22364
22367
22368
22369
22371
22374
22377
22381
22383
22386
22387
22388
22391
22394
22397
22399
22400
22401
22406
22413
22414
22415
22420
22422
22424
22429
22433
22434
22435
22438
22442
22444
22445
22482
22513
22516
22521
22523
22526
22539
22569
22573
22576
22577
22581
22583
22585
22588
22590
22591
22594
22595
22596
22597
22601
22605
22610
22611
22613
22614
22615
22618
22622
22625
22627
22628
22629
22633
22634
22635
22637
22639
22640
22641
22645
22646
22650
22652
22654
22657
22670
22676
22678
22682
22684
22688
22690
22691
22693
22699
22702
22704
22706
22710
22712
22715
22717
22723
22727
22732
22739
22744
22747
22751
22756
22760
22765
22767
22774
22779
22788
22793
22796
22797
22802
22804
22815
22817
22819
22820
22822
22823
22826
22829
22831
22833
22834
22837
22840
22841
22846
22848
22851
22856
22861
22865
22868
22870
22873
22875
22884
22887
22890
22891
22894
22896
22898
22901
22902
22903
22905
22907
22910
22911
22914
22915
22919
22920
22938
22944
22955
22957
22968
22969
22971
22975
22979
22981
22983
22986
22988
22990
22994
22995
22997
23000
23004
23005
23006
23008
23014
23015
23016
23019
23020
23021
23022
23031
23037
23039
23040
23045
23048
23050
23051
23054
23055
23061
23062
23064
23067
23071
23074
23082
23084
23086
23087
23088
23092
23093
23097
23100
23103
23105
23107
23110
23113
23114
23117
23121
23128
23130
23131
23136
23138
23139
23141
23142
23143
23206
23208
23210
23211
23212
23214
23218
23221
23222
23224
23226
23228
23229
23233
23236
23238
23241
23243
23244
23246
23248
23250
23251
23255
23258
23260
23264
23266
23269
23271
23273
23274
23276
23280
23283
23286
23287
23288
23289
23291
23293
23295
23299
23301
23304
23305
23306
23307
23313
23316
23338
23344
23345
23351
23354
23360
23362
23364
23372
23375
23377
23383
23385
23390
23391
23392
23398
23404
23409
23434
23439
23442
23443
23445
23447
23455
23458
23460
23461
23465
23466
23471
23475
23476
23485
23487
23490
23491
23492
23493
23496
23499
23501
23504
23506
23509
23511
23516
23519
23521
23523
23524
23527
23528
23529
23533
23534
23536
23541
23543
23544
23545
23549
23550
23551
23552
23557
23561
23563
23567
23568
23571
23577
23586
23594
23603
23609
23611
23620
23624
23626
23628
23633
23634
23638
23643
23645
23655
23661
23666
23671
23673
23676
23679
23689
23707
23717
23721
23729
23734
23737
23746
23752
23753
23758
23763
23766
23768
23771
23772
23773
23775
23780
23782
23783
23792
23793
23795
23797
23799
23800
23802
23804
23810
23812
23815
23820
23821
23827
23828
23831
23836
23842
23844
23845
23846
23851
23852
23853
23856
23857
23858
23860
23862
23864
23868
23872
23875
23876
23877
23883
23885
23888
23893
23894
23898
23900
23903
23905
23906
23908
23911
23913
23914
23915
23920
23922
23924
23925
23926
23928
23929
23932
23933
23934
23937
23940
23943
23944
23947
23949
23951
23954
23956
23960
23963
23964
23965
23969
23972
23979
23983
23985
23987
23988
23990
23992
23994
23996
23997
24001
24002
24004
24005
24007
24009
24010
24012
24013
24014
24016
24018
24022
24025
24028
24029
24031
24036
24041
24043
24044
24047
24049
24051
24052
24053
24056
24057
24062
24063
24064
24066
24067
24070
24073
24074
24075
24077
24079
24080
24082
24083
24085
24092
24097
24098
24099
24100
24103
24110
24113
24114
24118
24121
24124
24130
24132
24135
24136
24137
24139
24142
24144
24147
24148
24152
24153
24156
24159
24164
24165
24171
24175
24178
24181
24184
24188
24191
24194
24195
24197
24198
24202
24203
24205
24206
24207
24213
24215
24217
24219
24221
24222
24227
24228
24231
24235
24240
24242
24246
24250
24254
24256
24257
24259
24263
24267
24268
24270
24272
24275
24278
24281
24284
24286
24289
24290
24292
24298
24301
24302
24306
24307
24311
24314
24317
24319
24320
24321
24324
24326
24327
24328
24330
24335
24337
24339
24343
24345
24346
24347
24349
24351
24352
24353
24355
24358
24359
24361
24363
24364
24367
24370
24372
24373
24376
24377
24382
24387
24388
24392
24400
24405
24407
24412
24414
24417
24419
24423
24424
24430
24432
24433
24434
24439
24441
24448
24450
24451
24455
24457
24458
24459
24461
24462
24465
24467
24468
24469
24470
24471
24477
24478
24481
24483
24485
24488
24493
24499
24500
24505
24506
24507
24510
24512
24515
24516
24521
24522
24523
24524
24525
24528
24531
24533
24540
24544
24552
24555
24556
24563
24569
24570
24576
24581
24587
24590
24594
24604
24607
24617
24619
24626
24629
24632
24633
24635
24636
24640
24675
24680
24682
24683
24684
24686
24687
24690
24769
24776
24812
24815
24816
24822
24823
24828
24831
24832
24833
24834
24836
24838
24839
24885
24903
24904
24908
24911
24913
24915
24916
24952
24956
24960
24963
24969
24971
24972
24976
24981
24987
24988
25005
25008
25011
25023
25039
25043
25046
25048
25051
25064
25067
25069
25071
25083
25084
25091
25096
25097
25147
25150
25160
25202
25206
25212
25214
25226
25227
25230
25252
25280
25283
25285
25286
25287
25288
25290
25292
25295
25297
25301
25302
25306
25308
25309
25310
25311
25314
25316
25365
25367
25368
25370
25373
25379
25404
25406
25411
25414
25421
25423
25425
25426
25429
25529
25554
25619
25651
25821
25862
25874
25906
25908
25910
25912
25914
25916
25919
25920
25922
25923
25924
25926
25929
25932
25939
25940
25941
25942
25943
25944
25945
25946
25947
25949
25953
25958
25962
25967
25969
25970
25984
26086
26089
26090
26100
26103
26106
26111
26115
26116
26121
26127
26136
26139
26147
26161
26170
26180
26194
26202
26207
26209
26214
26215
26218
26219
26222
26223
26225
26226
26232
26235
26243
26250
26251
26255
26257
26262
26266
26273
26275
26276
26277
26280
26285
26288
26289
26290
26292
26294
26296
26302
26305
26307
26308
26310
26314
26317
26319
26321
26325
26326
26330
26334
26337
26338
26341
26342
26344
26347
26350
26351
26353
26354
26358
26362
26364
26366
26402
26413
26425
26426
26427
26529
26531
26535
26536
26537
26541
26543
26571
26572
26574
26584
26591
26668
26671
26673
26674
26677
26678
26679
26680
26681
26683
26684
26687
26691
26695
26696
26697
26699
26701
26703
26704
26705
26706
26707
26709
26714
26716
26717
26719
26769
26770
26772
26774
26775
26777
26787
26806
26851
26853
26861
26864
26865
26868
26870
26872
26875
26876
26877
26880
26882
26884
26885
26889
26890
26892
26895
26897
26900
26904
26907
26914
26916
26919
26923
26932
26934
26937
26942
26943
26951
26958
26962
26963
26964
26972
26973
26977
26980
26986
27042
27065
27075
27093
27192
27266
27303
27306
27307
27313
27314
27315
27320
27321
27323
27324
27327
27331
27333
27340
27343
27345
27347
27349
27353
27355
27357
27360
27384
27388
27389
27390
27396
27397
27399
27401
27412
27414
27418
27421
27423
27424
27429
27466
27469
27472
27473
27476
27477
27480
27483
27486
27488
27489
27490
27491
27493
27494
27497
27548
27549
27613
27614
27619
27632
27655
27661
27664
27666
27667
27668
27671
27673
27675
27678
27679
27680
27682
27812
27870
27880
27883
27885
27890
27896
27897
27898
27903
27906
27965
27998
28001
28037
28059
28133
28137
28138
28140
28143
28149
28151
28154
28155
28156
28157
28183
28201
28204
28205
28206
28208
28216
28218
28219
28221
28223
28225
28227
28232
28233
28236
28237
28239
28241
28242
28246
28247
28249
28252
28253
28254
28257
28258
28260
28261
28262
28264
28270
28271
28274
28278
28281
28284
28286
28290
28291
28293
28294
28296
28299
28302
28303
28306
28309
28312
28393
28420
28423
28425
28529
28534
28545
28547
28548
28550
28560
28563
28568
28573
28577
28580
28586
28595
28596
28600
28605
28608
28621
28624
28628
28635
28660
28663
28666
28668
28672
28675
28679
28683
28689
28690
28691
28716
28719
28721
28722
28748
28854
28875
28922
28923
28932
28933
28935
28936
28940
28941
28944
28945
28947
28951
28958
28961
28964
28966
28970
28973
28976
28977
28978
28980
28982
28990
28991
28995
29003
29005
29007
29010
29012
29016
29018
29026
29027
29028
29030
29031
29032
29033
29035
29039
29042
29044
29047
29051
29056
29057
29058
29059
29061
29063
29066
29070
29075
29078
29081
29083
29085
29088
29090
29092
29100
29101
29102
29112
29169
29211
29216
29228
29229
29231
29232
29237
29240
29241
29243
29244
29247
29249
29250
29254
29255
29257
29292
29293
29328
29329
29441
29443
29446
29449
29450
29453
29458
29460
29461
29462
29465
29468
29474
29477
29479
29480
29487
29495
29505
29507
29516
29537
29589
29610
29623
29630
29631
29638
29643
29646
29650
29667
29786
29790
29834
29835
29837
29838
29840
29864
29871
29924
30001
30008
30011
30018
30019
30021
30023
30030
30065
30066
30067
30070
30071
30073
30075
30077
30079
30082
30086
30089
30092
30093
30096
30097
30098
30100
30102
30104
30105
30114
30212
30235
30297
30361
30362
30363
30391
30393
30395
30396
30404
30407
30408
30414
30416
30417
30419
30427
30430
30432
30434
30486
30560
30571
30653
30654
30656
30658
30741
30768
30792
30817
30988
31016
31088
31092
31164
31179
31181
31241
31243
31254
31257
31268
31269
31275
31277
31282
31284
31286
31290
31293
31296
31299
31302
31303
31306
31308
31310
31312
31318
31319
31321
31325
31329
31330
31334
31425
31496
31497
31498
31500
31502
31503
31505
31507
31581
31613
31620
31683
31685
31704
31705
31715
31726
31730
31737
31741
31747
31765
31778
31877
31898
31913
31974
32047
32094
32097
32121
32146
32279
32280
32320
32326
32331
32332
32333
32334
32346
32386
32391
32393
32397
32401
32414
32469
32541
32552
32590
32670
32690
32718
32796
32804
32811
32847
32894
32952
33006
33033
33035
33039
33042
33043
33045
33050
33070
33097
33160
33273
33319
33320
33321
33325
33340
33342
33516
33569
33616
33620
33661
33690
33692
33695
33697
33698
33700
33704
33705
33708
33713
33716
33718
33722
33726
33729
33731
33732
33734
33735
33737
33744
33747
33749
33750
33751
33753
33759
33762
33763
33933
33981
34058
34060
34092
34094
34095
34098
34102
34104
34105
34106
34111
34112
34113
34117
34118
34125
34127
34129
34130
34131
34132
34135
34136
34139
34146
34149
34151
34155
34157
34159
34162
34165
34168
34175
34177
34179
34180
34182
34187
34188
34192
34193
34196
34200
34201
34205
34207
34210
34211
34215
34217
34218
34234
34241
34246
34248
34251
34260
34261
34267
34268
34271
34275
34276
34277
34279
34285
34288
34290
34292
34296
34299
34301
34302
34304
34307
34333
34341
34343
34344
34348
34355
34371
34375
34494
34544
34546
34548
34549
34551
34554
34556
34558
34561
34563
34564
34566
34567
34569
34570
34572
34575
34616
34693
34711
34752
34753
34755
34756
34759
34762
34763
34767
34772
34775
34778
34782
34785
34789
34792
34848
34850
34851
34852
34854
34856
34859
34861
34863
34864
34866
34869
34870
34876
34879
34881
34885
34887
34890
34891
34893
34897
34898
34901
34903
34904
34906
34907
34909
34915
34919
34922
34923
34925
34926
34929
34933
35025
35027
35044
35130
35168
35191
35200
35201
35202
35218
35241
35242
35243
35246
35250
35251
35252
35313
35365
35419
35425
35431
35433
35442
35444
35446
35448
35452
35456
35458
35459
35461
35462
35464
35466
35468
35473
35474
35478
35484
35487
35491
35492
35497
35500
35504
35505
35506
35510
35511
35512
35514
35516
35517
35521
35525
35528
35530
35533
35539
35540
35556
35560
35562
35566
35568
35572
35575
35579
35580
35581
35744
35764
35765
35795
35797
35799
35810
35821
35837
35840
35844
35845
35848
35849
35854
35855
35857
35859
35862
35888
35893
35895
35896
35898
35900
35901
35903
35905
35907
35908
35911
35914
35916
35918
35920
35922
35923
35957
35959
35961
35967
35969
35979
36031
36045
36071
36073
36111
36218
36220
36221
36225
36227
36228
36231
36232
36234
36235
36237
36239
36242
36264
36269
36273
36289
36290
36292
36297
36307
36313
36328
36349
36352
36357
36363
36365
36369
36372
36373
36376
36378
36380
36381
36383
36393
36394
36397
36398
36400
36403
36407
36410
36413
36419
36423
36427
36428
36430
36435
36438
36441
36468
36510
36514
36535
36549
36658
36671
36674
36675
36679
36681
36682
36683
36779
36781
36868
36944
36948
36949
36987
36994
37026
37037
37042
37063
37175
37198
37212
37267
37285
37437
37446
37447
37450
37471
37634
37658
37660
37664
37685
37687
37722
37738
37772
37775
37776
37777
37781
37789
37793
37794
37803
37810
37814
37842
37844
37845
37847
37850
37853
37855
37857
37859
37860
37862
37863
37865
37867
37871
37878
37896
37947
37949
37955
37956
37960
37992
37995
38000
38003
38018
38022
38025
38028
38031
38070
38075
38078
38079
38083
38084
38091
38092
38096
38099
38102
38116
38169
38171
38178
38179
38183
38188
38189
38272
38285
38488
38490
38492
38495
38499
38501
38505
38512
38516
38523
38526
38528
38532
38534
38536
38592
38637
38645
38647
38648
38727
38730
38731
38733
38737
38742
38747
38749
38751
38756
38761
38765
38768
38772
38773
38778
38781
38783
38785
38790
38795
38798
38800
38810
38812
38820
38821
38826
38829
38830
38833
38836
38837
38838
38839
38841
38843
38848
38849
38851
38853
38854
38855
38857
38860
38861
38865
38869
38872
38874
38876
38877
38881
38883
38884
38885
38886
38887
38890
38892
38893
38894
38897
38898
38900
38902
38906
38909
38911
38914
38916
38917
38920
38922
38925
38930
38933
38937
38947
38948
38950
38951
38955
38958
38994
39012
39056
39070
39075
39127
39133
39134
39137
39138
39141
39147
39150
39151
39153
39155
39156
39158
39161
39165
39167
39169
39173
39174
39175
39176
39181
39185
39187
39189
39190
39193
39305
39307
39311
39316
39318
39319
39321
39322
39323
39324
39325
39327
39328
39333
39335
39336
39338
39341
39344
39366
39389
39455
39471
39493
39618
39625
39628
39678
39715
39722
39738
39740
39746
39748
39751
39752
39759
39773
39842
39866
39912
39943
40008
40125
40126
40186
40187
40190
40191
40194
40195
40198
40200
40202
40203
40207
40211
40214
40215
40219
40221
40222
40225
40228
40232
40234
40245
40322
40346
40356
40389
40397
40403
40434
40476
40558
40563
40664
40701
40742
40747
40749
40828
40842
40884
40888
40889
40893
40894
40895
40896
40899
40901
40904
40916
40995
40999
41004
41006
41007
41008
41011
41015
41016
41020
41022
41025
41027
41030
41032
41037
41040
41042
41043
41047
41049
41050
41052
41054
41056
41057
41058
41061
41064
41065
41068
41071
41072
41075
41077
41080
41083
41086
41087
41091
41092
41094
41097
41099
41102
41103
41104
41105
41106
41111
41113
41116
41120
41122
41123
41124
41127
41132
41134
41140
41290
41293
41295
41323
41329
41334
41348
41389
41414
41444
41447
41448
41449
41451
41509
41571
41590
41635
41655
41705
41729
41738
41743
41744
41745
41749
41752
41753
41754
41759
41761
41764
41767
41769
41770
41772
41775
41776
41781
41783
41787
41790
41792
41794
41795
41797
41802
41805
41806
41810
41811
41813
41814
41816
41819
41821
41825
41827
41828
41830
41832
41836
41837
41840
41846
41887
41971
42008
42010
42067
42070
42080
42091
42096
42103
42111
42114
42117
42118
42123
42126
42132
42137
42140
42142
42146
42148
42149
42158
42159
42160
42161
42162
42163
42167
42171
42174
42177
42178
42180
42182
42184
42187
42188
42190
42193
42196
42198
42199
42205
42221
42225
42226
42230
42231
42234
42238
42314
42317
42347
42387
42395
42502
42503
42505
42507
42511
42512
42513
42515
42518
42551
42553
42566
42716
42750
42806
42848
42850
42853
42854
42856
42858
42861
42864
42865
42871
42872
42874
42885
42887
43047
43060
43067
43212
43219
43247
43268
43272
43274
43277
43279
43301
43306
43310
43315
43330
43332
43335
43336
43338
43340
43343
43347
43349
43350
43353
43354
43358
43360
43369
43370
43373
43374
43378
43385
43393
43411
43416
43417
43419
43420
43422
43425
43427
43434
43440
43443
43446
43448
43454
43463
43465
43471
43473
43480
43482
43483
43484
43488
43543
43545
43547
43548
43549
43553
43554
43557
43559
43562
43563
43564
43565
43572
43573
43576
43577
43589
43590
43705
43775
43790
43791
43793
43800
43802
43804
43806
43807
43808
43819
43844
43845
43846
43852
43940
43946
43987
43989
43995
43997
43999
44001
44004
44104
44178
44179
44187
44188
44189
44190
44196
44197
44201
44208
44210
44212
44357
44405
44426
44456
44500
44570
44579
44580
44668
44670
44674
44756
44785
44855
44983
45006
45010
45018
45194
45434
45436
45437
45440
45442
45444
45446
45448
45454
45456
45458
45459
45460
45462
45463
45464
45466
45469
45470
45472
45473
45477
45478
45480
45481
45483
45484
45489
45491
45493
45494
45497
45499
45504
45506
45508
45509
45511
45512
45513
45515
45517
45518
45520
45521
45523
45525
45527
45531
45532
45534
45536
45537
45538
45540
45542
45543
45544
45546
45549
45553
45554
45555
45557
45558
45559
45561
45563
45566
45570
45572
45575
45576
45577
45579
45583
45586
45587
45590
45593
45598
45600
45601
45604
45608
45610
45612
45613
45621
45623
45625
45629
45633
45634
45636
45637
45639
45640
45645
45647
45651
45652
45654
45657
45662
45664
45665
45669
45670
45672
45674
45677
45679
45681
45682
45686
45689
45693
45694
45695
45702
45704
45706
45707
45710
45711
45712
45713
45717
45721
45723
45725
45727
45730
45734
45740
45744
45745
45746
45748
45754
45756
45757
45759
45761
45763
45764
45766
45768
45769
46095
46097
46248
46250
46251
46255
46258
46260
46261
46322
46329
46376
46462
46550
46564
46642
46699
46767
46798
46821
46879
46978
47014
47203
47204
47206
47208
47212
47217
47219
47220
47222
47226
47227
47260
47264
47271
47346
47415
47708
47710
47713
47716
47718
47722
47723
47724
47728
47731
47763
47784
47819
47822
47826
47829
47832
47834
47836
47947
48025
48030
48054
48078
48203
48305
48317
48330
48336
48340
48392
48417
48430
48438
48463
48513
48521
48525
48543
48553
48585
48599
48601
48609
48635
48640
48641
48659
48674
48681
48690
48692
48698
48699
48702
48711
48714
48716
48718
48732
48734
48740
48742
48749
48750
48754
48768
48782
48813
48835
48836
48845
48855
48858
48870
48874
48878
48889
48891
48892
48895
48898
48899
48903
48905
48913
48915
48938
48944
48946
48971
49002
49008
49013
49019
49029
49205
49229
49350
49351
49353
49355
49385
49400
49404
49416
49495
49517
49626
49696
49756
49904
49905
49907
49909
49915
49920
49925
49926
49927
49928
49930
49932
49935
49938
50059
50087
50099
50103
50105
50110
50114
50120
50121
50123
50125
50126
50128
50130
50132
50135
50137
50140
50141
50144
50146
50154
50158
50161
50162
50163
50166
50171
50172
50175
50181
50182
50190
50194
50199
50202
50207
50210
50213
50216
50222
50223
50226
50229
50230
50231
50234
50236
50239
50240
50242
50243
50244
50246
50251
50256
50257
50258
50260
50263
50265
50270
50274
50276
50279
50280
50316
50342
50421
50557
50571
50572
50573
50576
50577
50578
50580
50582
50588
50596
50598
50599
50601
50602
50612
50731
50733
50735
50736
50740
50741
50743
50744
50745
50869
50872
50875
50969
50978
50980
50981
50985
50989
50991
50995
50998
51000
51002
51129
51130
51133
51134
51212
51230
51379
51380
51381
51382
51383
51384
51566
51567
51572
51574
51575
51576
51577
51578
51581
51583
51584
51586
51588
51590
51592
51594
51595
51596
51600
51601
51607
51609
51611
51612
51613
51616
51617
51618
51620
51624
51626
51628
51629
51631
51634
51636
51638
51641
51642
51645
51648
51649
51652
51653
51655
51656
51659
51661
51663
51666
51669
51670
51671
51675
51676
51679
51682
51684
51686
51687
51692
51693
51695
51697
51698
51702
51704
51705
51707
51712
51713
51716
51718
51719
51721
51722
51726
51727
51728
51732
51734
51738
51742
51746
51750
51754
51755
51758
51841
51941
51996
51998
52000
52004
52018
52026
52143
52145
52146
52149
52152
52153
52156
52157
52159
52164
52167
52168
52171
52226
52273
52341
52474
52480
52486
52488
52502
52540
52575
52648
52654
52727
52765
52793
52809
52855
52971
52999
53005
53006
53008
53010
53011
53014
53016
53080
53163
53164
53170
53174
53185
53252
53400
53478
53479
53481
53556
53641
53646
53649
53650
53654
53656
53660
53682
53684
53685
53690
53691
53695
53696
53756
53767
53964
54038
54172
54174
54175
54179
54183
54184
54187
54188
54190
54191
54192
54195
54197
54200
54201
54203
54204
54222
54226
54228
54230
54231
54328
54332
54337
54478
54506
54510
54511
54513
54516
54525
54529
54532
54533
54538
54540
54544
54549
54551
54552
54555
54556
54557
54560
54561
54564
54566
54569
54571
54641
54788
54810
55047
55050
55053
55066
55095
55184
55185
55189
55193
55198
55202
55204
55207
55242
55351
55395
55413
55649
56298
56357
56409
56463
56499
56502
56503
56506
56508
56511
56514
56516
56519
56520
56521
56565
56736
56742
57071
57202
57240
57411
57677
57714
57715
57719
57720
58073
58333
58356
58471
58478
58479
58728
58859
58860
59336
59492
59630
59737
59799
59878
60105
60468
60588
60850
60861
60873
60884
60893
60899
60904
60916
61102
61305
61309
61313
61315
61318
61320
61322
61324
61325
61330
61331
61333
61337
61339
61341
61342
61344
61346
61347
61349
61351
61352
61354
61356
61357
61358
61359
61361
61363
61365
61366
61367
61368
61371
61374
61376
61378
61379
61382
61386
61387
61388
61392
61393
61398
61409
61453
61536
61539
61572
61573
61574
61691
61802
61891
62305
62317
62472
62473
62518
62532
62533
62535
62537
62538
62539
62541
62543
62545
62547
62678
62764
62777
62780
62784
62788
62790
62794
62798
62894
62918
62921
62924
62926
62928
63012
63028
63499
63502
63504
63505
63507
63508
63509
63534
63536
63537
63539
63541
63542
63544
63545
63547
63548
63550
63553
63554
63559
63562
63564
63565
63568
63569
63570
63572
63579
63581
63583
63585
63587
63590
63593
63597
63599
63600
63666
63679
63855
63856
63862
63863
63867
63869
63870
63877
63884
63886
63890
63899
63900
63904
63905
63910
63911
63912
63913
63916
63917
63919
64145
64168
64283
64583
64820
64832
64852
65151
65254
65259
65580
65771
65777
65929
65931
66035
66095
66096
66097
66098
66100
66102
66104
66108
66109
66112
66117
66354
66358
66363
66473
66478
66719
66771
66781
66782
66785
66787
66789
66790
66792
66794
66795
66796
66805
66806
66815
66820
66825
66827
66832
66838
66939
67156
67160
67164
67166
67246
67654
67901
68052
68127
68470
68474
68691
69166
69209
69553
69558
69560
69564
69577
69580
69748
70123
70125
70126
70127
70128
70232
70234
70235
70238
70239
70243
70314
70527
70768
70792
70956
70966
70969
70973
70977
70985
70987
70988
70991
71153
71155
71160
71163
71166
71168
71169
71174
71179
71184
71187
71189
71190
71195
71199
71204
71206
71208
71214
71215
71217
71218
71220
71221
71224
71236
71237
71250
71268
71270
71273
71275
71282
71283
71294
71299
71301
71303
71307
71308
71310
71313
71317
71321
71325
71326
71328
71330
71332
71337
71339
71343
71344
71346
71347
71350
71351
71355
71357
71360
71361
71364
71367
71369
71370
71375
71377
71379
71381
71383
71384
71385
71387
71389
71391
71394
71397
71398
71399
71401
71403
71405
71407
71408
71409
71411
71412
71414
71417
71477
71584
71708
71823
71842
71878
71905
72059
72103
72105
72128
72139
72180
72349
72527
72529
72531
72533
72541
72544
72546
72548
72614
72649
72652
72655
72659
72665
72668
72689
72690
72758
72927
72929
72933
73110
73111
73112
73113
73302
73945
74033
74708
75008
75043
75105
75728
75864
76388
76423
76597
76754
76758
76761
76848
76855
