0
8
60
63
93
113
114
116
119
122
148
153
159
194
201
223
225
229
230
234
290
359
360
365
370
371
376
378
380
382
386
393
401
447
450
451
452
455
456
458
461
464
467
469
471
472
481
485
519
560
565
567
570
577
580
582
585
589
590
592
596
597
668
670
672
675
677
679
695
703
709
711
714
743
840
847
852
855
857
865
870
878
880
884
887
901
924
926
927
929
979
1004
1005
1008
1031
1048
1050
1053
1116
1182
1186
1191
1267
1284
1293
1332
1337
1342
1345
1349
1354
1359
1368
1377
1381
1386
1411
1413
1417
1419
1420
1421
1422
1423
1427
1429
1457
1459
1460
1461
1463
1465
1466
1469
1471
1488
1490
1492
1494
1495
1498
1601
1619
1640
1660
1668
1676
1703
1740
1744
1745
1746
1748
1750
1751
1816
1850
1856
1901
1934
1935
1939
1946
2002
2004
2019
2038
2048
2054
2056
2061
2128
2137
2159
2160
2187
2188
2221
2245
2252
2279
2282
2283
2284
2287
2288
2289
2364
2366
2383
2409
2410
2430
2461
2521
2529
2576
2657
2659
2662
2664
2666
2668
2676
2678
2680
2686
2687
2688
2727
2731
2735
2736
2740
2742
2744
2745
2746
2747
2751
2752
2754
2758
2759
2761
2762
2764
2766
2769
2772
2812
2813
2828
2830
2834
2873
2878
2943
2944
2957
2960
2962
2965
2968
2970
2971
2972
2974
2976
2977
2978
2980
2983
2985
2987
2988
2991
2993
2994
3000
3004
3006
3008
3009
3012
3025
3033
3041
3068
3071
3073
3097
3114
3155
3166
3213
3244
3246
3247
3248
3249
3255
3256
3257
3308
3324
3360
3384
3409
3437
3440
3441
3442
3444
3445
3446
3447
3448
3449
3454
3458
3480
3535
3542
3595
3638
3689
3714
3715
3743
3783
3787
3789
3790
3792
3795
3796
3799
3801
3802
3803
3810
3812
3813
3814
3817
3818
3821
3824
3825
3882
3936
3937
3962
3980
3990
4055
4088
4091
4108
4127
4219
4226
4248
4267
4303
4369
4410
4413
4414
4415
4417
4421
4426
4427
4467
4543
4568
4591
4605
4656
4680
4685
4729
4771
4841
4842
4844
4846
4848
4886
4887
4890
4891
4893
4895
4898
4909
4955
4957
4958
4959
4961
4962
4964
4971
4974
4978
4979
4980
4984
4985
4987
4988
5023
5059
5078
5120
5229
5271
5274
5287
5290
5291
5308
5317
5329
5339
5352
5359
5361
5362
5363
5378
5418
5464
5512
5514
5534
5566
5574
5622
5654
5693
5695
5697
5698
5703
5707
5709
5712
5713
5715
5717
5719
5720
5722
5725
5741
5743
5820
5870
5872
5875
5877
5881
5882
5886
5900
5914
5938
5956
5959
5961
6029
6034
6043
6052
6054
6055
6061
6062
6064
6116
6189
6205
6276
6279
6285
6314
6357
6378
6390
6445
6448
6449
6487
6512
6546
6549
6590
6592
6621
6623
6628
6629
6638
6651
6662
6677
6681
6683
6685
6696
6717
6732
6871
6921
6959
7016
7040
7041
7045
7048
7105
7179
7197
7198
7199
7209
7220
7247
7281
7330
7332
7334
7337
7339
7342
7344
7346
7348
7349
7353
7356
7358
7364
7366
7367
7371
7373
7375
7377
7381
7425
7464
7481
7489
7537
7638
7647
7680
7683
7684
7769
7839
7868
7884
7922
7970
7976
8069
8071
8146
8150
8216
8276
8429
8542
8557
8581
8586
8588
8589
8635
8636
8720
8823
8824
8895
8900
8902
8903
9059
9060
9062
9123
9150
9207
9219
9231
9243
9441
9443
9445
9446
9449
9452
9453
9454
9456
9459
9463
9468
9469
9471
9472
9474
9475
9477
9478
9481
9482
9520
9563
9595
9659
9685
9709
9756
9781
9805
9842
9878
9908
9966
10080
10104
10108
10148
10174
10222
10225
10227
10245
10271
10274
10336
10360
10432
10447
10493
10523
10524
10529
10580
10630
10658
10748
10789
10835
10840
10848
10857
10889
10964
10973
11000
11036
11048
11050
11053
11056
11162
11182
11245
11263
11287
11337
11360
11365
11376
11486
11589
11619
11627
11706
11746
11751
11801
11897
11905
12017
12033
12124
12236
12248
12351
12393
12394
12402
12422
12457
12476
12482
12529
12576
12755
12759
12785
12872
12899
12901
12903
12908
12911
13106
13107
13109
13111
13114
13157
13264
13302
13366
13369
13373
13379
13389
13391
13417
13563
13565
13567
13568
13571
13574
13577
13578
13579
13580
13592
13645
13764
13779
13813
13908
13913
14000
14037
14066
14087
14102
14125
14127
14254
14326
14348
14383
14451
14460
14464
14511
14538
14562
14643
14742
14813
14840
14892
14895
15006
15080
15188
15197
15230
15315
15322
15418
15437
15442
15465
15485
15486
15488
15586
15684
15721
15722
15724
15726
15727
15729
15918
16005
16012
16014
16065
16067
16151
16176
16278
16340
16407
16434
16467
16509
16587
16643
16645
16646
16648
16650
16653
16655
16657
16659
16664
16739
16740
16867
16894
16954
17027
17227
17356
17393
17400
17435
17568
17571
17620
17703
17734
17788
17797
17880
17972
