0 20
0 9
2 1
1 20
2 22
0 16
0 8
2 15
1 9
2 14
2 9
2 20
1 16
3 14
1 8
2 16
0 14
3 16
0 28
3 9
1 28
2 28
0 18
3 20
2 8
3 28
3 8
0 27
1 18
2 18
0 29
0 1
3 18
3 15
1 29
2 29
1 27
3 22
2 26
1 14
0 10
0 15
0 22
0 3
2 11
0 13
3 26
0 11
1 15
1 22
0 21
2 23
0 12
0 7
3 29
1 3
1 13
0 23
2 7
0 6
2 3
0 24
1 23
3 3
1 12
1 24
2 12
0 19
1 7
2 24
2 13
0 2
2 5
1 10
0 4
1 6
3 13
0 17
2 27
0 0
2 10
3 23
2 2
0 25
1 2
3 12
1 11
3 2
1 1
2 6
1 17
0 26
3 6
1 4
2 17
3 7
3 17
1 25
1 26
1 0
1 19
3 11
2 4
0 5
3 4
3 24
3 10
2 0
2 19
1 5
3 0
3 27
3 1
1 21
2 21
2 25
3 19
3 25
3 21
3 5

Score: 86.48999999999965