0
273
278
284
285
289
291
293
294
295
296
299
301
310
311
316
317
319
323
324
327
337
349
380
381
395
405
408
413
414
417
428
429
433
444
470
472
477
480
482
483
486
487
489
492
498
501
503
507
513
518
526
528
535
573
577
588
589
610
613
660
672
711
728
731
754
764
776
780
785
790
799
801
805
808
811
815
817
818
824
825
831
833
837
839
841
847
852
854
857
861
863
867
868
869
870
872
876
877
879
886
887
892
893
895
907
911
923
926
927
928
931
953
970
993
1008
1011
1012
1017
1022
1028
1029
1032
1034
1035
1037
1039
1041
1042
1044
1048
1056
1057
1059
1061
1064
1066
1068
1070
1071
1077
1078
1092
1093
1117
1125
1133
1150
1170
1183
1187
1191
1227
1233
1234
1236
1254
1256
1264
1265
1275
1276
1283
1289
1291
1293
1295
1308
1310
1334
1340
1343
1344
1346
1347
1349
1350
1355
1356
1396
1426
1447
1452
1455
1456
1457
1486
1494
1512
1514
1518
1531
1545
1548
1549
1550
1551
1553
1555
1557
1559
1560
1571
1576
1577
1586
1609
1618
1625
1627
1632
1635
1644
1653
1662
1666
1669
1687
1709
1715
1718
1725
1734
1752
1756
1758
1760
1761
1766
1773
1777
1779
1781
1825
1832
1834
1876
1880
1882
1885
1890
1893
1895
1897
1898
1902
1907
1910
1911
1915
1918
1923
1932
1935
1936
1938
1969
1974
2003
2011
2027
2034
2048
2056
2059
2064
2065
2068
2086
2096
2101
2103
2125
2187
2200
2205
2206
2209
2212
2253
2262
2266
2299
2300
2302
2305
2310
2312
2315
2319
2324
2327
2333
2336
2340
2341
2344
2347
2348
2349
2354
2360
2365
2377
2381
2383
2385
2388
2389
2390
2396
2404
2408
2413
2417
2422
2431
2446
2447
2467
2474
2482
2484
2488
2490
2494
2500
2501
2523
2530
2536
2542
2547
2559
2560
2561
2580
2587
2590
2591
2598
2601
2605
2608
2609
2618
2623
2625
2626
2627
2631
2632
2636
2647
2667
2671
2676
2685
2706
2733
2742
2747
2764
2766
2773
2774
2779
2781
2788
2797
2805
2813
2824
2826
2842
2846
2851
2853
2856
2859
2860
2861
2862
2863
2867
2870
2871
2874
2890
2896
2905
2910
2931
2939
2982
2996
3002
3003
3004
3007
3016
3025
3070
3077
3086
3102
3136
3139
3157
3159
3161
3181
3187
3220
3222
3225
3229
3235
3240
3249
3256
3259
3264
3266
3268
3271
3275
3277
3278
3282
3283
3284
3288
3289
3293
3294
3299
3302
3303
3309
3315
3317
3319
3321
3328
3329
3349
3356
3363
3366
3376
3386
3387
3397
3399
3402
3404
3407
3409
3410
3411
3412
3417
3472
3480
3481
3511
3540
3541
3547
3565
3620
3631
3647
3649
3660
3681
3685
3687
3689
3692
3693
3701
3709
3723
3724
3732
3750
3754
3756
3760
3762
3767
3771
3772
3773
3774
3776
3780
3781
3790
3795
3800
3812
3824
3852
3872
3878
3884
3886
3889
3890
3894
3898
3899
3900
3929
3931
3951
3958
3998
4001
4004
4008
4009
4012
4017
4024
4028
4033
4039
4042
4043
4046
4050
4051
4052
4054
4055
4056
4059
4063
4064
4065
4066
4068
4071
4073
4075
4078
4086
4120
4141
4146
4159
4160
4161
4168
4169
4170
4173
4177
4182
4187
4188
4193
4200
4204
4205
4207
4212
4215
4229
4234
4243
4253
4269
4287
4298
4308
4311
4321
4429
4439
4480
4493
4496
4533
4551
4557
4559
4563
4566
4569
4571
4575
4576
4577
4582
4585
4586
4589
4591
4595
4599
4622
4631
4633
4634
4636
4639
4640
4642
4665
4675
4676
4702
4704
4719
4720
4721
4772
4800
4808
4812
4823
4829
4837
4866
4869
4912
4933
4934
4943
4948
4958
4968
4993
5006
5010
5021
5023
5065
5084
5099
5117
5160
5166
5167
5179
5188
5195
5202
5208
5215
5226
5229
5233
5242
5246
5268
5273
5278
5281
5287
5291
5294
5297
5302
5305
5309
5322
5333
5359
5367
5370
5372
5384
5406
5418
5436
5439
5441
5447
5448
5457
5461
5467
5484
5500
5501
5504
5510
5512
5521
5524
5526
5528
5530
5538
5544
5550
5554
5555
5570
5575
5594
5613
5632
5650
5679
5686
5690
5736
5768
5770
5816
5845
5854
5859
5865
5873
5874
5892
5893
5896
5911
5927
5962
5968
5975
5977
5980
5988
5997
6006
6008
6016
6020
6023
6026
6033
6043
6045
6050
6056
6060
6066
6069
6073
6079
6082
6084
6094
6096
6103
6106
6116
6148
6153
6154
6157
6159
6162
6165
6169
6216
6224
6226
6231
6233
6236
6237
6239
6241
6243
6245
6259
6263
6265
6267
6270
6271
6281
6283
6284
6292
6304
6305
6310
6311
6313
6315
6319
6320
6322
6323
6325
6328
6330
6332
6335
6338
6344
6347
6349
6350
6354
6356
6359
6361
6369
6382
6408
6417
6442
6513
6518
6526
6546
6550
6559
6561
6582
6612
6624
6657
6660
6680
6725
6751
6758
6767
6787
6788
6824
6833
6852
6858
6885
6891
6900
6918
6937
6954
6956
6967
6970
6978
6989
7008
7016
7029
7042
7056
7063
7066
7067
7074
7081
7082
7085
7087
7111
7116
7132
7134
7137
7141
7149
7151
7155
7162
7185
7193
7194
7201
7220
7225
7229
7235
7246
7251
7291
7300
7303
7331
7356
7367
7369
7371
7372
7375
7388
7393
7395
7399
7401
7404
7405
7407
7410
7411
7414
7429
7456
7469
7470
7477
7478
7482
7484
7487
7489
7490
7492
7495
7497
7498
7499
7502
7503
7507
7509
7510
7516
7523
7525
7527
7528
7541
7543
7546
7549
7551
7558
7560
7565
7593
7596
7624
7627
7651
7668
7689
7715
7718
7725
7729
7736
7747
7749
7751
7752
7755
7759
7766
7768
7776
7785
7786
7790
7793
7798
7803
7808
7809
7814
7817
7819
7821
7822
7826
7829
7830
7833
7842
7844
7845
7847
7849
7868
7877
7881
7887
7888
7889
7895
7900
7910
7930
7955
7958
7962
7964
7965
7968
7977
7980
7981
7982
7983
8001
8012
8039
8060
8061
8070
8075
8081
8083
8086
8089
8090
8091
8097
8099
8100
8104
8154
8156
8159
8163
8178
8180
8205
8210
8227
8267
8275
8279
8283
8287
8293
8297
8298
8300
8308
8310
8312
8313
8315
8318
8323
8330
8340
8341
8343
8348
8353
8356
8357
8362
8364
8366
8368
8369
8373
8382
8387
8409
8417
8438
8443
8480
8481
8491
8511
8515
8520
8521
8524
8526
8530
8532
8534
8537
8542
8545
8549
8554
8560
8562
8575
8584
8612
8614
8618
8684
8690
8695
8697
8698
8705
8724
8759
8764
8775
8776
8803
8808
8810
8824
8856
8865
8879
8885
8912
8919
8930
8935
8937
8941
8945
8946
8948
8949
8950
8951
8955
8960
8962
8966
8968
8972
8973
8975
8976
8979
8981
8983
8985
8986
8991
8993
9001
9013
9018
9021
9025
9028
9032
9047
9068
9071
9085
9088
9095
9101
9103
9105
9110
9111
9112
9114
9115
9117
9120
9122
9130
9132
9134
9157
9159
9162
9163
9165
9167
9195
9196
9198
9208
9210
9215
9217
9218
9223
9239
9240
9242
9263
9274
9277
9282
9284
9289
9291
9316
9319
9322
9341
9355
9385
9386
9414
9423
9424
9430
9435
9436
9437
9438
9441
9443
9445
9447
9462
9486
9491
9493
9501
9506
9523
9534
9547
9584
9604
9608
9610
9612
9613
9614
9626
9632
9634
9637
9639
9648
9653
9655
9663
9681
9691
9697
9705
9706
9707
9709
9710
9712
9724
9728
9732
9737
9772
9777
9784
9797
9814
9821
9850
9852
9859
9887
9907
9908
9916
9946
9969
9992
9998
10008
10012
10018
10019
10024
10027
10030
10032
10035
10038
10042
10045
10046
10047
10048
10049
10053
10055
10056
10060
10062
10064
10066
10067
10069
10073
10075
10077
10078
10080
10083
10084
10085
10086
10087
10090
10091
10092
10093
10095
10097
10099
10101
10102
10106
10108
10113
10114
10117
10121
10135
10140
10162
10167
10204
10210
10213
10214
10220
10227
10231
10237
10242
10252
10255
10256
10260
10285
10292
10312
10319
10345
10351
10354
10375
10406
10412
10421
10488
10513
10578
10593
10605
10608
10636
10645
10673
10686
10689
10709
10710
10713
10745
10764
10790
10852
10862
10863
10866
10868
10869
10874
10875
10877
10896
10907
10913
10925
10929
10932
10934
10937
10947
10948
10951
10954
10962
10964
10976
10983
10989
10991
10992
10996
10999
11001
11003
11005
11013
11019
11021
11030
11082
11092
11097
11099
11100
11101
11102
11104
11105
11108
11110
11111
11113
11116
11118
11136
11142
11144
11147
11148
11160
11186
11189
11193
11231
11243
11284
11287
11289
11291
11294
11307
11312
11317
11326
11343
11362
11381
11388
11395
11397
11399
11402
11417
11421
11424
11428
11432
11434
11440
11446
11452
11454
11456
11457
11462
11464
11466
11470
11476
11478
11480
11482
11484
11492
11495
11498
11501
11507
11513
11519
11520
11525
11527
11532
11533
11535
11537
11574
11633
11653
11655
11660
11729
11730
11731
11734
11737
11739
11741
11742
11744
11746
11747
11749
11751
11752
11755
11758
11759
11762
11763
11764
11765
11767
11769
11770
11771
11772
11774
11779
11781
11782
11785
11787
11789
11790
11791
11793
11797
11798
11799
11803
11804
11805
11836
11842
11844
11854
11855
11858
11859
11860
11862
11864
11865
11866
11870
11872
11874
11876
11888
11892
11912
11924
11929
11931
11955
11957
11958
11960
11962
11977
11987
12010
12047
12048
12055
12058
12061
12062
12065
12078
12086
12099
12103
12120
12123
12130
12132
12133
12134
12137
12141
12142
12143
12145
12147
12148
12151
12152
12153
12158
12161
12163
12226
12231
12235
12247
12295
12298
12345
12353
12356
12399
12426
12443
12452
12455
12466
12502
12506
12522
12524
12526
12527
12528
12531
12532
12545
12562
12612
12625
12640
12705
12738
12760
12770
12773
12776
12777
12779
12780
12781
12784
12786
12787
12791
12834
12882
12897
12911
12934
12935
12939
12942
12943
12945
12946
12948
12950
12952
12957
12959
12960
12961
12963
12964
12968
12973
12974
12978
12983
12985
12986
12988
12991
12996
13017
13023
13024
13025
13026
13029
13031
13032
13035
13069
13073
13103
13117
13149
13170
13174
13207
13277
13278
13314
13415
13427
13430
13510
13512
13516
13536
13538
13539
13541
13543
13545
13547
13550
13559
13562
13563
13564
13566
13567
13569
13582
13584
13585
13588
13592
13593
13594
13595
13599
13600
13604
13605
13608
13610
13612
13615
13617
13625
13627
13628
13630
13631
13633
13635
13638
13644
13647
13648
13651
13652
13659
13662
13664
13665
13667
13672
13681
13684
13686
13698
13701
13708
13717
13730
13747
13772
13784
13795
13800
13841
13843
13846
13849
13902
13931
13932
13956
13957
13977
13994
14022
14050
14059
14071
14083
14091
14097
14107
14128
14130
14133
14157
14158
14159
14160
14164
14165
14166
14169
14174
14175
14177
14178
14179
14183
14187
14189
14214
14233
14234
14235
14304
14394
14395
14404
14446
14448
14456
14461
14463
14469
14487
14517
14526
14528
14555
14579
14591
14605
14620
14623
14624
14633
14637
14640
14646
14647
14650
14651
14661
14662
14683
14684
14685
14732
14781
14788
14799
14810
14858
14886
14912
14945
14953
14957
15029
15099
15101
15103
15183
15192
15249
15278
15315
15321
15336
15396
15426
15445
15449
15450
15452
15455
15456
15459
15474
15489
15513
15537
15539
15560
15572
15638
15670
15714
15745
15746
15749
15765
15767
15771
15799
15839
15846
15855
15902
15922
15945
15967
15984
16017
16034
16053
16084
16101
16111
16161
16166
16169
16180
16188
16219
16253
16275
16303
16308
16310
16336
16339
16352
16365
16369
16371
16373
16374
16379
16382
16384
16386
16388
16391
16392
16393
16399
16422
16448
16492
16534
16535
16573
16577
16581
16583
16597
16603
16640
16646
16661
16708
16718
16721
16724
16761
16768
16822
16825
16828
16830
16833
16867
16868
16879
16896
16907
16921
16952
16969
16970
16973
16975
16976
16993
17006
17009
17014
17047
17054
17064
17070
17087
17117
17120
17144
17147
17191
17213
17247
17359
17384
17424
17483
17486
17507
17514
17541
17544
17546
17550
17554
17555
17559
17562
17563
17564
17567
17571
17575
17576
17579
17581
17590
17592
17595
17599
17602
17604
17605
17607
17608
17619
17620
17622
17627
17629
17631
17637
17644
17653
17667
17681
17686
17702
17719
17830
17859
17862
17874
17886
17935
17955
17977
17980
17981
17999
18026
18038
18066
18073
18084
18086
18095
18108
18112
18129
18137
18179
18192
18205
18210
18226
18255
18318
18324
18378
18382
18402
18404
18405
18443
18517
18539
18556
18567
18597
18624
18669
18674
18760
18777
18793
18807
18822
18823
18826
18827
18828
18830
18838
18892
18909
18914
18916
18921
18930
18935
18937
18939
18941
18943
18949
18950
18951
18957
18960
18962
18973
18974
18978
18983
18990
18997
18999
19003
19004
19008
19009
19015
19022
19025
19027
19030
19032
19034
19037
19038
19040
19041
19043
19045
19046
19048
19050
19052
19053
19055
19056
19060
19061
19064
19065
19069
19073
19075
19079
19082
19086
19088
19092
19094
19101
19108
19111
19114
19119
19125
19126
19129
19130
19131
19138
19142
19148
19149
19150
19201
19215
19257
19265
19266
19284
19307
19311
19313
19329
19330
19333
19334
19343
19345
19347
19351
19475
19479
19487
19493
19495
19497
19499
19532
19585
19600
19601
19617
19643
19688
19693
19775
19798
19802
19803
19816
19896
19913
19924
19940
20004
20005
20010
20029
20059
20071
20094
20145
20231
20266
20316
20321
20323
20324
20334
20343
20347
20349
20350
20354
20359
20389
20534
20558
20617
20640
20660
20686
20718
20726
20728
20730
20742
20790
20905
20962
20982
21035
21048
21072
21087
21145
21194
21245
21256
21355
21395
21441
21446
21493
21500
21509
21517
21521
21534
21538
21540
21560
21578
21608
21739
21761
21797
21857
21882
21892
21917
22018
22021
22051
22071
22081
22082
22086
22178
22185
22227
22242
22275
22382
22434
22437
22474
22481
22487
22536
22608
22626
22627
22631
22633
22636
22705
22791
22793
22900
22909
22915
22916
22919
22920
22931
22968
22974
23037
23109
23170
23209
23224
23229
23289
23295
23325
23356
23360
23403
23435
23461
23466
23467
23495
23511
23514
23552
23569
23601
23649
23726
23738
23794
23799
23814
23841
23936
23959
23961
23962
23963
23969
23970
23975
23977
23983
23989
24078
24083
24094
24139
24194
24220
24223
24233
24449
24483
24501
24593
24610
24636
24642
24677
24701
24718
24770
24870
24897
24944
24968
25008
25046
25274
25337
25343
25369
25383
25404
25448
25541
25644
25663
25677
25762
25848
25944
25975
26001
26004
26006
26008
26011
26076
26078
26082
26084
26087
26089
26091
26095
26097
26104
26107
26111
26115
26176
26202
26245
26402
26444
26446
26495
26499
26569
26589
26591
26622
26671
26682
26684
26689
26691
26698
26706
26710
26770
26802
26839
26911
26975
27041
27093
27145
27264
27345
27472
27515
27525
27550
27638
27639
27651
27681
27722
27733
27755
27927
27967
27993
28086
28091
28102
28154
28225
28368
28371
28373
28376
28393
28413
28468
28470
28511
28526
28539
28552
28566
28658
28686
28775
28848
28871
28873
28876
28880
28899
28904
28932
28967
29009
29023
29025
29085
29093
29172
29206
29208
29229
29347
29405
29636
29638
29714
29864
29978
29987
30208
30302
30320
30372
30373
30406
30702
30751
30780
30784
30861
30870
30900
31054
31126
31147
31235
31285
31333
31338
31341
31425
31436
31519
31614
31717
31791
31821
31908
31926
31932
31934
31935
31938
31941
31944
31946
31950
31953
31957
31959
31960
31974
32101
32176
32179
32218
32235
32478
32595
32659
32903
32929
33291
33313
33331
33469
33511
33536
33851
33866
33910
34130
34134
34178
34307
34732
34867
34947
35057
35094
35107
35114
35128
35130
35132
35133
35149
35160
35167
35172
35265
35268
35271
35274
35275
35276
35280
35281
35285
35286
35292
35295
35296
35301
35303
35305
35306
35308
35310
35315
35317
35323
35326
35330
35333
35335
35339
35340
35346
35351
35353
35356
35359
35364
35366
35367
35369
35374
35377
35380
35443
35652
35659
35686
35689
35696
35699
35704
35705
35707
35710
35923
35925
35926
35929
35930
35933
35934
35936
35938
35940
35941
35946
35952
35956
35961
35962
35965
35966
35970
35972
35973
35974
35977
35978
35994
