0
0
5
6
9
10
25
44
59
86
89
93
95
97
98
109
116
118
119
121
137
143
153
200
220
222
223
225
227
228
242
343
382
396
401
411
426
430
456
458
468
472
496
500
501
503
518
534
541
557
571
574
581
583
591
609
618
626
647
655
682
699
707
724
740
755
758
759
761
763
772
775
777
781
784
787
788
790
791
792
793
795
796
798
801
802
832
850
871
886
893
895
900
916
938
942
944
947
950
953
956
957
959
964
966
968
973
977
980
981
983
986
987
989
991
992
994
1020
1031
1054
1057
1085
1086
1092
1126
1164
1177
1183
1196
1199
1241
1243
1274
1317
1319
1321
1322
1365
1367
1368
1371
1373
1376
1378
1380
1410
1426
1436
1444
1445
1475
1483
1512
1536
1543
1571
1575
1577
1579
1581
1582
1585
1586
1590
1591
1618
1666
1669
1676
1681
1717
1743
1785
1786
1804
1806
1808
1844
1858
1860
1862
1880
1905
1916
1922
1927
1929
1930
1931
1932
1935
1956
1985
2010
2013
2014
2017
2032
2045
2073
2076
2078
2079
2108
2113
2130
2132
2133
2135
2136
2137
2140
2142
2143
2151
2163
2176
2181
2182
2183
2190
2206
2210
2213
2221
2238
2260
2307
2319
2338
2368
2384
2412
2421
2445
2448
2481
2490
2503
2504
2510
2512
2527
2538
2540
2543
2559
2561
2562
2566
2572
2574
2575
2576
2580
2581
2583
2584
2594
2648
2649
2653
2661
2673
2708
2719
2721
2741
2765
2807
2848
2852
2854
2883
2884
2885
2886
2888
2896
2897
2901
2909
2910
2911
2914
2931
2945
2947
2949
2986
2989
3008
3091
3093
3099
3101
3109
3127
3128
3144
3180
3184
3186
3187
3190
3210
3230
3241
3251
3260
3261
3262
3263
3267
3268
3269
3271
3274
3284
3305
3342
3355
3412
3431
3464
3485
3487
3489
3495
3535
3539
3565
3570
3577
3585
3586
3587
3607
3612
3649
3661
3666
3667
3675
3681
3734
3743
3862
3911
3918
3919
3921
3925
3949
3977
3983
4011
4038
4047
4051
4095
4097
4129
4141
4142
4144
4146
4150
4154
4157
4159
4160
4177
4189
4266
4299
4302
4309
4312
4372
4378
4392
4394
4397
4409
4422
4428
4448
4493
4494
4515
4526
4527
4532
4593
4646
4652
4656
4708
4710
4730
4757
4758
4761
4762
4767
4769
4776
4777
4794
4822
4835
4841
4877
4910
4912
4913
4915
4916
4943
4951
4978
4986
4992
5000
5001
5041
5042
5089
5091
5102
5103
5114
5128
5160
5161
5217
5230
5240
5303
5321
5328
5341
5386
5426
5489
5516
5525
5533
5575
5577
5579
5608
5610
5611
5649
5658
5682
5729
5739
5768
5769
5786
5803
5805
5806
5843
5858
5894
5913
5997
6019
6060
6108
6109
6115
6117
6118
6161
6203
6215
6234
6251
6258
6259
6298
6307
6315
6318
6368
6369
6374
6379
6399
6412
6433
6464
6478
6484
6495
6502
6522
6542
6546
6551
6588
6620
6628
6634
6697
6734
6738
6740
6750
6752
6756
6760
6791
6792
6796
6812
6814
6934
6949
6971
6972
6978
7050
7062
7099
7137
7219
7227
7241
7261
7268
7294
7305
7398
7411
7457
7462
7463
7465
7468
7471
7472
7475
7476
7480
7486
7488
7490
7491
7493
7497
7498
7501
7505
7506
7522
7529
7564
7570
7573
7574
7615
7624
7629
7676
7685
7714
7721
7900
7921
7959
7983
8007
8008
8057
8060
8075
8161
8171
8200
8228
8276
8296
8327
8329
8343
8375
8397
8444
8453
8461
8505
8521
8554
8619
8627
8653
8654
8655
8709
8760
8825
8884
8891
8908
8941
8976
9013
9081
9093
9096
9123
9125
9127
9128
9179
9181
9196
9198
9205
9217
9251
9319
9328
9371
9376
9398
9406
9407
9420
9466
9503
9535
9563
9579
9581
9584
9586
9652
9660
9674
9689
9696
9736
9785
9792
9800
9802
9836
9852
9855
9893
9951
9962
9963
9975
9977
9979
9980
10010
10054
10093
10097
10122
10159
10208
10288
10308
10322
10422
10429
10437
10445
10481
10563
10602
10607
10610
10611
10619
10636
10665
10761
10898
10989
11123
11125
11141
11178
11295
11315
11376
11377
11392
11430
11433
11435
11508
11557
11579
11585
11590
11603
11616
11679
11707
11846
11865
11929
11983
12054
12056
12059
12076
12098
12168
12292
12293
12313
12322
12355
12402
12429
12597
12610
12651
12720
12759
12767
12783
12800
12864
12904
12992
13025
13106
13116
13275
13278
13299
13369
13521
13522
13551
13581
13584
13585
13587
13595
13597
13600
13607
13625
13683
13708
13814
13817
13825
13838
13841
13955
14095
14145
14147
14210
14265
14293
14356
14358
14359
14360
14419
14531
14617
14619
14642
14644
14650
14652
14656
14657
14658
14661
14665
14669
14671
14675
14680
14687
14691
14692
14744
14755
14759
14785
14828
14849
14900
14995
15088
15133
15136
15362
15391
