0
9
21
56
58
61
66
97
105
117
120
144
146
150
153
177
179
180
184
204
213
215
216
233
243
263
265
276
280
295
310
312
325
329
343
355
372
376
377
390
404
419
431
445
459
463
464
490
491
505
515
522
536
538
550
566
571
572
582
595
606
614
624
641
642
655
670
699
716
742
759
777
796
801
804
835
838
841
848
851
897
902
913
980
986
990
1002
1034
1042
1043
1061
1068
1103
1113
1120
1125
1144
1178
1203
1205
1231
1250
1282
1297
1303
1328
1337
1352
1359
1399
1425
1427
1478
1520
1528
1533
1538
1555
1560
1564
1567
1572
1593
1595
1596
1598
1601
1623
1626
1631
1653
1655
1656
1659
1661
1662
1664
1667
1668
1672
1684
1688
1690
1692
1693
1698
1776
1780
1807
1815
1816
1837
1867
1883
1900
1907
1908
1916
1935
1937
1981
1987
1997
2009
2059
2080
2092
2097
2100
2131
2153
2167
2169
2173
2175
2191
2197
2240
2262
2269
2279
2286
2291
2306
2329
2341
2353
2379
2380
2408
2445
2456
2462
2468
2477
2490
2495
2500
2501
2512
2516
2537
2551
2558
2610
2620
2628
2630
2632
2641
2644
2680
2684
2699
2726
2735
2737
2750
2775
2778
2791
2821
2822
2827
2848
2859
2873
2876
2880
2892
2895
2897
2923
2925
2952
2970
2978
2983
2984
3008
3010
3047
3061
3069
3079
3084
3094
3103
3109
3118
3131
3136
3150
3171
3188
3208
3210
3255
3275
3278
3288
3289
3308
3315
3351
3375
3413
3421
3437
3445
3465
3467
3496
3507
3523
3527
3536
3542
3544
3558
3576
3591
3610
3622
3623
3624
3626
3633
3634
3638
3650
3652
3724
3725
3748
3763
3774
3783
3801
3805
3814
3822
3833
3839
3848
3853
3868
3876
3886
3921
3934
3938
3948
3962
3970
3973
3978
3982
3990
3992
4000
4018
4024
4038
4040
4041
4048
4049
4066
4083
4085
4087
4089
4091
4092
4093
4095
4096
4104
4130
4141
4142
4148
4158
4173
4238
4241
4266
4272
4312
4318
4329
4348
4353
4355
4386
4398
4404
4415
4430
4442
4452
4455
4493
4520
4521
4533
4554
4569
4576
4614
4619
4636
4644
4647
4650
4666
4680
4685
4689
4690
4708
4718
4760
4766
4767
4777
4793
4805
4816
4847
4863
4868
4883
4887
4913
4924
4946
4960
4966
4986
4993
4998
5017
5034
5042
5050
5068
5076
5082
5085
5093
5107
5108
5109
5127
5209
5222
5244
5249
5266
5274
5290
5333
5350
5368
5375
5386
5394
5410
5412
5434
5445
5446
5466
5491
5498
5499
5500
5508
5527
5535
5549
5568
5571
5593
5629
5640
5645
5660
5680
5682
5686
5696
5705
5719
5746
5776
5811
5819
5827
5855
5858
5910
5973
5998
6027
6032
6050
6089
6110
6112
6126
6174
6186
6193
6214
6243
6259
6262
6270
6289
6337
6368
6388
6390
6392
6402
6433
6455
6474
6482
6504
6530
6544
6551
6568
6589
6617
6643
6644
6655
6660
6664
6669
6701
6721
6725
6774
6800
6812
6820
6831
6862
6890
6891
6910
6945
6958
6994
7005
7009
7018
7023
7028
7029
7058
7063
7067
7095
7121
7136
7160
7186
7204
7217
7220
7231
7246
7257
7270
7302
7303
7314
7344
7406
7428
7431
7451
7465
7495
7504
7513
7525
7545
7574
7581
7593
7621
7640
7642
7670
7672
7676
7683
7686
7687
7697
7714
7728
7768
7794
7795
7808
7875
7878
7884
7887
7895
7896
7907
7926
7950
7981
8074
8085
8086
8091
8093
8117
8119
8120
8130
8135
8149
8153
8168
8212
8230
8231
8252
8305
8310
8325
8336
8361
8368
8387
8396
8458
8466
8480
8489
8511
8540
8548
8604
8621
8640
8650
8669
8677
8729
8820
8840
8859
8900
8905
8907
8918
9019
9026
9064
9075
9092
9100
9113
9134
9169
9172
9215
9265
9353
9355
9390
9400
9405
9406
9442
9475
9486
9493
9509
9511
9517
9529
9542
9570
9587
9594
9602
9658
9666
9697
9704
9712
9737
9773
9775
9788
9806
9839
9847
9848
9858
9859
9885
9933
9936
9940
10018
10028
10038
10085
10141
10160
10246
10263
10279
10303
10317
10331
10379
10399
10421
10436
10438
10452
10506
10516
10525
10533
10555
10590
10593
10618
10620
10629
10657
10708
10744
10768
10857
10883
10915
10926
11026
11030
11033
11075
11087
11233
11295
11312
11361
11500
11540
11695
11734
11794
