0 30
1 30
0 17
2 30
2 8
3 30
0 23
2 17
2 41
0 44
1 17
2 36
3 36
3 17
1 44
1 23
0 36
2 14
3 8
2 44
0 25
1 36
3 44
0 41
2 25
1 25
0 45
2 11
0 11
1 45
1 41
0 14
1 11
1 14
0 9
2 45
2 23
0 2
2 7
2 49
0 8
0 49
1 9
1 2
2 2
3 23
0 1
3 2
3 25
1 1
1 8
0 7
1 49
0 46
1 7
3 41
2 21
1 46
0 19
2 4
1 19
0 4
0 43
0 21
2 6
2 39
0 0
1 21
0 40
2 18
3 11
2 38
2 0
0 38
2 34
3 38
3 7
3 45
2 1
0 29
1 40
1 38
2 9
2 40
1 4
1 29
0 34
1 0
1 43
2 27
3 49
2 29
3 14
1 34
0 18
3 29
3 6
0 3
1 18
3 1
3 0
1 3
0 39
0 37
3 21
2 43
3 9
0 42
1 39
2 35
3 40
2 42
3 34
1 37
1 42
0 6
2 24
1 6
0 24
2 46
3 43
2 13
1 24
0 15
2 37
0 48
1 48
0 35
3 13
2 31
2 19
1 35
0 16
1 15
3 19
0 13
2 28
3 24
2 10
0 12
2 16
3 18
1 12
0 28
3 46
0 5
1 28
0 31
2 22
3 22
1 31
0 47
1 13
3 4
2 12
1 47
0 33
1 5
1 16
3 12
2 33
3 31
2 3
2 47
1 33
0 26
1 26
0 22
3 37
2 15
0 27
1 22
0 32
1 27
3 16
3 47
1 32
0 20
1 20
0 10
1 10
3 3
3 35
3 28
3 39
2 32
2 5
2 48
3 48
3 15
2 26
3 42
2 20
3 5
3 20
3 27
3 26
3 33
3 32
3 10

Score: 161.94000000000003