0
0
2
3
4
6
10
13
14
33
55
59
60
61
90
93
99
102
104
105
107
112
119
122
123
127
157
175
203
213
217
218
220
221
222
226
246
250
252
270
288
310
313
323
332
369
393
413
427
470
494
508
520
531
533
536
539
542
543
565
571
573
574
597
601
633
662
683
707
711
758
759
760
762
766
769
772
775
797
814
822
824
829
833
834
837
838
844
847
849
857
869
895
924
928
929
931
932
943
963
965
976
979
980
983
996
998
999
1016
1035
1037
1038
1039
1041
1042
1045
1048
1051
1052
1053
1054
1065
1066
1070
1072
1073
1074
1075
1076
1080
1119
1131
1146
1163
1164
1234
1244
1289
1349
1359
1373
1408
1429
1476
1483
1486
1497
1510
1521
1523
1580
1581
1622
1623
1624
1627
1629
1631
1632
1635
1638
1640
1642
1644
1646
1647
1649
1665
1684
1686
1687
1691
1697
1699
1703
1704
1705
1708
1709
1710
1721
1722
1725
1730
1731
1735
1739
1740
1742
1749
1762
1779
1788
1802
1822
1858
1870
1887
1892
1944
1958
1970
1972
1974
2064
2100
2101
2104
2105
2106
2123
2143
2145
2147
2149
2154
2163
2233
2254
2259
2260
2262
2263
2301
2302
2334
2337
2352
2354
2375
2394
2402
2419
2435
2443
2448
2450
2452
2454
2472
2478
2502
2506
2549
2553
2564
2566
2567
2588
2598
2610
2612
2614
2616
2620
2622
2624
2656
2679
2737
2741
2749
2750
2759
2784
2814
2852
2853
2854
2860
2862
2863
2865
2868
2870
2876
2878
2880
2885
2891
2908
2910
2918
2922
2937
2960
2963
2964
2986
2989
2990
2995
2997
2999
3001
3003
3005
3009
3011
3013
3018
3022
3025
3027
3029
3030
3032
3034
3035
3039
3043
3047
3051
3053
3055
3056
3058
3061
3069
3075
3079
3083
3099
3158
3160
3162
3169
3172
3175
3179
3188
3191
3193
3201
3203
3246
3247
3248
3249
3250
3251
3355
3377
3380
3404
3418
3490
3509
3512
3519
3521
3523
3539
3546
3548
3550
3551
3552
3555
3556
3557
3579
3582
3632
3637
3646
3691
3741
3760
3779
3793
3806
3830
3836
3866
3886
3916
3928
3976
3998
4061
4075
4079
4090
4099
4145
4146
4183
4196
4229
4232
4253
4277
4297
4315
4322
4323
4356
4404
4407
4410
4411
4414
4425
4475
4496
4531
4546
4547
4549
4550
4552
4553
4554
4559
4593
4628
4630
4743
4747
4751
4752
4753
4754
4755
4756
4758
4773
4775
4778
4779
4780
4788
4789
4790
4795
4800
4811
4845
4861
4867
4878
4894
4896
4909
4991
5016
5137
5163
5170
5171
5215
5221
5266
5349
5361
5367
5377
5416
5423
5449
5492
5511
5552
5576
5652
5653
5669
5671
5706
5712
5725
5740
5746
5747
5748
5752
5755
5756
5759
5767
5768
5770
5771
5776
5781
5785
5787
5789
5792
5795
5798
5800
5806
5811
5813
5816
5818
5819
5822
5823
5824
5826
5830
5835
5838
5840
5919
5986
5993
6018
6020
6023
6025
6027
6029
6031
6033
6037
6039
6041
6042
6043
6046
6063
6076
6084
6089
6104
6132
6133
6135
6187
6220
6232
6285
6303
6316
6324
6325
6367
6368
6371
6375
6384
6385
6457
6461
6464
6466
6468
6498
6510
6513
6519
6549
6614
6619
6623
6625
6626
6627
6628
6665
6667
6686
6689
6706
6708
6712
6716
6725
6744
6763
6816
6831
6843
6863
6901
6903
6962
6972
6980
6984
6987
6988
6991
6994
6995
6996
6998
7002
7007
7008
7012
7015
7019
7021
7022
7040
7055
7117
7143
7146
7208
7209
7288
7291
7293
7294
7298
7302
7306
7307
7328
7348
7349
7351
7352
7403
7449
7466
7487
7489
7490
7512
7590
7593
7616
7619
7626
7630
7648
7658
7752
7756
7762
7785
7808
7824
7837
7860
7862
7866
7870
7871
7873
7878
7879
7881
7883
7885
7889
7891
7895
7897
7948
7958
7980
7984
7985
7988
8087
8150
8151
8190
8246
8260
8276
8346
8369
8388
8399
8402
8405
8411
8413
8416
8417
8421
8422
8425
8428
8429
8436
8438
8442
8444
8446
8447
8449
8451
8452
8456
8459
8460
8463
8465
8466
8468
8478
8500
8507
8513
8514
8580
8596
8601
8604
8607
8609
8611
8639
8659
8667
8704
8784
8856
8874
8970
9021
9025
9072
9108
9135
9162
9263
9272
9276
9279
9280
9286
9288
9290
9295
9297
9298
9302
9304
9321
9325
9326
9335
9342
9356
9362
9391
9400
9436
9484
9492
9507
9509
9515
9516
9519
9530
9537
9560
9563
9568
9589
9591
9595
9596
9599
9603
9604
9607
9610
9612
9620
9622
9623
9666
9676
9677
9680
9708
9709
9711
9716
9722
9738
9743
9751
9752
9757
9760
9761
9845
9846
9876
9878
9902
9903
9930
9969
10019
10021
10051
10072
10082
10157
10167
10172
10173
10175
10192
10305
10334
10337
10347
10362
10522
10605
10633
10674
10677
10735
10750
10844
10864
10908
10910
10913
10935
10951
11122
11123
11124
11151
11190
11192
11258
11277
11297
11308
11350
11388
11390
11404
11453
11494
11506
11521
11530
11605
11629
11630
11636
11640
11644
11810
11868
11910
12016
12056
12069
12072
12076
12078
12081
12119
12133
12138
12162
12198
12205
12273
12304
12336
12340
12368
12408
12423
12439
12445
12547
12703
12728
12862
12892
12895
12899
12907
12909
12910
12973
12979
13005
13016
13039
13057
13075
13093
13095
13097
13102
13105
13106
13110
13111
13114
13159
13168
13276
13322
13396
13429
13512
13548
13642
13785
13786
13819
13838
13845
13852
13858
13888
13983
14020
14064
14092
14183
14196
14201
14253
14422
14485
14528
14529
14532
14534
14537
14542
14546
14549
14551
14553
14626
14635
14671
14753
14777
14792
14823
14831
14940
14999
15011
15014
15021
15040
15096
15131
15156
15167
15180
15182
15209
15220
15240
15242
15272
15316
15364
15384
15393
15415
15419
15473
15494
15539
15551
15563
15623
15627
15632
15634
15636
15637
15640
15652
15664
15666
15671
15674
15675
15680
15686
15691
15693
15695
15735
15785
15787
15788
15791
15793
15795
15796
15797
15798
15801
15807
15808
15880
15884
15917
15928
16048
16212
16310
16323
16362
16432
16537
16586
16603
16612
16614
16702
16740
16759
16775
16828
16833
16916
16945
16983
17017
17019
17020
17023
17085
17251
17346
17389
17419
17736
17743
17745
17746
17750
17751
17760
17769
17811
17847
17909
18113
18116
18123
18261
18363
18486
18667
18785
18827
18849
18887
19046
19103
19141
19196
