0
0
4
6
8
10
13
16
17
18
19
21
23
24
26
37
40
53
66
67
78
81
93
95
97
100
102
105
110
112
113
118
120
121
125
131
132
134
135
137
138
140
142
145
148
149
150
151
157
158
159
162
168
171
174
175
177
179
192
198
201
205
207
208
211
214
216
217
236
270
271
290
292
295
315
334
342
343
346
349
350
355
362
393
415
417
426
456
457
458
493
504
505
507
508
511
513
516
517
522
523
528
531
534
536
539
541
542
550
571
581
588
589
594
595
596
599
602
604
605
607
608
609
612
622
645
647
648
651
657
661
664
665
668
671
674
676
677
678
681
684
686
688
689
690
693
713
742
744
753
754
776
796
799
803
806
807
841
843
844
846
851
855
856
860
863
866
871
872
874
875
880
881
882
904
907
941
946
961
975
980
991
1008
1010
1011
1017
1018
1026
1029
1035
1036
1045
1060
1067
1070
1072
1078
1079
1082
1084
1088
1091
1095
1097
1101
1102
1104
1106
1108
1109
1111
1112
1114
1122
1123
1124
1128
1133
1137
1141
1147
1148
1149
1160
1163
1166
1170
1177
1178
1180
1197
1198
1208
1210
1219
1239
1254
1255
1257
1260
1261
1270
1272
1291
1294
1300
1306
1307
1310
1311
1313
1375
1378
1387
1390
1392
1393
1411
1413
1430
1438
1457
1458
1468
1474
1477
1478
1484
1485
1486
1490
1495
1497
1502
1505
1507
1509
1517
1534
1538
1553
1554
1572
1578
1581
1589
1591
1605
1609
1615
1616
1619
1622
1624
1628
1630
1635
1639
1641
1646
1647
1649
1650
1651
1653
1654
1656
1658
1659
1661
1662
1663
1669
1670
1671
1672
1677
1678
1681
1685
1687
1693
1696
1702
1704
1706
1707
1709
1711
1712
1715
1716
1721
1724
1730
1733
1735
1738
1745
1751
1752
1756
1790
1793
1794
1799
1810
1812
1813
1817
1820
1831
1873
1886
1896
1911
1955
1964
1967
1980
2005
2006
2007
2024
2031
2049
2070
2073
2075
2082
2084
2088
2090
2092
2095
2096
2100
2101
2105
2107
2110
2111
2113
2116
2118
2119
2122
2125
2128
2131
2132
2135
2137
2141
2148
2149
2151
2153
2155
2157
2158
2161
2163
2165
2167
2169
2171
2172
2176
2178
2179
2180
2183
2184
2186
2187
2191
2194
2195
2196
2199
2200
2203
2205
2208
2209
2212
2215
2218
2220
2224
2255
2257
2262
2266
2269
2270
2274
2279
2283
2306
2320
2328
2346
2349
2356
2386
2390
2395
2397
2400
2404
2406
2407
2411
2414
2419
2426
2427
2430
2431
2433
2452
2459
2471
2472
2473
2477
2483
2503
2531
2534
2547
2589
2640
2662
2664
2670
2678
2699
2715
2730
2731
2733
2738
2739
2740
2742
2745
2746
2748
2749
2751
2756
2759
2760
2761
2768
2772
2788
2792
2801
2802
2803
2807
2809
2812
2814
2815
2818
2820
2822
2823
2826
2828
2831
2833
2835
2837
2839
2842
2849
2865
2867
2900
2916
2939
2951
2976
2997
3003
3007
3015
3037
3056
3059
3089
3095
3106
3113
3129
3134
3136
3139
3142
3144
3161
3162
3171
3186
3193
3207
3211
3227
3256
3259
3266
3281
3282
3289
3294
3296
3300
3308
3319
3321
3325
3350
3358
3365
3383
3386
3387
3391
3406
3437
3447
3455
3460
3469
3509
3512
3514
3519
3533
3537
3538
3550
3551
3555
3573
3582
3583
3587
3608
3615
3625
3639
3651
3662
3663
3682
3685
3690
3693
3694
3695
3729
3732
3736
3738
3741
3745
3748
3765
3789
3794
3810
3823
3824
3826
3827
3830
3831
3833
3835
3836
3839
3841
3843
3871
3876
3881
3884
3888
3890
3895
3896
3898
3909
3921
3924
3931
3938
3955
3959
3961
3962
3966
3980
3985
4003
4035
4045
4046
4048
4052
4053
4056
4060
4074
4106
4109
4111
4112
4134
4141
4145
4147
4150
4154
4159
4161
4162
4170
4175
4178
4181
4183
4186
4191
4193
4194
4195
4196
4199
4200
4202
4203
4204
4206
4234
4236
4238
4245
4247
4254
4257
4259
4269
4277
4327
4342
4343
4364
4374
4389
4390
4391
4400
4464
4510
4526
4549
4567
4572
4574
4575
4578
4580
4581
4593
4595
4603
4606
4609
4615
4617
4618
4640
4658
4680
4683
4687
4716
4737
4756
4764
4779
4783
4786
4787
4794
4811
4816
4818
4819
4825
4832
4833
4840
4844
4853
4858
4865
4867
4868
4869
4870
4871
4876
4913
4915
4973
4975
4981
4992
5001
5006
5012
5020
5027
5031
5038
5049
5062
5091
5101
5135
5140
5156
5172
5178
5179
5210
5213
5216
5227
5233
5238
5239
5242
5243
5248
5260
5277
5297
5306
5310
5311
5313
5315
5318
5322
5324
5325
5327
5329
5330
5331
5334
5335
5339
5341
5343
5344
5348
5353
5365
5376
5384
5392
5395
5400
5403
5404
5413
5475
5478
5496
5517
5523
5534
5574
5580
5636
5644
5660
5692
5699
5727
5731
5743
5749
5814
5818
5825
5836
5837
5852
5868
5876
5897
5910
5922
5961
5964
5968
5970
5975
5979
5986
5993
6010
6026
6030
6034
6048
6069
6077
6089
6098
6121
6125
6129
6137
6139
6143
6144
6172
6184
6192
6210
6231
6285
6292
6301
6314
6327
6343
6345
6361
6376
6400
6406
6446
6466
6476
6497
6590
6610
6633
6650
6659
6707
6738
6749
6755
6766
6773
6788
6810
6813
6815
6817
6818
6842
6876
6882
6887
6889
6892
6893
6896
6898
6900
6904
6905
6906
6909
6912
6913
6916
6918
6920
6924
6925
6926
6927
6931
6933
6937
6940
6942
6943
6947
6980
7002
7038
7049
7050
7053
7054
7055
7056
7059
7060
7061
7072
7085
7102
7103
7121
7148
7160
7186
7190
7195
7201
7235
7237
7243
7251
7256
7258
7301
7329
7351
7352
7354
7356
7358
7360
7399
7401
7402
7403
7444
7501
7506
7508
7514
7526
7532
7548
7635
7654
7764
7766
7767
7768
7769
7772
7773
7775
7776
7779
7781
7782
7785
7800
7801
7805
7806
7813
7815
7819
7820
7824
7825
7827
7828
7837
7842
7860
7862
7869
7896
7906
7938
7940
7941
7997
7998
8007
8014
8042
8057
8087
8089
8091
8092
8095
8104
8113
8127
8131
8169
8170
8171
8177
8179
8210
8249
8250
8271
8277
8373
8376
8377
8378
8382
8383
8384
8416
8464
8473
8490
8491
8500
8502
8563
8577
8583
8607
8610
8614
8617
8619
8621
8625
8627
8633
8638
8640
8641
8642
8644
8645
8677
8706
8751
8754
8756
8757
8760
8774
8798
8807
8866
8892
8895
8897
8899
8900
8940
8958
8982
9068
9078
9120
9122
9124
9131
9137
9174
9183
9185
9186
9204
9206
9209
9247
9248
9251
9257
9260
9262
9265
9277
9335
9342
9343
9370
9384
9417
9440
9464
9470
9514
9516
9519
9566
9576
9578
9597
9606
9610
9616
9624
9627
9636
9656
9658
9659
9661
9662
9663
9664
9677
9679
9683
9698
9703
9746
9749
9761
9765
9767
9806
9820
9827
9866
9874
9897
9899
9918
9952
10017
10066
10090
10148
10186
10191
10200
10201
10213
10228
10253
10256
10260
10290
10293
10294
10308
10313
10320
10330
10333
10386
10404
10451
10452
10453
10459
10462
10467
10470
10478
10489
10497
10499
10502
10517
10531
10533
10534
10544
10563
10564
10565
10566
10567
10568
10574
10578
10581
10582
10602
10621
10673
10712
10727
10749
10766
10772
10819
10820
10821
10827
10881
10911
10917
10921
10922
10950
10965
10976
11002
11028
11099
11135
11137
11140
11166
11176
11185
11187
11190
11192
11203
11251
11253
11291
11310
11329
11337
11373
11374
11376
11381
11383
11403
11404
11405
11408
11412
11444
11461
11466
11501
11520
11524
11549
11557
11559
11570
11609
11643
11648
11666
11679
11698
11699
11722
11810
11813
11820
11840
11841
11853
11862
11863
11867
11877
11925
11953
11967
11970
11976
12010
12013
12014
12033
12064
12083
12089
12093
12099
12106
12131
12138
12169
12171
12173
12187
12215
12228
12246
12286
12338
12398
12404
12406
12460
12475
12513
12530
12535
12598
12618
12658
12659
12660
12662
12664
12715
12729
12749
12769
12776
12787
12789
12792
12794
12796
12801
12802
12803
12806
12810
12813
12816
12818
12821
12824
12826
12832
12839
12844
12846
12848
12910
12941
12947
12992
13086
13093
13107
13122
13159
13184
13222
13278
13282
13321
13346
13393
13550
13582
13599
13652
13653
13654
13655
13657
13663
13667
13670
13675
13676
13677
13680
13683
13691
13693
13694
13696
13702
13707
13710
13726
13755
13761
13767
13797
13803
13809
13815
13834
13861
13862
13867
13917
13925
13950
13979
13989
14010
14011
14046
14047
14074
14092
14148
14167
14170
14171
14176
14181
14225
14227
14247
14258
14284
14285
14288
14334
14335
14404
14503
14525
14538
14565
14566
14608
14612
14614
14626
14666
14723
14752
14765
14784
14829
14832
14834
14838
14845
14846
14847
14852
14854
14855
14858
14859
14919
14962
15002
15042
15051
15081
15097
15122
15126
15127
15128
15132
15133
15134
15151
15192
15196
15266
15323
15325
15326
15384
15406
15435
15477
15482
15484
15490
15491
15500
15504
15522
15530
15548
15623
15632
15711
15739
15768
15800
15820
15821
15840
15844
15847
15872
15894
15933
15949
15975
15983
16011
16044
16159
16162
16168
16234
16235
16260
16422
16423
16444
16478
16544
16556
16568
16634
16645
16699
16701
16718
16749
16952
17009
17015
17066
17068
17075
17095
17126
17137
17192
17195
17340
17365
17416
17438
17475
17478
17488
17528
17645
17650
17679
17683
17750
17758
17761
17774
17780
17782
17784
17787
17794
17800
17804
17808
17813
17818
17823
17835
17837
17842
17854
17859
17863
17865
17870
17872
17875
17879
17963
18090
18103
18140
18174
18218
18220
18221
18227
18231
18268
18307
18310
18344
18426
18584
18656
18699
18715
18812
18841
18929
19000
19001
19003
19008
19137
19176
19195
19232
19234
19334
19360
19368
19442
19449
19471
19537
19566
19643
19670
19687
19756
19783
19795
19860
19883
20059
20126
20222
20295
20352
20381
20436
20612
20645
20653
20681
20712
20745
20837
20845
20970
21074
21094
21170
21176
21238
21284
21522
