0
186
188
198
268
310
312
327
346
349
356
357
359
360
362
365
368
383
424
479
480
481
485
488
511
512
515
518
519
531
534
536
541
544
549
551
553
556
557
561
564
568
569
571
575
631
634
635
636
640
646
649
652
653
655
657
660
661
664
668
669
670
673
674
677
678
680
681
714
715
718
721
725
726
728
731
734
736
738
739
744
746
747
749
756
764
766
770
771
781
783
784
785
789
791
793
794
796
797
798
800
802
803
804
854
856
859
861
863
865
869
871
932
933
935
937
956
970
977
980
982
984
986
988
990
991
994
995
996
998
999
1000
1002
1003
1006
1008
1012
1016
1017
1018
1019
1056
1058
1059
1060
1061
1076
1081
1083
1084
1085
1109
1117
1120
1164
1191
1195
1196
1201
1210
1320
1336
1346
1347
1349
1351
1354
1360
1367
1370
1372
1374
1376
1377
1381
1382
1383
1386
1387
1389
1393
1398
1400
1401
1417
1426
1484
1493
1528
1538
1578
1613
1622
1636
1654
1660
1662
1664
1665
1668
1670
1675
1693
1694
1704
1709
1794
1805
1859
1861
1862
1865
1866
1867
1899
2014
2017
2020
2021
2023
2025
2028
2031
2033
2036
2037
2077
2115
2156
2183
2192
2210
2215
2218
2219
2222
2224
2225
2227
2230
2332
2369
2378
2379
2380
2387
2392
2394
2395
2414
2420
2423
2424
2425
2434
2455
2478
2488
2493
2496
2502
2510
2511
2514
2519
2524
2533
2535
2540
2548
2550
2552
2553
2559
2563
2566
2570
2579
2580
