0 23
0 46
0 49
0 9
1 23
1 9
1 46
0 22
1 22
0 2
1 49
2 46
0 27
1 2
2 23
0 24
1 27
0 43
2 35
1 24
0 35
0 13
0 26
2 22
0 5
0 42
1 35
0 20
1 43
0 33
2 9
2 33
1 33
0 8
1 20
2 8
2 2
0 29
2 49
1 29
0 41
1 8
0 16
0 48
1 16
0 40
2 16
2 3
1 42
0 17
1 5
1 40
1 48
0 36
0 3
1 41
1 17
0 25
2 43
2 5
0 11
2 1
2 40
0 1
1 11
0 21
2 21
1 26
2 20
2 24
2 37
1 21
1 1
0 0
0 18
1 25
2 17
0 37
1 36
2 0
1 18
1 0
0 32
2 11
1 37
0 30
2 41
0 34
1 32
1 3
1 30
0 10
2 48
2 10
1 10
0 44
0 6
2 32
2 45
0 4
1 6
1 44
0 45
1 13
0 28
1 34
0 15
2 25
2 44
2 27
2 29
2 36
0 38
0 12
1 4
1 45
1 15
2 14
2 42
2 39
2 30
2 18
1 28
0 19
2 38
0 31
1 19
1 12
1 38
2 13
1 31
0 39
0 47
1 39
2 6
0 14
1 47
1 14
0 7
1 7
2 19
2 15
2 28
2 47
2 34
2 26
2 4
2 12
2 31
2 7

Score: 2307.929115402986