0
120
125
146
172
194
196
206
219
236
252
262
286
300
309
322
344
351
361
370
422
429
439
478
481
495
499
548
567
572
591
592
614
646
651
655
658
663
669
674
713
725
733
737
745
758
770
771
773
784
786
802
806
823
827
845
862
881
882
891
899
900
902
918
940
959
975
1015
1021
1028
1032
1037
1043
1066
1070
1072
1079
1105
1107
1112
1126
1166
1176
1178
1183
1188
1202
1243
1253
1266
1279
1285
1288
1299
1331
1341
1349
1395
1409
1412
1415
1417
1436
1443
1445
1460
1461
1462
1474
1485
1493
1500
1512
1515
1519
1547
1580
1599
1604
1615
1620
1625
1642
1647
1669
1671
1672
1700
1719
1722
1744
1756
1757
1758
1784
1820
1851
1855
1865
1880
1887
1896
1922
1977
1980
1991
2002
2006
2009
2023
2036
2055
2071
2079
2094
2119
2126
2136
2150
2164
2167
2178
2185
2209
2231
2241
2254
2267
2273
2286
2332
2367
2375
2381
2419
2443
2467
2485
2491
2493
2502
2523
2534
2552
2554
2564
2566
2576
2588
2597
2618
2642
2661
2666
2668
2675
2677
2710
2711
2727
2762
2780
2788
2793
2801
2814
2822
2824
2840
2845
2854
2879
2929
2941
2959
2974
2999
3020
3026
3062
3076
3120
3145
3158
3163
3175
3178
3181
3207
3214
3261
3263
3275
3279
3281
3326
3336
3339
3359
3371
3372
3396
3399
3419
3429
3432
3451
3464
3467
3474
3485
3536
3574
3618
3625
3654
3678
3682
3705
3713
3720
3798
3801
3812
3813
3847
3892
3897
3905
3936
3948
3965
3967
3972
3984
4006
4010
4077
4085
4156
4158
4185
4191
4220
4237
4257
4315
4338
4345
4379
4383
4404
4421
4448
4453
4463
4467
4521
4553
4560
4578
4585
4620
4641
4777
4798
4811
4831
4850
4856
4857
4868
4893
4939
4942
4957
4961
4985
4986
5073
5074
5087
5092
5125
5128
5147
5149
5183
5186
5194
5220
5226
5239
5266
5290
5319
5336
5367
5413
5440
5458
5473
5499
5506
5520
5560
5569
5602
5611
5616
5706
5759
5843
5886
5888
5897
5907
5913
5931
5991
5993
6025
6033
6057
6063
6069
6070
6072
6120
6132
6241
6262
6263
6368
6396
6430
6433
6513
6520
6527
6554
6582
6598
6615
6648
6676
6700
6706
6744
6785
6814
6838
6850
6870
6915
6930
6963
6993
7024
7036
7073
7119
7213
7216
7239
7311
7312
7322
7344
7374
7414
7425
7544
7549
7575
7586
7631
7632
7640
7688
7734
7807
7852
7862
7901
7919
7921
7994
8043
8064
8100
8130
8198
8213
8240
8259
8295
8317
8329
8393
8461
8502
8559
8637
8717
8766
8874
8964
8995
9092
9093
9146
9155
9207
9278
9321
9356
9375
9442
9469
9491
9563
9573
9594
