0
1
2
15
20
23
24
27
37
38
40
44
45
48
49
50
53
54
57
58
65
66
67
70
71
73
77
81
84
85
90
92
96
97
99
101
102
104
105
107
111
113
116
117
118
120
122
123
125
127
129
152
153
155
156
165
176
177
181
182
183
184
187
188
193
195
198
201
202
205
206
208
210
211
214
216
218
223
226
229
230
231
233
235
237
242
244
248
249
257
260
263
265
268
273
274
276
278
280
284
286
289
293
298
302
303
309
313
318
321
326
327
328
329
331
334
338
341
344
350
354
355
357
359
362
364
366
368
372
374
377
378
380
381
382
386
389
391
392
393
397
400
401
402
404
405
409
415
418
421
422
424
426
428
430
431
433
437
438
440
448
455
459
460
462
464
469
471
476
482
483
491
500
504
510
516
520
527
529
534
537
538
540
543
545
550
552
558
561
562
563
567
568
571
576
577
583
584
585
586
587
589
591
592
594
602
604
606
617
654
656
657
660
661
663
679
680
682
683
685
687
690
692
696
699
703
704
705
707
708
713
714
717
718
720
721
724
729
730
733
735
737
741
744
746
748
751
755
756
757
758
760
763
765
767
769
772
774
775
776
778
781
782
783
786
789
793
794
796
798
799
800
802
804
806
807
809
813
814
817
818
820
821
823
825
829
832
835
836
837
839
840
842
845
847
848
854
856
857
860
866
870
871
876
878
879
882
885
887
888
889
891
893
895
900
907
926
929
930
932
934
935
937
941
943
948
952
955
963
964
966
970
973
978
988
994
995
999
1004
1005
1008
1014
1016
1020
1021
1024
1038
1039
1049
1052
1054
1065
1067
1068
1070
1071
1084
1150
1152
1154
1157
1158
1159
1161
1163
1171
1173
1176
1180
1182
1184
1187
1188
1190
1191
1193
1203
1206
1208
1210
1213
1216
1218
1220
1222
1224
1226
1228
1229
1230
1233
1235
1238
1242
1244
1247
1248
1251
1252
1253
1254
1255
1257
1258
1260
1261
1262
1264
1269
1271
1272
1273
1274
1276
1278
1282
1283
1285
1286
1287
1291
1294
1302
1304
1305
1306
1309
1312
1314
1317
1318
1319
1320
1321
1324
1325
1328
1330
1331
1333
1334
1335
1341
1343
1346
1351
1355
1356
1358
1362
1364
1371
1376
1377
1379
1382
1383
1384
1386
1387
1391
1393
1401
1406
1411
1412
1413
1415
1417
1418
1421
1424
1425
1428
1434
1435
1438
1440
1452
1454
1455
1457
1461
1463
1465
1468
1473
1480
1484
1490
1494
1497
1499
1502
1504
1506
1509
1512
1513
1514
1516
1518
1520
1523
1526
1527
1529
1533
1542
1544
1554
1556
1557
1564
1566
1573
1574
1575
1578
1581
1589
1591
1592
1594
1598
1601
1603
1605
1607
1614
1619
1625
1637
1642
1645
1651
1652
1658
1667
1668
1674
1718
1744
1748
1749
1750
1752
1754
1756
1760
1762
1763
1794
1865
1869
1877
1900
1902
1903
1904
1909
1910
1912
1914
1916
1917
1942
1971
1997
2021
2045
2047
2049
2057
2074
2085
2092
2120
2148
2160
2161
2162
2170
2173
2181
2184
2185
2191
2193
2197
2202
2204
2216
2222
2228
2230
2231
2234
2237
2238
2239
2241
2246
2247
2248
2250
2254
2257
2258
2261
2262
2267
2268
2273
2275
2276
2277
2284
2287
2293
2297
2301
2304
2308
2309
2312
2314
2317
2319
2325
2328
2329
2332
2336
2337
2338
2340
2342
2345
2346
2351
2353
2354
2357
2377
2382
2383
2385
2395
2396
2397
2400
2401
2403
2404
2405
2407
2408
2410
2411
2412
2416
2425
2434
2437
2444
2445
2446
2451
2475
2479
2484
2485
2488
2493
2497
2499
2500
2503
2504
2505
2508
2509
2510
2518
2542
2622
2637
2640
2641
2642
2656
2659
2687
2688
2689
2690
2692
2695
2699
2701
2703
2705
2706
2707
2712
2713
2717
2718
2719
2723
2725
2726
2728
2731
2733
2736
2737
2739
2740
2742
2744
2746
2747
2749
2752
2755
2758
2761
2763
2764
2766
2768
2770
2772
2773
2775
2776
2782
2785
2787
2790
2793
2797
2799
2800
2802
2805
2807
2808
2811
2813
2816
2819
2824
2830
2833
2834
2836
2837
2840
2841
2843
2846
2867
2873
2875
2877
2880
2888
2893
2895
2896
2901
2905
2906
2907
2908
2911
2912
2916
2917
2918
2919
2922
2923
2929
2930
2933
2934
2940
2942
2944
2945
2950
2973
2975
2976
2980
2983
2984
2987
2988
2992
2994
2997
3000
3002
3004
3006
3012
3013
3015
3016
3018
3022
3024
3025
3031
3035
3038
3039
3041
3042
3043
3044
3047
3048
3052
3061
3067
3070
3076
3077
3081
3102
3115
3132
3136
3137
3138
3140
3142
3144
3145
3148
3171
3196
3197
3203
3205
3226
3230
3246
3250
3270
3271
3296
3305
3340
3345
3370
3375
3383
3388
3392
3393
3398
3399
3409
3410
3414
3416
3417
3418
3437
3440
3466
3493
3497
3502
3505
3509
3511
3512
3519
3523
3525
3527
3529
3530
3534
3536
3541
3543
3547
3549
3550
3551
3553
3554
3556
3559
3562
3564
3567
3587
3589
3592
3598
3600
3603
3629
3635
3636
3639
3640
3641
3645
3647
3649
3650
3651
3653
3654
3658
3660
3667
3668
3670
3671
3684
3729
3758
3759
3761
3762
3763
3764
3769
3770
3772
3773
3798
3875
3886
3937
3940
3942
3946
3948
3979
4000
4009
4026
4036
4093
4098
4101
4102
4115
4117
4122
4128
4143
4145
4146
4148
4150
4152
4154
4156
4157
4158
4162
4163
4165
4168
4169
4172
4174
4176
4178
4181
4183
4187
4192
4209
4220
4221
4223
4227
4229
4233
4234
4236
4237
4238
4241
4244
4247
4250
4251
4254
4259
4263
4265
4270
4271
4274
4278
4279
4292
4294
4298
4304
4307
4311
4313
4321
4323
4325
4326
4332
4333
4336
4339
4341
4342
4344
4347
4354
4359
4360
4361
4364
4365
4368
4371
4376
4378
4380
4383
4391
4392
4393
4395
4397
4398
4400
4401
4404
4405
4408
4477
4487
4490
4491
4493
4497
4498
4504
4508
4509
4512
4514
4516
4520
4521
4522
4523
4527
4532
4537
4539
4543
4544
4588
4647
4650
4653
4657
4658
4659
4662
4665
4666
4667
4671
4677
4685
4688
4689
4690
4692
4694
4697
4698
4699
4700
4703
4705
4706
4707
4710
4714
4717
4719
4721
4722
4723
4726
4727
4729
4741
4743
4746
4749
4752
4756
4758
4759
4765
4767
4768
4774
4778
4836
4837
4840
4841
4843
4844
4845
4847
4851
4854
4855
4862
4863
4868
4870
4873
4876
4877
4883
4886
4887
4899
4913
4918
4919
4923
4924
4926
4933
4935
4937
4971
4972
4973
4974
4976
4980
4981
4984
4985
4986
4990
4991
4993
4996
5001
5002
5003
5005
5006
5007
5009
5010
5011
5014
5015
5019
5033
5039
5045
5047
5051
5053
5058
5062
5063
5066
5071
5073
5075
5079
5080
5083
5089
5091
5095
5100
5103
5121
5138
5142
5146
5148
5154
5156
5157
5159
5165
5167
5168
5171
5198
5206
5207
5209
5210
5212
5214
5216
5218
5219
5221
5224
5225
5235
5243
5290
5312
5315
5321
5325
5330
5331
5332
5334
5337
5339
5342
5346
5350
5351
5353
5356
5358
5359
5361
5362
5365
5368
5370
5371
5372
5375
5376
5378
5382
5385
5388
5390
5392
5393
5395
5400
5408
5410
5412
5417
5443
5447
5452
5454
5456
5460
5461
5462
5463
5473
5477
5478
5479
5480
5481
5483
5485
5487
5488
5492
5504
5513
5528
5529
5541
5563
5568
5578
5591
5612
5615
5617
5626
5627
5628
5629
5633
5640
5644
5652
5665
5667
5669
5671
5674
5677
5682
5690
5697
5702
5711
5714
5717
5718
5721
5723
5728
5730
5737
5740
5761
5763
5765
5769
5788
5791
5804
5840
5842
5852
5912
5913
5918
5976
5981
5982
5983
5984
5985
5990
5991
5992
5994
5995
5997
5998
6000
6003
6005
6084
6087
6088
6089
6092
6102
6116
6123
6125
6130
6202
6207
6211
6215
6216
6219
6220
6221
6227
6233
6237
6238
6241
6247
6250
6257
6259
6261
6266
6267
6268
6274
6277
6278
6281
6282
6283
6284
6285
6287
6289
6290
6292
6293
6296
6297
6299
6304
6307
6313
6314
6315
6323
6324
6328
6329
6333
6334
6340
6344
6348
6350
6352
6354
6355
6358
6362
6364
6366
6367
6370
6371
6372
6373
6374
6376
6377
6379
6380
6381
6384
6386
6389
6390
6391
6394
6396
6398
6400
6430
6483
6491
6524
6531
6539
6541
6543
6544
6552
6555
6557
6577
6581
6660
6669
6676
6684
6685
6693
6698
6699
6701
6708
6717
6721
6782
6783
6785
6788
6790
6791
6792
6852
6854
6856
6877
6878
6879
6900
6902
6912
6914
6934
6945
7006
7022
7059
7061
7080
7127
7171
7224
7242
7243
7262
7292
7294
7312
7313
7321
7323
7324
7327
7333
7342
7347
7350
7351
7356
7363
7366
7368
7372
7379
7411
7412
7416
7417
7423
7452
7462
7466
7471
7472
7474
7478
7483
7487
7490
7493
7496
7502
7511
7570
7605
7609
7610
7611
7615
7616
7618
7621
7657
7699
7700
7701
7812
7814
7815
7851
7867
7879
7914
7929
7940
7954
7957
7974
7996
8017
8040
8062
8078
8081
8084
8085
8087
8089
8091
8094
8160
8185
8192
8279
8283
8285
8288
8290
8292
8293
8294
8297
8299
8302
8303
8304
8309
8313
8316
8317
8320
8321
8323
8325
8326
8328
8329
8330
8333
8338
8340
8341
8343
8347
8348
8360
8361
8363
8366
8367
8369
8370
8372
8376
8378
8414
8425
8447
8487
8498
8504
8515
8573
8575
8577
8578
8581
8626
8631
8636
8637
8639
8641
8642
8644
8646
8649
8650
8653
8655
8663
8667
8669
8695
8697
8708
8717
8718
8720
8722
8723
8726
8728
8730
8731
8733
8742
8745
8757
8768
8798
8800
8802
8803
8806
8807
8843
8847
8866
8876
8894
8942
8949
8951
8956
8958
8966
8968
8969
8972
8974
9012
9018
9034
9081
9130
9134
9136
9138
9159
9161
9164
9167
9169
9171
9172
9175
9177
9178
9179
9181
9182
9183
9184
9185
9187
9188
9190
9191
9193
9195
9198
9199
9201
9203
9205
9206
9208
9212
9213
9214
9216
9217
9290
9322
9356
9357
9360
9362
9373
9392
9403
9461
9472
9496
9563
9564
9586
9611
9614
9616
9618
9714
9716
9723
9731
9735
9807
9809
9810
9811
9812
9815
9816
9819
9820
9821
9841
9846
9891
9929
9931
9934
9936
9940
9942
9945
9947
9950
9951
9958
9977
9979
9981
9985
9987
9992
9995
9997
10000
10001
10004
10005
10016
10033
10036
10041
10044
10047
10051
10053
10055
10056
10057
10060
10074
10077
10081
10083
10084
10088
10092
10099
10101
10103
10105
10109
10111
10112
10114
10117
10118
10120
10122
10124
10133
10137
10139
10147
10151
10154
10158
10260
10286
10343
10345
10347
10350
10352
10354
10356
10358
10359
10360
10362
10364
10366
10367
10369
10373
10376
10378
10381
10383
10401
10402
10404
10411
10475
10476
10479
10482
10484
10486
10488
10492
10495
10496
10499
10501
10504
10506
10510
10511
10514
10516
10523
10527
10530
10532
10540
10546
10579
10581
10583
10588
10630
10632
10633
10635
10637
10642
10644
10648
10653
10662
10665
10671
10673
10674
10677
10679
10681
10682
10688
10694
10695
10698
10699
10703
10713
10716
10720
10723
10724
10727
10728
10730
10733
10744
10753
10754
10759
10766
10768
10769
10770
10771
10774
10777
10781
10783
10785
10788
10791
10794
10797
10798
10800
10801
10806
10807
10815
10818
10820
10821
10823
10827
10828
10829
10832
10834
10840
10841
10842
10843
10849
10853
10854
10855
10856
10858
10859
10860
10861
10863
10866
10868
10870
10928
10988
11036
11040
11050
11099
11102
11103
11113
11117
11133
11137
11144
11177
11180
11181
11184
11188
11190
11195
11197
11200
11203
11204
11209
11211
11212
11214
11218
11220
11222
11223
11226
11229
11237
11239
11241
11247
11249
11252
11265
11267
11268
11270
11272
11276
11290
11303
11310
11321
11327
11334
11337
11344
11345
11381
11385
11387
11396
11403
11409
11416
11419
11423
11432
11450
11460
11465
11469
11470
11472
11482
11494
11509
11517
11518
11529
11530
11533
11537
11540
11542
11544
11547
11549
11551
11556
11560
11564
11566
11568
11570
11574
11575
11577
11580
11582
11584
11587
11590
11594
11597
11598
11602
11603
11606
11607
11612
11615
11622
11624
11625
11627
11630
11631
11633
11640
11643
11645
11649
11651
11655
11656
11659
11663
11665
11667
11668
11670
11672
11675
11679
11680
11685
11686
11688
11692
11693
11694
11696
11697
11699
11700
11702
11704
11707
11708
11709
11710
11712
11714
11717
11718
11719
11722
11724
11729
11730
11732
11733
11741
11742
11760
11765
11769
11771
11777
11782
11784
11786
11789
11794
11795
11801
11804
11806
11809
11812
11814
11816
11818
11819
11821
11823
11826
11830
11832
11834
11836
11843
11845
11849
11850
11851
11857
11860
11862
11863
11865
11866
11868
11871
11876
11879
11881
11885
11888
11890
11895
11897
11898
11974
11985
11990
11992
11993
11994
11997
11999
12006
12008
12013
12033
12051
12053
12054
12096
12122
12134
12136
12139
12146
12150
12156
12160
12167
12169
12171
12174
12179
12180
12182
12187
12189
12191
12194
12196
12199
12200
12201
12209
12210
12213
12226
12236
12240
12241
12247
12250
12257
12258
12263
12266
12268
12269
12278
12282
12288
12294
12302
12307
12309
12311
12313
12314
12320
12322
12324
12328
12332
12334
12335
12338
12343
12346
12356
12358
12359
12362
12364
12387
12461
12465
12467
12514
12593
12601
12619
12649
12662
12672
12686
12717
12736
12757
12772
12785
12791
12793
12795
12826
12831
12836
12839
12847
12889
12935
13018
13082
13085
13091
13110
13112
13115
13119
13125
13207
13286
13287
13292
13301
13303
13374
13409
13423
13425
13455
13471
13503
13505
13509
13511
13512
13514
13516
13517
13524
13526
13527
13530
13534
13538
13543
13544
13547
13548
13550
13555
13558
13561
13562
13569
13571
13575
13576
13577
13579
13580
13581
13582
13584
13586
13588
13590
13593
13594
13596
13600
13602
13604
13606
13607
13608
13610
13612
13614
13621
13622
13627
13628
13629
13633
13635
13636
13639
13642
13648
13649
13652
13654
13657
13660
13665
13669
13673
13678
13682
13690
13693
13694
13698
13701
13704
13708
13712
13713
13715
13719
13720
13722
13725
13728
13729
13736
13741
13744
13745
13747
13750
13751
13760
13778
13780
13784
13786
13787
13791
13793
13801
13808
13817
13821
13822
13824
13827
13829
13830
13831
13832
13833
13835
13836
13837
13839
13847
13851
13855
13859
13860
13862
13907
13915
13918
13920
13922
13924
13925
13928
13931
13933
13936
13939
13940
13946
13948
13957
13959
13961
13962
13963
13968
13969
13971
13978
13980
13981
13983
13986
13997
14001
14003
14006
14010
14012
14016
14019
14021
14023
14034
14036
14039
14050
14055
14059
14061
14063
14064
14068
14070
14073
14074
14122
14127
14161
14162
14201
14204
14205
14207
14209
14212
14216
14222
14259
14293
14328
14331
14372
14373
14486
14501
14502
14518
14522
14526
14598
14602
14609
14611
14613
14614
14630
14680
14683
14723
14728
14732
14733
14734
14743
14746
14748
14751
14752
14753
14754
14759
14760
14762
14771
14789
14791
14793
14797
14802
14803
14804
14811
14812
14813
14817
14818
14822
14835
14847
14854
14860
14862
14875
14877
14898
14902
14914
14919
14921
14923
14928
14938
14939
14943
14944
14946
14947
14948
14949
14957
14960
14964
14966
14967
14973
14982
14984
14993
14996
14998
14999
15001
15004
15007
15008
15009
15010
15017
15057
15084
15085
15101
15105
15115
15129
15132
15133
15139
15141
15142
15147
15156
15169
15175
15179
15181
15184
15188
15190
15195
15197
15198
15199
15203
15206
15209
15211
15212
15213
15215
15217
15219
15221
15222
15224
15225
15227
15228
15231
15234
15237
15239
15242
15246
15247
15248
15249
15257
15263
15264
15266
15267
15268
15281
15362
15444
15447
15449
15452
15454
15455
15463
15465
15469
15477
15480
15482
15486
15488
15490
15492
15494
15495
15499
15501
15504
15508
15511
15513
15517
15518
15519
15523
15532
15554
15580
15587
15667
15701
15713
15716
15717
15720
15722
15724
15731
15736
15737
15757
15760
15774
15831
15849
15851
15852
15860
15876
15883
15905
15911
15916
15918
15920
15922
15987
15995
16035
16037
16046
16065
16181
16185
16186
16187
16192
16198
16201
16203
16205
16230
16245
16289
16311
16316
16387
16388
16397
16398
16406
16426
16428
16506
16522
16523
16524
16546
16548
16551
16575
16581
16589
16690
16692
16694
16696
16699
16704
16706
16709
16711
16717
16719
16722
16724
16727
16731
16732
16734
16735
16737
16741
16747
16786
16799
16811
16849
16861
16866
16883
16898
16901
16909
16953
16985
16989
16994
16998
17014
17039
17044
17085
17088
17127
17191
17192
17193
17194
17195
17276
17288
17291
17298
17302
17307
17309
17314
17317
17324
17326
17331
17336
17341
17345
17436
17437
17487
17511
17525
17528
17532
17561
17583
17610
17612
17614
17615
17667
17706
17771
17800
17820
17833
17839
17847
17849
17870
17874
17924
17927
17945
17949
17957
17967
17988
17998
18124
18132
18171
18211
18220
18237
18324
18350
18355
18356
18387
18433
18452
18453
18456
18459
18462
18463
18477
18479
18482
18484
18485
18488
18489
18494
18495
18497
18506
18510
18513
18516
18518
18520
18522
18529
18531
18540
18542
18543
18552
18557
18562
18567
18572
18575
18577
18580
18587
18588
18613
18619
18650
18654
18675
18676
18682
18690
18701
18702
18705
18719
18720
18723
18725
18727
18734
18739
18741
18744
18745
18748
18750
18751
18774
18857
18879
18953
19036
19039
19060
19065
19067
19117
19128
19226
19227
19228
19258
19297
19313
19445
19447
19449
19452
19466
19486
19582
19583
19586
19603
19605
19614
19617
19619
19623
19626
19630
19631
19634
19636
19637
19638
19640
19642
19645
19646
19647
19649
19651
19654
19657
19658
19660
19661
19664
19666
19669
19673
19675
19676
19678
19683
19687
19688
19690
19691
19695
19699
19700
19701
19702
19719
19742
19769
19770
19771
19777
19823
19829
19844
19927
19928
19929
19931
19933
19934
19935
19938
19941
19942
19945
19946
19948
19949
19950
19951
19953
19957
19959
19977
19990
20026
20030
20031
20033
20037
20042
20111
20150
20151
20160
20161
20170
20171
20211
20212
20215
20243
20250
20252
20264
20302
20304
20322
20328
20340
20415
20447
20471
20499
20537
20539
20540
20553
20569
20620
20652
20661
20682
20715
20721
20842
20953
20955
20957
21030
21062
21071
21074
21075
21079
21085
21187
21188
21192
21194
21195
21201
21204
21205
21207
21208
21210
21211
21212
21215
21241
21274
21294
21353
21379
21441
21442
21449
21452
21453
21495
21497
21503
21543
21664
21678
21696
21702
21723
21742
21814
21853
21876
21882
21910
21916
21922
21943
21997
22011
22014
22016
22017
22018
22019
22020
22022
22085
22154
22158
22159
22164
22165
22166
22216
22244
22314
22318
22380
22421
22459
22504
22508
22520
22572
22592
22595
22596
22599
22600
22669
22686
22734
22766
22770
22782
22785
22806
22808
22809
22814
22815
22817
22819
22820
22824
22944
23015
23023
23029
23108
23136
23156
23165
23249
23261
23269
23292
23328
23345
23350
23351
23364
23400
23442
23443
23446
23447
23461
23472
23477
23483
23488
23500
23529
23644
23707
23711
23717
23721
23725
23728
23730
23731
23754
23777
23847
23881
23897
23907
23909
23922
23977
23995
24077
24172
24233
24241
24305
24348
24400
24402
24405
24407
24413
24426
24430
24434
24437
24478
24488
24492
24550
24585
24601
24616
24660
24727
24774
24796
24941
24955
25060
25098
25118
25119
25159
25237
25251
25364
25396
25434
25556
25687
25772
25874
25878
25886
25923
26043
26055
26062
26067
26075
26080
26092
26098
26148
26189
26204
26288
26290
26385
26501
26542
26544
26547
26548
26549
26589
26673
26684
26757
26802
26936
26954
27035
27041
27046
27048
27049
27056
27057
27058
27065
27071
27073
27075
27080
27084
27085
27086
27089
27094
27101
27119
27157
27236
27251
27260
27327
27350
27368
27596
27679
27731
27784
27790
27804
27809
27811
27815
27820
27823
27824
27830
27835
27843
27851
27856
27860
27861
27864
27869
27870
27875
27880
27883
27884
27888
27890
27895
27898
27900
27901
27904
27911
27913
27914
27916
27921
27926
27928
27933
27934
27937
27939
27941
27945
27947
27949
27954
27956
27960
27962
27964
27967
27970
27973
27975
27979
27981
27984
27989
27991
27992
27993
27996
27999
28000
28003
28009
28013
28016
28018
28020
28023
28041
28148
28260
28276
28281
28346
28374
28378
28408
28447
28457
28502
28673
28748
28841
28865
28869
28944
28953
29062
29139
29166
29216
29360
29412
29441
29505
29535
29551
29726
29853
29921
29990
30050
30070
30172
30191
30220
30223
30346
30446
30539
30581
30735
30764
30769
30825
30922
31220
31352
31384
31429
31480
31602
31681
31745
31752
31798
31805
31835
31910
31917
31996
32016
32027
32076
32077
32161
32162
32171
32180
32240
32242
32357
32455
32503
32547
32660
32682
32742
32747
32914
32936
32978
33268
33348
33382
33523
33597
33926
33959
33970
33977
33982
33987
33989
