0
2
9
38
49
55
98
120
126
162
188
199
228
236
249
274
309
326
335
354
363
384
390
393
395
408
428
440
472
473
479
501
527
532
547
549
561
571
574
609
611
626
635
637
660
669
707
726
746
751
766
791
816
827
829
849
856
867
868
871
872
873
874
887
888
916
930
931
933
934
936
937
947
948
966
986
1030
1077
1078
1090
1103
1154
1172
1180
1189
1197
1207
1210
1256
1257
1292
1297
1311
1361
1366
1387
1398
1413
1442
1460
1478
1515
1540
1565
1573
1584
1595
1609
1625
1632
1648
1688
1706
1735
1736
1739
1745
1766
1768
1770
1772
1773
1776
1780
1783
1796
1816
1854
1864
1870
1874
1898
1906
1926
1934
2010
2015
2018
2030
2034
2041
2046
2052
2072
2076
2089
2099
2128
2144
2189
2192
2211
2241
2260
2285
2290
2294
2296
2301
2322
2334
2337
2338
2354
2381
2402
2430
2454
2460
2497
2532
2579
2624
2636
2662
2680
2693
2715
2745
2765
2766
2773
2774
2837
2859
2871
2880
2883
2887
2916
2954
2979
2986
3001
3020
3034
3047
3048
3052
3053
3099
3126
3127
3135
3161
3216
3241
3266
3289
3297
3327
3329
3339
3373
3403
3440
3452
3460
3487
3493
3547
3557
3566
3569
3571
3573
3615
3638
3653
3674
3711
3735
3775
3799
3809
3841
3876
3903
3917
3918
3940
3961
3994
4001
4012
4046
4066
4080
4089
4099
4129
4143
4162
4227
4290
4313
4369
4479
4598
4627
4630
4651
4691
4806
4883
4907
4928
4938
4965
4977
5003
5032
5062
5085
5089
5098
5178
5244
5251
5269
5327
5333
5399
5425
5449
5519
5546
5557
5636
5668
5670
5690
5715
5726
5795
5868
5877
5898
5936
5947
5975
5979
5987
5988
5994
6001
6017
6021
6036
6039
6062
6125
6155
6157
6159
6160
6165
6214
6221
6299
6369
6400
6518
6592
6594
6627
6628
6629
6632
6696
6746
6763
6784
6882
6884
6890
6978
7008
7032
7096
7105
7186
7228
7291
7315
7326
7350
7372
7411
7421
7515
7612
7637
7726
7814
7869
7974
8052
8197
8270
8356
8368
8504
