0
4
5
10
17
18
22
42
55
67
73
86
121
123
124
130
132
133
142
158
165
170
176
188
205
232
234
240
245
251
254
256
262
268
292
293
294
316
344
347
363
376
377
379
384
421
431
433
437
440
444
445
446
448
452
454
455
475
477
484
502
528
532
533
534
537
538
539
540
543
545
550
551
553
554
555
557
558
562
563
580
589
607
620
643
649
655
656
658
659
661
663
664
665
669
671
672
674
677
680
691
693
696
698
700
701
704
707
709
711
715
716
718
723
725
727
730
732
734
736
742
745
746
758
794
797
802
804
808
811
815
819
826
828
832
837
840
847
848
849
853
871
874
876
882
883
886
887
888
901
902
903
905
923
933
936
945
948
949
963
965
973
981
994
1003
1011
1013
1022
1025
1026
1032
1081
1098
1100
1103
1105
1106
1108
1110
1114
1115
1122
1131
1139
1142
1158
1161
1187
1212
1215
1232
1237
1262
1266
1277
1285
1289
1296
1300
1301
1303
1312
1348
1354
1376
1389
1390
1401
1406
1410
1414
1438
1442
1452
1461
1490
1494
1542
1545
1558
1586
1591
1597
1613
1627
1631
1646
1687
1690
1692
1693
1705
1710
1751
1753
1761
1768
1771
1773
1774
1777
1779
1780
1781
1782
1784
1786
1792
1794
1796
1798
1799
1804
1810
1815
1818
1820
1822
1824
1825
1828
1829
1830
1833
1834
1835
1854
1860
1865
1868
1870
1872
1901
1915
1927
1928
1937
1947
1957
1969
1972
1976
1998
2001
2013
2019
2025
2033
2049
2051
2084
2089
2105
2107
2115
2118
2123
2125
2128
2130
2132
2138
2145
2147
2151
2156
2158
2183
2192
2206
2209
2219
2234
2270
2271
2288
2325
2326
2347
2385
2423
2426
2429
2435
2446
2459
2465
2480
2481
2487
2507
2508
2519
2556
2565
2575
2579
2590
2594
2597
2598
2629
2634
2673
2680
2688
2695
2697
2706
2723
2734
2739
2745
2769
2781
2787
2794
2797
2803
2811
2815
2817
2818
2833
2836
2839
2858
2882
2888
2899
2910
2946
2950
2964
2972
2994
2996
2997
3000
3010
3015
3037
3042
3044
3045
3046
3063
3087
3094
3097
3123
3148
3166
3181
3184
3190
3194
3202
3203
3225
3228
3264
3265
3267
3268
3273
3274
3275
3278
3280
3282
3293
3320
3331
3373
3374
3376
3377
3378
3379
3381
3382
3383
3385
3388
3390
3391
3398
3401
3402
3408
3412
3413
3415
3417
3419
3423
3424
3427
3429
3432
3433
3434
3437
3438
3439
3445
3473
3475
3483
3484
3487
3489
3494
3495
3497
3500
3501
3502
3510
3517
3522
3578
3581
3585
3624
3650
3655
3686
3694
3697
3707
3715
3727
3768
3775
3793
3796
3823
3824
3826
3827
3859
3895
3896
3912
3917
3925
3928
3930
3931
3932
3937
3942
3966
3983
3994
4012
4035
4057
4061
4067
4069
4070
4073
4075
4083
4088
4103
4125
4127
4136
4153
4154
4161
4165
4206
4208
4210
4232
4245
4271
4278
4282
4285
4321
4335
4340
4343
4349
4371
4373
4374
4385
4407
4418
4420
4437
4440
4444
4447
4449
4452
4453
4456
4457
4460
4461
4474
4489
4496
4540
4564
4566
4570
4573
4577
4584
4586
4605
4610
4613
4624
4625
4628
4636
4649
4653
4671
4680
4684
4695
4729
4731
4737
4744
4746
4752
4756
4760
4765
4779
4794
4835
4851
4869
4878
4897
4910
4915
4926
4931
4938
4967
4968
4985
4998
5016
5056
5061
5078
5092
5094
5124
5135
5161
5168
5176
5187
5190
5192
5204
5211
5215
5219
5240
5243
5253
5254
5259
5273
5274
5278
5281
5302
5333
5337
5347
5395
5417
5426
5441
5474
5502
5530
5537
5558
5564
5580
5588
5589
5592
5593
5611
5616
5617
5657
5670
5685
5724
5727
5737
5739
5744
5767
5768
5793
5797
5803
5805
5809
5817
5854
5868
5872
5882
5887
5889
5890
5896
5898
5906
5922
5939
5946
5947
5959
5972
5984
6009
6013
6061
6069
6073
6074
6095
6113
6119
6124
6131
6132
6144
6153
6165
6168
6169
6184
6203
6211
6218
6231
6242
6244
6267
6286
6290
6318
6323
6352
6397
6406
6414
6452
6487
6491
6513
6526
6527
6529
6542
6552
6571
6575
6578
6579
6581
6584
6598
6600
6601
6610
6619
6626
6636
6640
6644
6662
6679
6681
6687
6700
6734
6764
6801
6808
6816
6853
6857
6858
6862
6867
6916
6928
6953
6995
7041
7055
7064
7098
7103
7112
7118
7120
7142
7143
7144
7149
7154
7160
7162
7166
7168
7170
7172
7177
7181
7202
7203
7206
7212
7228
7302
7306
7312
7324
7333
7340
7357
7360
7371
7375
7376
7379
7416
7427
7446
7457
7494
7501
7507
7518
7538
7558
7568
7570
7571
7573
7575
7576
7609
7612
7622
7624
7627
7633
7656
7667
7692
7731
7735
7748
7758
7783
7871
7903
7905
7910
7923
7931
7935
7949
7951
7956
7962
7978
7994
8007
8010
8012
8058
8070
8089
8103
8127
8129
8176
8180
8187
8191
8213
8214
8227
8230
8233
8234
8237
8238
8282
8283
8285
8294
8311
8333
8363
8398
8402
8407
8423
8436
8449
8463
8469
8484
8491
8493
8533
8539
8543
8572
8573
8579
8588
8594
8613
8649
8658
8676
8694
8705
8708
8710
8727
8755
8762
8777
8782
8787
8794
8804
8807
8810
8811
8816
8820
8831
8833
8837
8845
8864
8882
8887
8889
8894
8899
8900
8959
8973
8987
8995
9003
9017
9024
9027
9037
9039
9042
9055
9056
9058
9062
9063
9068
9084
9154
9157
9160
9169
9173
9193
9226
9227
9232
9241
9246
9251
9265
9268
9291
9292
9293
9307
9312
9327
9351
9366
9368
9377
9381
9401
9404
9405
9406
9408
9410
9412
9415
9416
9437
9451
9457
9467
9478
9482
9484
9485
9486
9489
9492
9557
9561
9589
9604
9630
9652
9663
9673
9676
9682
9697
9718
9720
9722
9730
9766
9768
9776
9778
9816
9829
9846
9873
9875
9890
9894
9931
9941
9950
9955
9970
9971
9975
9983
9994
9996
9999
10025
10054
10064
10128
10176
10181
10182
10190
10225
10241
10262
10284
10349
10365
10390
10399
10442
10452
10454
10457
10460
10467
10468
10470
10472
10473
10477
10480
10483
10486
10487
10489
10492
10504
10506
10509
10513
10536
10559
10562
10578
10579
10598
10637
10652
10682
10745
10755
10756
10766
10780
10786
10803
10806
10809
10814
10825
10857
10882
10887
10888
10890
10899
10915
10922
10923
10925
10929
10931
10932
10934
10944
10955
10966
10979
11010
11030
11087
11115
11131
11150
11158
11159
11206
11211
11233
11242
11257
11274
11282
11303
11364
11369
11372
11391
11396
11412
11436
11448
11457
11465
11500
11506
11520
11529
11533
11538
11550
11558
11605
11606
11652
11658
11678
11761
11772
11775
11777
11782
11787
11790
11835
11838
11848
11849
11856
11866
11869
11870
11872
11873
11880
11891
11906
11908
11989
12034
12065
12078
12087
12089
12118
12120
12123
12125
12127
12152
12157
12162
12168
12193
12222
12239
12256
12260
12285
12290
12295
12315
12363
12383
12385
12398
12415
12445
12448
12487
12519
12522
12524
12549
12588
12624
12640
12672
12674
12677
12717
12728
12755
12765
12805
12835
12843
12855
12865
12867
12876
12882
12899
12943
12958
12993
12995
13038
13041
13059
13070
13094
13116
13119
13135
13156
13170
13178
13183
13219
13248
13253
13257
13272
13282
13326
13327
13331
13339
13342
13345
13346
13348
13351
13353
13354
13357
13358
13360
13361
13369
13383
13398
13400
13407
13433
13437
13453
13455
13477
13483
13492
13568
13609
13625
13630
13634
13648
13649
13682
13722
13724
13745
13749
13765
13770
13782
13795
13823
13876
13891
13894
13899
13906
13987
14035
14042
14052
14058
14060
14061
14070
14087
14088
14114
14127
14135
14146
14172
14198
14213
14214
14232
14260
14282
14293
14313
14320
14329
14381
14414
14423
14444
14446
14506
14508
14515
14517
14524
14542
14657
14660
14677
14700
14780
14824
14860
14876
14912
14922
14933
14956
14964
14970
14981
14991
14993
15017
15024
15055
15062
15085
15122
15139
15187
15192
15197
15202
15226
15247
15258
15314
15320
15322
15323
15324
15325
15327
15328
15329
15336
15339
15340
15342
15347
15401
15438
15458
15472
15503
15519
15525
15535
15585
15596
15615
15639
15648
15674
15750
15784
15790
15827
15834
15838
15857
15860
15880
15886
15887
15893
15894
15923
15925
15959
15977
15993
16075
16083
16130
16171
16186
16192
16202
16217
16221
16259
16263
16266
16294
16298
16334
16355
16370
16438
16464
16502
16510
16523
16534
16553
16570
16628
16638
16657
16673
16708
16729
16746
16804
16855
16875
16900
16922
16933
16961
16962
16973
16994
17011
17066
17068
17134
17147
17169
17232
17235
17250
17318
17327
17334
17374
17428
17432
17433
17464
17469
17507
17515
17522
17555
17562
17568
17583
17616
17627
17650
17683
17717
17730
17742
17765
17768
17913
17962
17985
18008
18012
18036
18051
18068
18082
18094
18153
18188
18192
18234
18237
18247
18269
18326
18361
18372
18389
18394
18414
18421
18432
18460
18534
18557
18584
18607
18631
18635
18639
18727
18737
18751
18757
18782
18788
18830
18880
18892
18927
18929
18933
18953
18998
19049
19050
19079
19088
19099
19186
19247
19254
19324
19343
19406
19477
19509
19512
19545
19611
19633
19656
19672
19692
19750
19758
19778
19847
19888
19926
19936
19937
19941
19996
19998
20037
20058
20063
20105
20126
20154
20204
20225
20229
20255
20276
20277
20371
20374
20404
20411
20421
20434
20458
20478
20485
20488
20523
20540
20620
20687
20711
20722
20768
20779
20782
20793
20822
20866
20877
20880
20884
20890
20892
20896
20898
20899
20900
20903
20904
20916
20995
20997
21031
21149
21152
21203
21208
21230
21243
21263
21334
21343
21381
21385
21399
21486
21536
21570
21632
21690
21737
21767
21811
21832
21911
21915
21930
21952
21985
22033
22035
22070
22086
22108
22109
22136
22142
22157
22163
22166
22169
22199
22216
22238
22241
22252
22292
22295
22316
22338
22346
22375
22408
22426
22481
22496
22503
22622
22628
22655
22726
22727
22736
22792
22832
22839
22867
22887
22914
22955
22962
22969
22984
23090
23094
23111
23152
23187
23211
23230
23234
23252
23261
23275
23279
23307
23349
23380
23437
23492
23513
23598
23629
23646
23674
23686
23696
23729
23733
23740
23771
23788
23819
23823
23826
23834
23901
23904
23907
23961
23962
23976
23998
24006
24012
24021
24053
24079
24197
24214
24216
24345
24508
24548
24565
24604
24629
24658
24661
24663
24674
24677
24686
24795
24811
24825
24844
24879
24895
24901
24923
24973
25047
25050
25063
25091
25120
25126
25191
25198
25218
25262
25269
25286
25348
25353
25427
25430
25441
25470
25501
25567
25579
25588
25590
25600
25681
25732
25759
25769
25806
25815
25840
25862
25870
25935
25955
25986
25990
26104
26122
26134
26220
26288
26295
26375
26399
26450
26457
26556
26621
26729
26732
26733
26739
26776
26824
26837
26866
26871
26883
26900
26917
26966
26977
26996
26999
27037
27070
27088
27100
27129
27145
27172
27220
27249
27305
27361
27384
27397
27439
27443
27457
27473
27489
27510
27536
27544
27550
27619
27638
27680
27684
27705
27709
27746
27804
27812
27819
27869
27892
27898
27903
27970
27987
27998
28076
28205
28231
28258
28270
28303
28381
28426
28461
28521
28549
28578
28598
28654
28671
28690
28740
28775
28809
29006
29019
29042
29050
29127
29130
29168
29171
29294
29309
29316
29411
29600
29656
29674
29714
29843
29884
29891
29990
30003
30075
30112
30145
30205
30214
30253
30306
30332
30380
30386
30407
30427
30469
30499
30514
30539
30546
30612
30627
30805
30867
30876
30933
30964
31046
31097
31168
31274
31305
31360
31439
31573
31591
31690
31717
31851
31878
31904
31913
31997
