0
6
11
26
29
35
40
57
69
70
85
104
107
111
113
118
123
137
168
187
190
198
203
207
213
270
285
291
304
306
311
313
317
335
342
348
371
372
382
383
389
391
410
417
433
442
460
468
473
477
487
508
516
517
520
537
563
607
648
651
665
679
685
687
690
694
703
709
712
715
719
721
723
727
729
746
762
775
793
797
799
801
804
811
831
834
836
838
844
848
850
852
853
855
857
858
859
862
863
865
870
871
873
875
878
880
881
883
884
887
894
922
941
953
958
960
963
964
969
983
987
998
1000
1026
1031
1033
1043
1049
1060
1088
1095
1112
1114
1135
1163
1175
1186
1192
1193
1200
1202
1203
1205
1208
1210
1211
1217
1218
1234
1246
1250
1288
1303
1310
1322
1323
1325
1329
1332
1344
1346
1351
1363
1379
1433
1449
1451
1468
1477
1490
1493
1497
1500
1501
1509
1521
1540
1557
1561
1578
1587
1612
1627
1634
1642
1650
1685
1692
1703
1706
1707
1716
1732
1760
1761
1762
1765
1766
1781
1782
1789
1798
1803
1830
1853
1857
1864
1880
1896
1905
1965
1972
1992
1995
2005
2008
2009
2010
2013
2014
2019
2023
2045
2051
2060
2061
2068
2070
2079
2082
2112
2115
2123
2138
2151
2172
2188
2225
2256
2266
2267
2277
2308
2312
2320
2324
2355
2357
2371
2377
2380
2407
2418
2420
2430
2488
2504
2522
2537
2548
2552
2574
2622
2638
2639
2641
2643
2644
2646
2648
2649
2651
2653
2655
2666
2668
2682
2691
2693
2695
2713
2722
2731
2765
2770
2795
2823
2828
2839
2844
2889
2898
2919
2930
2941
2950
3002
3014
3029
3031
3047
3055
3060
3062
3076
3099
3125
3134
3142
3158
3170
3175
3185
3211
3213
3216
3234
3235
3241
3251
3258
3267
3269
3270
3273
3283
3285
3292
3293
3295
3311
3339
3379
3406
3423
3437
3445
3448
3460
3497
3500
3510
3515
3533
3537
3557
3558
3575
3587
3591
3606
3613
3636
3646
3652
3660
3688
3696
3707
3718
3725
3754
3764
3774
3789
3808
3812
3820
3821
3839
3872
3893
3902
3923
3924
3928
3931
3934
3939
3941
3942
3946
3950
3952
3956
3959
3962
3964
3967
3970
3971
3974
3975
3978
3979
3980
3983
3985
3988
3990
3992
3998
3999
4000
4009
4036
4048
4049
4064
4085
4087
4088
4092
4100
4112
4127
4129
4135
4138
4142
4148
4150
4154
4156
4162
4166
4167
4168
4170
4172
4175
4186
4190
4192
4196
4226
4236
4251
4280
4284
4292
4295
4307
4339
4349
4355
4356
4394
4444
4467
4478
4500
4521
4566
4626
4650
4663
4683
4691
4707
4726
4747
4797
4800
4807
4808
4815
4817
4831
4835
4840
4851
4853
4859
4869
4874
4875
4882
4887
4893
4897
4905
4957
4959
4972
4975
4976
5003
5018
5036
5070
5098
5100
5101
5103
5106
5108
5110
5112
5125
5142
5149
5173
5208
5209
5212
5217
5222
5224
5225
5227
5230
5240
5244
5272
5304
5318
5328
5357
5358
5359
5399
5405
5412
5453
5459
5465
5467
5471
5479
5482
5483
5494
5506
5528
5531
5532
5569
5570
5572
5574
5576
5586
5588
5599
5604
5618
5638
5641
5644
5650
5653
5656
5661
5662
5664
5667
5670
5677
5678
5692
5699
5704
5705
5710
5716
5720
5726
5743
5746
5749
5752
5754
5759
5764
5767
5769
5771
5774
5776
5777
5780
5781
5785
5786
5789
5791
5795
5798
5800
5805
5808
5822
5833
5858
5865
5868
5872
5884
5915
5923
5940
5944
5950
5955
5957
5961
5966
5967
5975
5976
5980
5989
5992
5997
5998
6001
6002
6009
6015
6016
6019
6021
6026
6035
6041
6044
6050
6055
6058
6060
6061
6065
6069
6071
6078
6082
6085
6086
6090
6092
6107
6108
6110
6111
6126
6173
6180
6195
6204
6215
6216
6281
6298
6322
6371
6397
6404
6405
6474
6480
6489
6497
6507
6511
6513
6515
6517
6520
6522
6523
6534
6580
6592
6613
6623
6628
6637
6648
6683
6687
6693
6694
6697
6707
6724
6726
6727
6731
6734
6735
6736
6739
6740
6742
6743
6745
6747
6793
6804
6858
6870
6905
6928
6930
6933
6946
6949
6956
6961
6985
7001
7059
7066
7094
