0
10
12
14
16
51
75
77
93
98
118
156
159
165
174
177
181
182
195
197
204
237
257
263
278
292
302
351
402
408
412
451
452
509
544
558
560
565
605
628
632
635
641
642
649
650
651
654
701
704
706
709
714
716
731
736
747
811
861
881
923
927
952
979
981
1013
1035
1082
1128
1129
1131
1132
1133
1135
1142
1143
1145
1146
1148
1149
1150
1156
1158
1188
1234
1269
1446
1468
1509
1533
1534
1543
1601
1602
1603
1664
1666
1703
1712
1739
1740
1745
1772
1812
1815
1867
1970
2083
2162
2168
2178
2196
2197
2200
2250
2257
2263
2288
2305
2307
2310
2312
2313
2314
2316
2318
2319
2320
2322
2324
2326
2332
2334
2335
2337
2367
2376
2380
2381
2383
2385
2543
2628
2630
2644
2672
2693
2695
2697
2704
2734
2737
2739
2752
2777
2783
2831
2832
2843
2859
2936
2945
2961
2987
3013
3081
3114
3124
3145
3228
3234
3242
3261
3264
3342
3344
3391
3425
3427
3502
3589
3600
3647
3679
3751
3791
3794
3796
3797
3810
3811
3816
3821
3824
3830
3831
3835
3864
3909
4047
4079
4118
4178
4319
4331
4335
4338
4344
4349
4355
4358
4366
4374
4385
4395
4404
4406
4412
4452
4459
4461
4466
4471
4473
4476
4478
4492
4500
4501
4517
4522
4525
4547
4573
4600
4604
4667
4670
4677
4679
4681
4744
4778
4830
4847
4862
4916
4917
4920
4984
5012
5040
5132
5151
5156
5195
5196
5199
5202
5204
5209
5210
5212
5214
5221
5223
5226
5227
5228
5298
5304
5459
5460
5476
5511
5569
5572
5575
5579
5593
5658
5674
5677
5698
5727
5756
5764
5826
5855
6028
6057
6089
6172
6204
6207
6248
6291
6351
6414
6446
6506
6514
6526
6581
6638
6647
6691
6732
6801
6803
6826
6867
6917
6933
6958
7011
7038
7174
7195
7235
7250
7317
7547
7572
7586
7590
7621
7730
7763
7766
7778
7786
7839
7856
7889
8008
8009
8154
8252
8266
8371
8400
8418
