0
5238
5247
5303
5326
5333
5351
5362
5365
5393
5407
5409
5420
5428
5433
5440
5454
5455
5465
5467
5495
5513
5534
5542
5543
5555
5557
5564
5576
5595
5600
5601
5614
5625
5638
5641
5667
5669
5674
5675
5699
5713
5727
5732
5738
5763
5768
5772
5773
5778
5791
5800
5802
5806
5809
5813
5819
5826
5852
5856
5858
5860
5861
5863
5881
5888
5895
5926
5927
5932
5957
5962
5980
5985
6010
6041
6058
6059
6075
6085
6092
6099
6119
6125
6131
6134
6135
6145
6167
6170
6188
6217
6221
6232
6233
6244
6271
6279
6308
6315
6343
6353
6358
6380
6381
6391
6401
6415
6421
6422
6432
6434
6435
6439
6462
6463
6479
6484
6498
6512
6525
6563
6588
6596
6638
6650
6679
6715
6724
6754
6762
6765
6778
6779
6787
6800
6832
6833
6853
6855
6865
6867
6868
6872
6899
6901
6902
6906
6907
6924
6925
6964
6980
6983
7004
7014
7023
7031
7051
7052
7063
7078
7082
7087
7105
7145
7161
7169
7173
7187
7203
7220
7265
7275
7288
7296
7330
7369
7375
7396
7398
7414
7427
7440
7454
7479
7489
7496
7498
7569
7586
7603
7604
7605
7609
7621
7622
7631
7637
7648
7656
7664
7718
7720
7729
7745
7776
7785
7791
7804
7810
7813
7826
7828
7840
7876
7881
7904
7937
7947
7948
7992
7999
8042
8059
8087
8130
8133
8145
8155
8189
8194
8195
8196
8215
8217
8279
8280
8286
8328
8339
8349
8355
8370
8387
8391
8399
8416
8427
8440
8448
8475
8557
8575
8655
8657
8660
8783
8811
8812
8814
8821
8859
8860
8864
8880
8912
8945
8966
8968
9017
9051
9088
9133
9152
9168
9172
9193
9195
9256
9276
9280
9328
9345
9408
9410
9427
9434
9437
9475
9484
9485
9487
9496
9499
9524
9590
9630
9636
9649
9663
9682
9690
9702
9719
9721
9723
9736
9784
9787
9828
9934
9949
9968
9973
9988
9990
10033
10039
10049
10063
10064
10074
10084
10106
10109
10121
10122
10158
10220
10237
10245
10257
10317
10320
10322
10323
10324
10400
10476
10496
10506
10510
10532
10539
10550
10642
10652
10718
10746
10824
10842
10864
10891
10896
10898
10912
10924
10957
10975
10993
11010
11013
11059
11061
11068
11079
11123
11124
11147
11210
11214
11216
11220
11242
11273
11274
11277
11292
11304
11360
11401
11441
11459
11462
11549
11551
11572
11607
11638
11646
11652
11707
11711
11747
11764
11773
11776
11836
11847
11885
11898
11949
11989
11996
12003
12035
12112
12140
12168
12190
12216
12265
12348
12382
12384
12405
12411
12458
12464
12520
12541
12577
12664
12736
12932
12956
12958
12961
12982
13016
13085
13110
13173
13189
13243
13277
13288
13395
13444
13481
13488
13494
13683
13730
13753
13756
13781
13851
13854
13940
13977
14014
14052
