0
105
122
126
137
142
143
173
174
176
177
180
181
183
190
192
196
200
201
204
215
229
270
273
275
292
298
299
301
310
315
316
326
329
333
351
357
362
363
366
367
369
373
375
377
380
382
394
397
401
413
446
448
452
521
529
536
539
580
606
618
625
643
647
650
657
662
670
676
696
738
740
762
765
767
790
792
795
796
799
822
825
856
860
861
889
901
906
910
914
921
925
947
955
956
958
964
970
973
976
977
978
982
984
992
993
999
1002
1007
1008
1024
1040
1041
1052
1064
1073
1078
1079
1086
1109
1110
1127
1128
1133
1140
1147
1148
1150
1152
1153
1154
1158
1159
1164
1168
1187
1189
1193
1194
1200
1204
1207
1208
1209
1212
1213
1214
1217
1218
1219
1224
1228
1230
1232
1237
1240
1243
1244
1267
1328
1330
1332
1333
1339
1341
1343
1376
1379
1392
1443
1445
1453
1459
1461
1473
1474
1480
1483
1487
1489
1499
1512
1515
1564
1568
1569
1573
1577
1580
1588
1601
1614
1621
1638
1646
1651
1652
1659
1664
1672
1680
1689
1690
1721
1729
1734
1735
1782
1785
1789
1793
1794
1798
1799
1802
1804
1821
1844
1848
1854
1855
1870
1881
1897
1905
1919
1931
1941
1960
1971
1983
1991
2007
2020
2022
2026
2028
2029
2060
2063
2065
2071
2072
2074
2080
2097
2099
2108
2110
2124
2144
2158
2176
2182
2233
2242
2254
2307
2308
2310
2311
2312
2315
2319
2321
2324
2325
2329
2330
2333
2336
2338
2346
2347
2364
2366
2374
2400
2410
2423
2433
2446
2452
2472
2486
2491
2512
2533
2546
2548
2549
2552
2554
2557
2558
2606
2610
2620
2621
2640
2669
2683
2687
2690
2694
2697
2699
2703
2704
2705
2709
2710
2713
2716
2719
2720
2725
2729
2734
2743
2746
2747
2749
2759
2761
2770
2773
2777
2779
2780
2781
2783
2787
2788
2794
2797
2802
2804
2806
2808
2817
2829
2877
2882
2890
2891
2894
2896
2900
2903
2904
2913
2940
2946
2948
2949
2965
2999
3016
3017
3020
3023
3053
3063
3079
3083
3118
3134
3140
3169
3181
3195
3196
3198
3214
3221
3230
3248
3253
3254
3256
3259
3260
3265
3275
3293
3302
3312
3321
3368
3380
3383
3385
3388
3418
3425
3455
3485
3500
3534
3544
3550
3553
3562
3573
3574
3583
3587
3594
3598
3599
3627
3630
3660
3661
3662
3666
3672
3692
3696
3697
3701
3703
3704
3707
3709
3711
3732
3742
3749
3756
3757
3760
3761
3763
3765
3766
3785
3787
3788
3798
3818
3821
3823
3825
3828
3829
3832
3839
3854
3868
3885
3886
3890
3892
3894
3899
3902
3904
3907
3908
3912
3919
3929
3936
3940
3956
3973
4044
4047
4061
4064
4068
4069
4072
4073
4075
4076
4078
4081
4085
4090
4095
4176
4179
4183
4185
4187
4190
4191
4196
4197
4247
4265
4272
4301
4303
4333
4355
4356
4359
4393
4407
4414
4418
4431
4463
4530
4543
4546
4553
4597
4601
4610
4622
4623
4624
4628
4630
4633
4634
4636
4638
4644
4661
4671
4673
4675
4678
4683
4685
4686
4712
4724
4725
4726
4727
4732
4733
4734
4748
4750
4756
4781
4825
4836
4856
4883
4908
4915
4929
4964
5015
5049
5078
5121
5155
5179
5192
5205
5241
5287
5322
5352
5360
5367
5442
5464
5465
5491
5498
5516
5517
5523
5535
5543
5555
5578
5580
5581
5585
5599
5623
5635
5638
5642
5644
5657
5684
5702
5722
5736
5801
5807
5875
5897
5917
5935
5946
5970
5974
6001
6029
6030
6035
6036
6055
6079
6124
6126
6141
6158
6202
6218
6319
6351
6359
6369
6373
6399
6411
6422
6429
6464
6503
6508
6524
6540
6614
6628
6663
6664
6665
6666
6668
6671
6672
6673
6675
6677
6679
6692
6694
6696
6705
6706
6723
6764
6768
6771
6773
6776
6778
6780
6782
6783
6789
6796
6798
6800
6802
6807
6810
6812
6816
6820
6822
6823
6825
6828
6830
6831
6835
6838
6840
6844
6849
6852
6855
6856
6860
6862
6864
6866
6867
6873
6875
6876
6878
6880
6883
6886
6891
6894
6896
6899
6905
6910
6911
6912
6917
6919
6922
6928
6931
6932
6935
6937
6940
6945
6962
6966
6970
6972
6985
6991
7001
7061
7063
7066
7070
7071
7077
7087
7116
7118
7120
7122
7136
7145
7187
7196
7199
7202
7204
7206
7210
7213
7217
7221
7222
7224
7226
7227
7229
7231
7232
7239
7240
7241
7243
7250
7254
7256
7260
7265
7279
7298
7330
7333
7380
7404
7411
7413
7417
7420
7421
7424
7431
7432
7436
7441
7442
7453
7510
7516
7519
7521
7526
7528
7533
7538
7539
7541
7545
7546
7548
7549
7552
7554
7555
7558
7560
7567
7572
7573
7575
7577
7579
7581
7584
7586
7589
7590
7594
7596
7597
7600
7604
7610
7612
7613
7616
7618
7620
7625
7626
7630
7632
7635
7641
7642
7644
7646
7649
7661
7663
7668
7675
7677
7681
7683
7684
7687
7688
7691
7693
7696
7700
7712
7725
7728
7732
7734
7735
7738
7742
7743
7748
7749
7751
7752
7775
7789
7845
7881
7963
7976
8001
8004
8013
8086
8089
8104
8143
8178
8180
8260
8305
8382
8391
8409
8450
8491
8519
8557
8566
8605
8608
8613
8614
8617
8619
8624
8627
8629
8632
8633
8637
8638
8640
8641
8642
8645
8648
8657
8689
8692
8694
8713
8715
8766
8770
8796
8798
8800
8821
8830
8833
8836
8837
8838
8842
8846
8847
8848
8849
8852
8856
8865
8910
8932
8933
8939
8940
8942
8943
8945
8948
8951
8956
8958
8963
8969
8977
8980
8981
8984
8986
8992
8994
9000
9002
9004
9005
9008
9024
9056
9059
9127
9134
9177
9188
9210
9211
9213
9215
9217
9219
9220
9225
9239
9293
9330
9332
9336
9338
9340
9341
9342
9345
9346
9348
9351
9353
9354
9356
9358
9359
9364
9365
9369
9374
9376
9387
9478
9518
9524
9526
9568
9585
9628
9643
9656
9727
9737
9824
9835
9859
9864
9924
9930
9974
9983
10014
10042
10052
10054
10058
10060
10063
10064
10079
10085
10086
10088
10100
10102
10105
10107
10110
10114
10116
10117
10122
10124
10127
10131
10134
10135
10137
10155
10166
10171
10173
10174
10177
10184
10185
10189
10192
10193
10197
10199
10241
10257
10284
10289
10298
10300
10301
10316
10368
10379
10387
10464
10492
10564
10587
10677
10741
10750
10768
10847
10936
11022
11041
11088
11122
11128
11130
11131
11135
11137
11140
11142
11143
11144
11145
11147
11151
11153
11155
11156
11159
11160
11162
11165
11168
11171
11175
11180
11183
11184
11188
11192
11193
11195
11196
11198
11201
11202
11203
11206
11210
11295
11300
11377
11403
11426
11430
11433
11437
11439
11441
11443
11446
11449
11451
11458
11460
11462
11463
11464
11467
11468
11474
11477
11479
11481
11488
11489
11492
11494
11498
11500
11503
11505
11508
11511
11513
11514
11516
11521
11525
11529
11534
11536
11539
11541
11544
11546
11547
11549
11550
11553
11555
11559
11565
11566
11570
11594
11595
11599
11600
11601
11635
11636
11684
11774
11777
11828
11916
11968
12011
12083
12091
12092
12146
12149
12150
12161
12162
12164
12169
12173
12176
12178
12183
12184
12191
12194
12198
12200
12205
12208
12249
12286
12295
12296
12300
12302
12304
12306
12308
12311
12314
12316
12317
12321
12323
12324
12326
12327
12331
12333
12334
12335
12336
12342
12344
12346
12347
12357
12361
12363
12368
12445
12453
12459
12463
12465
12473
12480
12488
12490
12491
12497
12501
12503
12504
12506
12510
12514
12516
12518
12523
12525
12526
12547
12579
12644
12646
12647
12649
12651
12652
12653
12654
12674
12685
12802
12815
12993
13003
13024
13099
13177
13178
13181
13186
13196
13199
13202
13203
13213
13215
13218
13315
13362
13404
13521
13522
13524
13525
13620
13638
13647
13657
13663
13664
13666
13667
13671
13691
13693
13699
13700
13704
13706
13708
13709
13711
13713
13717
13719
13721
13724
13726
13728
13729
13733
13734
13749
13762
13837
13839
13841
13843
13847
13850
13853
13855
13857
13859
13862
13864
13866
13868
13873
13880
13883
13884
13886
13890
13893
13895
13896
13898
13902
13903
13905
13907
13908
13912
13915
13917
13918
13920
13924
13925
13926
13929
13930
13937
13940
13943
13947
13949
13954
13970
13995
14012
14014
14020
14022
14026
14028
14031
14034
14038
14043
14044
14045
14065
14218
14379
14414
14420
14422
14427
14430
14432
14435
14437
14443
14449
14450
14459
14482
14485
14491
14493
14501
14503
14505
14506
14508
14512
14514
14518
14520
14527
14528
14529
14535
14540
14542
14543
14545
14547
14548
14551
14557
14563
14573
14575
14579
14581
14584
14585
14587
14590
14592
14595
14596
14598
14600
14601
14606
14609
14612
14614
14616
14617
14622
14637
14641
14643
14691
14704
14781
14793
14832
14944
14962
15013
15014
15142
15157
15181
15348
15371
15472
15523
15660
15669
15828
15971
15982
15985
15989
15990
16009
16016
16019
16022
16025
16026
16028
16034
16039
16043
16044
16047
16052
16053
16055
16057
16062
16064
16066
16067
16068
16069
16072
16075
16076
16080
16085
16086
16089
16092
16097
16099
16100
16103
16106
16109
16112
16114
16117
16118
16141
16219
16232
16258
16321
16363
16433
16602
16631
16757
16824
16847
16867
16902
16953
17057
17060
17061
17066
17068
17087
17255
