0
1
3
4
5
6
9
11
17
20
21
23
25
26
31
33
34
37
39
41
42
44
45
47
49
50
56
58
59
61
63
65
66
68
69
71
72
75
84
115
116
121
126
129
131
134
135
139
140
141
169
172
173
181
182
184
185
187
192
194
203
205
207
208
209
211
212
213
215
216
217
220
222
230
233
240
242
244
247
250
261
272
273
274
276
278
282
290
295
305
310
312
315
337
350
352
353
359
362
371
402
414
421
441
447
450
451
455
476
481
484
486
510
513
520
521
537
547
551
560
561
564
565
567
569
571
576
580
582
583
586
591
592
594
595
597
599
603
607
611
612
614
616
617
618
623
625
626
629
631
633
635
636
637
640
643
647
650
652
653
657
663
666
667
670
693
705
738
746
779
787
799
800
812
821
828
832
836
869
886
909
910
917
919
920
952
953
955
958
965
983
993
1000
1003
1004
1005
1007
1008
1009
1010
1011
1015
1017
1018
1021
1027
1028
1031
1035
1063
1065
1067
1072
1074
1085
1106
1108
1109
1111
1113
1115
1126
1131
1139
1146
1160
1178
1181
1182
1208
1211
1212
1214
1243
1246
1257
1270
1291
1300
1301
1306
1342
1345
1362
1363
1365
1370
1371
1373
1375
1382
1383
1391
1394
1395
1438
1452
1463
1503
1504
1516
1518
1528
1529
1530
1534
1550
1559
1560
1565
1566
1568
1569
1570
1571
1572
1576
1579
1580
1581
1582
1585
1586
1588
1589
1594
1596
1598
1599
1602
1610
1649
1676
1677
1681
1684
1685
1687
1688
1690
1692
1695
1696
1698
1701
1703
1706
1708
1710
1711
1712
1714
1779
1796
1798
1799
1800
1891
1900
1901
1904
1905
1908
1911
1912
1913
1914
1915
1926
1945
1974
1977
1979
1981
1982
1985
1986
1988
1993
1996
1998
2017
2033
2097
2104
2119
2144
2173
2174
2175
2188
2194
2196
2208
2211
2221
2236
2238
2250
2252
2276
2277
2278
2282
2304
2306
2334
2337
2340
2342
2345
2360
2363
2366
2383
2396
2426
2453
2455
2456
2457
2459
2465
2523
2528
2534
2545
2568
2572
2573
2575
2582
2600
2601
2605
2606
2607
2608
2611
2635
2669
2707
2717
2721
2723
2725
2727
2728
2729
2732
2734
2735
2740
2741
2742
2743
2744
2749
2751
2753
2754
2755
2759
2760
2762
2764
2766
2768
2769
2778
2781
2790
2792
2793
2794
2837
2848
2879
2898
2900
2901
2903
2907
2908
2909
2919
2935
2948
2959
2961
2962
2989
3001
3016
3019
3020
3024
3025
3026
3028
3031
3034
3038
3041
3042
3043
3046
3049
3050
3052
3054
3057
3060
3061
3064
3065
3067
3068
3072
3073
3076
3077
3079
3084
3085
3090
3091
3094
3095
3096
3100
3101
3103
3104
3106
3107
3108
3113
3115
3116
3121
3122
3124
3126
3133
3136
3139
3143
3155
3157
3189
3226
3248
3267
3280
3288
3318
3329
3372
3387
3393
3411
3430
3459
3462
3475
3521
3541
3546
3560
3563
3564
3567
3570
3572
3577
3586
3587
3590
3591
3593
3595
3596
3598
3601
3602
3604
3607
3610
3618
3623
3636
3672
3709
3733
3761
3774
3778
3783
3785
3813
3859
3860
3861
3863
3866
3868
3873
3877
3880
3883
3885
3888
3889
3890
3891
3937
3938
3972
3979
3986
3988
3990
4001
4021
4022
4024
4026
4029
4030
4032
4034
4065
4086
4110
4118
4120
4135
4144
4145
4148
4156
4159
4161
4165
4167
4170
4176
4178
4179
4182
4186
4190
4192
4195
4196
4197
4200
4202
4204
4205
4208
4210
4212
4213
4229
4259
4292
4299
4300
4316
4327
4328
4330
4335
4337
4344
4363
4384
4398
4410
4411
4413
4414
4416
4418
4419
4422
4425
4428
4430
4431
4433
4435
4437
4438
4440
4452
4453
4454
4471
4480
4541
4544
4545
4547
4548
4550
4553
4554
4557
4615
4634
4646
4649
4652
4653
4654
4657
4660
4661
4663
4664
4665
4666
4667
4668
4671
4709
4723
4736
4743
4769
4778
4829
4834
4837
4846
4881
4889
4901
4906
4920
4944
4954
4955
4962
4967
4977
5005
5009
5014
5015
5018
5019
5045
5046
5048
5050
5051
5052
5057
5062
5083
5100
5101
5105
5106
5109
5110
5113
5114
5115
5142
5145
5147
5150
5158
5168
5169
5171
5176
5214
5216
5219
5220
5223
5224
5229
5236
5280
5298
5321
5329
5335
5355
5356
5419
5421
5426
5519
5523
5585
5598
5608
5639
5641
5642
5647
5656
5727
5744
5767
5771
5772
5773
5776
5778
5785
5790
5791
5792
5793
5796
5799
5803
5805
5806
5809
5812
5814
5816
5820
5824
5826
5828
5839
5842
5844
5849
5850
5854
5859
5870
5906
5907
5935
5975
5988
6010
6015
6021
6027
6047
6071
6079
6084
6085
6086
6087
6096
6101
6105
6121
6122
6123
6127
6140
6196
6198
6266
6276
6278
6289
6290
6292
6294
6297
6299
6302
6305
6306
6310
6313
6315
6316
6318
6326
6332
6348
6349
6366
6380
6426
6446
6452
6477
6549
6550
6551
6561
6565
6578
6583
6585
6592
6594
6597
6599
6620
6622
6688
6690
6728
6756
6760
6778
6788
6790
6791
6792
6793
6794
6830
6847
6853
6858
6883
6889
6910
6932
6942
6947
6969
6973
6975
6988
6999
7014
7019
7032
7037
7042
7043
7057
7064
7070
7086
7087
7090
7122
7131
7140
7159
7169
7188
7189
7206
7209
7210
7217
7222
7224
7225
7228
7229
7237
7240
7241
7286
7288
7295
7319
7324
7342
7346
7379
7390
7442
7464
7467
7500
7503
7527
7552
7574
7609
7664
7666
7668
7696
7734
7736
7738
7739
7755
7757
7758
7759
7761
7771
7807
7829
7842
7870
7931
7937
7941
7955
7969
7973
7996
8012
8040
8096
8097
8150
8167
8197
8200
8218
8220
8229
8231
8232
8250
8265
8266
8277
8291
8294
8295
8296
8306
8310
8327
8331
8334
8336
8353
8385
8396
8400
8419
8467
8481
8484
8485
8489
8490
8492
8496
8499
8505
8527
8537
8540
8547
8550
8565
8566
8589
8608
8616
8620
8653
8686
8701
8718
8723
8736
8761
8772
8786
8798
8801
8806
8815
8844
8864
8866
8872
8876
8883
8893
8905
8918
8945
8954
8963
8994
8996
9042
9043
9078
9079
9084
9088
9155
9158
9164
9166
9174
9188
9194
9195
9197
9230
9237
9239
9258
9313
9381
9409
9411
9450
9458
9513
9514
9523
9526
9592
9602
9620
9632
9666
9673
9676
9678
9693
9694
9718
9733
9737
9739
9745
9763
9770
9795
9805
9808
9812
9816
9827
9860
9872
9875
9902
9942
9961
9998
9999
10005
10027
10031
10072
10143
10153
10171
10178
10208
10212
10238
10250
10273
10283
10320
10336
10363
10372
10397
10428
10449
10479
10488
10500
10503
10514
10516
10540
10596
10599
10622
10663
10664
10703
10721
10723
10728
10735
10764
10771
10831
10840
10861
10876
10883
10901
10908
10909
10911
10941
10960
10963
10971
10975
10976
10977
10979
10994
11004
11006
11015
11044
11062
11084
11085
11102
11105
11112
11141
11152
11170
11172
11173
11178
11199
11245
11259
11264
11322
11332
11374
11441
11454
11459
11473
11489
11493
11494
11498
11502
11506
11511
11515
11518
11521
11526
11570
11575
11590
11598
11636
11642
11674
11681
11744
11747
11750
11753
11763
11782
11808
11810
11811
11812
11814
11815
11849
11851
11862
11863
11908
11914
11925
11934
11958
11966
11999
12015
12027
12034
12036
12047
12048
12049
12052
12063
12064
12066
12074
12077
12134
12169
12171
12202
12227
12235
12267
12276
12277
12295
12315
12369
12387
12392
12459
12466
12478
12479
12481
12495
12504
12529
12535
12537
12541
12544
12563
12577
12580
12590
12614
12626
12628
12637
12692
12701
12719
12722
12744
12750
12758
12761
12812
12833
12854
12894
12926
12962
12969
12973
12974
12997
13013
13060
13067
13069
13080
13095
13097
13106
13182
13188
13200
13210
13233
13256
13279
13290
13295
13334
13335
13340
13352
13360
13366
13429
13433
13454
13460
13461
13468
13478
13499
13508
13509
13533
13553
13574
13587
13619
13623
13626
13673
13678
13705
13714
13718
13720
13721
13723
13725
13753
13810
13837
13862
13898
13913
13976
13987
13990
14003
14066
14085
14096
14107
14117
14130
14144
14202
14206
14240
14243
14276
14305
14329
14369
14380
14382
14401
14402
14407
14408
14409
14410
14489
14496
14512
14516
14520
14541
14627
14631
14670
14673
14691
14702
14709
14716
14719
14722
14723
14734
14793
14804
14858
14895
14903
14926
14951
14961
14964
14969
15005
15025
15027
15028
15063
15068
15072
15079
15116
15129
15185
15304
15367
15373
15391
15392
15397
15399
15402
15413
15414
15416
15418
15419
15491
15552
15563
15583
15615
15647
15648
15706
15712
15796
15798
15803
15810
15832
15915
15919
15961
16020
16033
16047
16066
16081
16082
16084
16085
16089
16094
16127
16173
16220
16225
16229
16304
16309
16315
16343
16424
16437
16438
16504
16527
16572
16631
16659
16676
16702
16705
16772
16802
16852
16875
16883
16888
16918
16925
16930
16953
16962
16963
17017
17073
17155
17229
17238
17295
17298
17347
17372
17391
17442
17457
17461
17474
17494
17499
17511
17555
17609
17627
17635
17653
17664
17668
17732
17735
17752
17768
17830
17843
17855
17857
17895
17941
17954
18034
18065
18075
18126
18150
18166
18209
18221
18225
18227
18231
18232
18238
18245
18246
18249
18258
18269
18270
18287
18322
18338
18348
18399
18427
18449
18474
18502
18513
18526
18587
18597
18626
18655
18697
18790
18794
18807
18823
18851
18864
18923
18930
18948
19007
19023
19028
19077
19089
19095
19104
19148
19152
19168
19185
19187
19189
19195
19197
19199
19201
19203
19204
19207
19232
19241
19330
19332
19354
19357
19401
19453
19466
19471
19497
19505
19558
19566
19596
19643
19703
19708
19732
19736
19747
19750
19793
19831
19847
19863
19886
19895
19948
19953
19971
19977
20004
20044
20045
20100
20133
20142
20151
20152
20171
20206
20209
20233
20238
20239
20241
20256
20304
20330
20361
20418
20421
20477
20497
20503
20529
20530
20542
20545
20589
20591
20601
20602
20603
20610
20633
20672
20706
20724
20726
20756
20918
20968
21036
21039
21043
21064
21096
21131
21138
21149
21193
21214
21216
21218
21220
21224
21225
21247
21320
21373
21386
21407
21415
21489
21531
21544
21629
21674
21806
21832
21951
21980
21981
21990
22035
22155
22375
22412
22590
22602
22681
22682
22687
22835
22900
22930
23138
23363
23519
23524
23529
23591
23692
23742
23785
23838
23860
24065
24161
24195
24236
24245
24276
24288
24336
24390
24394
24413
24561
24612
24628
24652
24659
24691
24737
24827
24966
24975
24999
25100
25101
25170
25174
25191
25205
25231
25289
25312
25362
25496
25507
25710
25953
26005
26022
26218
26263
26304
26431
26443
26447
26470
26520
26564
26635
26646
26662
26813
26831
26854
26855
26894
26940
26969
26974
26977
26986
27078
27172
27195
27210
27227
27354
27419
27454
27560
27664
27805
27928
27966
28001
28016
28031
28104
28226
28234
28430
28437
28448
28511
28705
28712
28742
28878
28948
