0
5
7
10
12
14
15
16
17
22
23
24
25
29
30
32
33
36
39
42
45
46
48
49
51
53
75
101
111
117
123
126
131
132
137
142
176
179
189
192
212
215
216
217
219
269
270
274
303
319
322
326
328
330
332
333
370
386
388
390
392
398
400
410
419
422
459
470
492
498
518
522
523
524
526
539
578
584
588
590
597
599
602
605
610
612
616
618
620
623
626
629
632
640
641
642
647
652
653
655
659
660
661
664
668
672
676
677
679
681
684
685
687
689
691
692
694
695
697
700
702
704
706
709
710
741
758
762
766
773
776
777
786
788
795
802
814
834
835
836
837
838
843
846
854
856
858
861
862
863
864
866
869
872
873
876
878
879
880
882
883
884
887
890
892
893
894
897
899
900
902
906
911
913
915
917
919
921
923
925
928
930
931
933
934
937
939
940
943
944
945
948
950
952
953
959
963
976
1019
1032
1049
1077
1078
1086
1096
1098
1101
1102
1104
1105
1106
1140
1146
1156
1182
1183
1187
1192
1194
1195
1196
1197
1198
1199
1200
1205
1206
1211
1213
1214
1217
1227
1236
1243
1245
1248
1249
1250
1254
1256
1258
1259
1266
1268
1269
1270
1277
1313
1315
1317
1318
1319
1328
1335
1336
1338
1341
1342
1344
1346
1347
1410
1411
1415
1418
1420
1423
1425
1428
1453
1454
1459
1462
1463
1465
1468
1471
1472
1489
1493
1496
1497
1500
1502
1503
1505
1507
1508
1510
1515
1516
1519
1522
1526
1527
1529
1530
1531
1535
1536
1540
1542
1544
1546
1547
1554
1557
1559
1564
1578
1579
1580
1582
1584
1586
1587
1588
1594
1601
1604
1618
1620
1621
1624
1628
1630
1632
1634
1636
1638
1641
1642
1643
1645
1646
1647
1649
1651
1652
1654
1655
1659
1662
1670
1671
1673
1681
1685
1689
1695
1699
1701
1707
1710
1722
1757
1772
1788
1795
1805
1806
1807
1810
1815
1818
1819
1823
1824
1829
1830
1835
1836
1838
1840
1844
1846
1847
1849
1852
1854
1857
1859
1861
1864
1867
1872
1897
1910
1936
1937
1939
1944
1949
1950
1952
1954
1956
1957
1959
1965
1966
1968
1969
1971
1973
1975
1979
1980
1981
1987
1989
1991
1994
1996
1997
2002
2005
2011
2013
2024
2043
2073
2096
2127
2135
2137
2164
2183
2184
2185
2201
2202
2203
2206
2217
2277
2296
2297
2299
2300
2302
2304
2305
2306
2308
2309
2312
2313
2319
2322
2325
2331
2332
2333
2357
2358
2361
2364
2373
2377
2385
2386
2388
2391
2393
2396
2402
2404
2411
2430
2443
2448
2452
2455
2469
2480
2481
2484
2486
2492
2498
2523
2529
2534
2536
2537
2539
2540
2542
2545
2548
2550
2552
2554
2557
2558
2559
2561
2563
2574
2593
2628
2635
2653
2692
2702
2720
2745
2759
2760
2772
2776
2780
2785
2792
2797
2812
2814
2817
2820
2823
2828
2840
2845
2847
2850
2851
2853
2855
2858
2859
2862
2864
2865
2868
2870
2871
2872
2875
2877
2878
2880
2883
2885
2889
2892
2902
2903
2907
2909
2910
2911
2916
2917
2920
2922
2923
2927
2929
2930
2956
2961
2963
2966
2967
2969
2995
2999
3005
3008
3009
3015
3016
3037
3051
3053
3057
3072
3073
3077
3078
3080
3083
3102
3104
3105
3134
3149
3154
3157
3159
3161
3163
3165
3168
3170
3172
3203
3227
3228
3230
3231
3232
3233
3234
3268
3310
3312
3328
3329
3330
3333
3334
3361
3379
3399
3400
3417
3418
3458
3460
3461
3463
3466
3467
3470
3473
3475
3476
3477
3499
3525
3527
3530
3531
3539
3543
3563
3565
3568
3569
3575
3608
3616
3651
3769
3770
3775
3776
3778
3779
3780
3783
3786
3788
3789
3791
3794
3796
3797
3799
3804
3805
3806
3809
3817
3819
3823
3826
3827
3830
3831
3833
3834
3842
3843
3845
3847
3859
3900
3903
3917
3918
3919
3922
3926
3931
3934
3936
3937
3940
3942
3947
3948
3951
3955
3956
3957
3969
3983
3985
3986
3988
3990
3994
3997
4000
4001
4006
4007
4009
4012
4017
4019
4106
4122
4124
4159
4161
4162
4165
4167
4169
4170
4177
4186
4203
4218
4219
4221
4226
4227
4229
4233
4234
4235
4237
4238
4244
4248
4249
4250
4252
4257
4259
4270
4272
4274
4276
4281
4282
4303
4324
4395
4399
4400
4401
4404
4405
4407
4410
4449
4451
4453
4454
4455
4457
4458
4477
4502
4524
4546
4547
4550
4553
4562
4564
4566
4570
4572
4575
4577
4585
4587
4588
4590
4592
4593
4594
4599
4601
4603
4605
4606
4610
4611
4612
4614
4652
4682
4683
4685
4686
4689
4691
4692
4693
4698
4700
4702
4704
4707
4708
4709
4714
4717
4723
4724
4727
4728
4761
4762
4763
4847
4848
4856
4857
4861
4863
4864
4867
4898
4904
4906
4947
4979
4981
4983
4985
4995
4996
4997
4998
4999
5000
5001
5002
5004
5020
5025
5032
5045
5047
5049
5050
5052
5053
5056
5057
5059
5060
5061
5062
5068
5070
5072
5073
5134
5168
5203
5207
5211
5213
5217
5219
5223
5227
5228
5229
5231
5233
5237
5239
5246
5247
5250
5251
5258
5259
5264
5267
5269
5275
5278
5284
5286
5293
5295
5298
5299
5302
5305
5306
5310
5319
5323
5330
5354
5358
5361
5363
5364
5365
5367
5368
5369
5370
5378
5384
5418
5419
5422
5425
5459
5461
5464
5465
5492
5497
5498
5502
5504
5505
5507
5509
5510
5512
5513
5515
5516
5519
5523
5528
5533
5537
5538
5540
5544
5545
5546
5548
5550
5552
5553
5556
5557
5559
5561
5563
5564
5568
5569
5570
5572
5573
5574
5575
5577
5579
5581
5584
5587
5588
5589
5590
5593
5596
5598
5599
5600
5602
5603
5605
5606
5607
5610
5613
5616
5620
5621
5624
5627
5630
5638
5641
5645
5648
5651
5652
5654
5701
5702
5703
5737
5745
5747
5754
5756
5757
5791
5803
5805
5808
5810
5812
5815
5820
5821
5822
5825
5826
5827
5829
5833
5835
5836
5837
5841
5844
5849
5850
5855
5862
5864
5866
5867
5870
5871
5872
5876
5878
5881
5884
5886
5889
5890
5893
5897
5901
5902
5904
5905
5908
5914
5919
5921
5923
5924
5925
5931
5934
5937
5941
5949
5953
5960
5961
5962
5968
5970
5974
5975
5978
6010
6014
6023
6034
6036
6065
6066
6067
6068
6101
6112
6130
6155
6187
6198
6200
6202
6203
6211
6213
6214
6215
6217
6218
6220
6221
6229
6230
6232
6233
6235
6240
6245
6247
6248
6250
6253
6255
6257
6260
6262
6264
6267
6268
6270
6272
6274
6275
6279
6280
6282
6287
6289
6291
6295
6297
6301
6305
6323
6326
6412
6419
6420
6461
6462
6465
6466
6470
6472
6474
6475
6477
6479
6482
6483
6484
6486
6487
6488
6493
6497
6501
6502
6507
6510
6512
6519
6520
6522
6524
6525
6526
6530
6532
6533
6535
6539
6540
6542
6544
6557
6582
6684
6685
6709
6713
6715
6726
6727
6728
6729
6731
6736
6738
6739
6740
6742
6746
6749
6750
6751
6783
6785
6786
6787
6798
6807
6812
6813
6814
6816
6820
6825
6826
6833
6837
6839
6840
6843
6846
6847
6853
6857
6871
6883
6912
6919
6950
6973
7015
7068
7069
7079
7081
7114
7146
7147
7149
7150
7151
7235
7294
7336
7383
7386
7388
7390
7392
7397
7398
7400
7406
7407
7475
7492
7499
7522
7524
7525
7530
7532
7535
7546
7548
7549
7550
7570
7572
7603
7606
7607
7611
7614
7617
7620
7622
7624
7625
7628
7630
7634
7637
7638
7639
7640
7641
7643
7644
7647
7649
7650
7651
7654
7656
7657
7659
7660
7661
7662
7663
7664
7665
7667
7669
7678
7684
7700
7718
7719
7720
7724
7725
7732
7774
7775
7816
7818
7820
7833
7834
7838
7841
7843
7846
7848
7851
7853
7859
7882
7883
7884
8002
8091
8122
8145
8171
8212
8249
8250
8254
8257
8258
8261
8266
8268
8269
8271
8275
8278
8281
8282
8284
8286
8288
8290
8295
8297
8298
8299
8302
8304
8306
8308
8311
8315
8317
8319
8321
8323
8326
8328
8330
8331
8335
8337
8341
8343
8345
8347
8349
8353
8382
8460
8488
8545
8546
8548
8552
8555
8558
8561
8562
8564
8567
8568
8569
8570
8571
8573
8575
8578
8579
8582
8584
8585
8586
8591
8592
8595
8618
8640
8658
8715
8758
8762
8767
8808
8809
8810
8811
8813
8814
8815
8838
8842
8872
8877
8880
8882
8884
8888
8894
8955
8974
8975
8976
9011
9014
9015
9017
9018
9021
9023
9025
9028
9029
9034
9037
9038
9045
9085
9100
9102
9103
9104
9108
9109
9112
9114
9115
9117
9228
9229
9238
9239
9243
9246
9267
9279
9320
9322
9324
9328
9332
9333
9334
9339
9341
9342
9344
9346
9349
9353
9357
9358
9360
9362
9372
9373
9375
9376
9377
9379
9380
9385
9389
9391
9395
9397
9402
9422
9427
9435
9441
9443
9445
9447
9451
9453
9454
9455
9457
9459
9460
9468
9470
9471
9474
9477
9480
9486
9489
9490
9496
9498
9502
9503
9509
9511
9512
9513
9515
9517
9518
9524
9525
9542
9544
9547
9574
9580
9613
9623
9626
9630
9632
9634
9635
9637
9638
9648
9654
9655
9658
9662
9663
9665
9673
9676
9677
9681
9682
9689
9691
9693
9695
9700
9702
9704
9710
9712
9713
9717
9723
9724
9729
9731
9734
9736
9739
9742
9745
9751
9754
9764
9765
9771
9776
9778
9784
9787
9789
9790
9802
9804
9805
9807
9809
9814
9818
9820
9822
9823
9833
9836
9837
9838
9841
9843
9846
9848
9849
9850
9853
9856
9858
9860
9862
9863
9864
9865
9866
9868
9871
9874
9875
9877
9883
9888
9890
9920
9923
9927
9932
9936
9938
9940
9951
9957
9959
9962
9964
9965
9968
9970
9972
9974
9978
9979
9982
9984
9985
9988
9989
9991
9993
9995
9999
10001
10005
10009
10014
10016
10018
10027
10034
10036
10059
10077
10078
10099
10102
10103
10105
10108
10109
10112
10118
10119
10121
10123
10125
10127
10129
10132
10136
10139
10140
10141
10143
10146
10147
10149
10150
10151
10158
10159
10160
10162
10163
10167
10171
10172
10173
10176
10177
10178
10179
10181
10183
10187
10188
10189
10191
10195
10196
10200
10204
10206
10217
10221
10233
10235
10241
10243
10245
10255
10259
10262
10265
10266
10270
10272
10274
10276
10278
10279
10283
10286
10289
10294
10297
10298
10303
10306
10308
10309
10314
10316
10319
10321
10323
10326
10328
10330
10332
10333
10337
10340
10341
10344
10346
10351
10352
10353
10354
10355
10357
10358
10359
10367
10368
10416
10418
10425
10429
10434
10436
10440
10444
10447
10450
10456
10459
10463
10465
10469
10477
10482
10489
10491
10493
10496
10498
10502
10503
10505
10508
10510
10511
10512
10516
10520
10521
10523
10526
10527
10529
10530
10534
10540
10542
10545
10571
10572
10576
10578
10581
10582
10583
10586
10600
10647
10648
10652
10653
10656
10657
10661
10663
10668
10670
10674
10676
10678
10679
10680
10682
10684
10688
10690
10691
10692
10694
10699
10701
10702
10704
10707
10711
10714
10717
10718
10720
10721
10726
10730
10733
10734
10736
10738
10739
10741
10742
10744
10746
10752
10754
10758
10759
10763
10764
10765
10766
10768
10788
10805
10824
10880
10892
10908
10920
10921
10931
10933
10934
10967
10990
10991
10993
11003
11048
11095
11111
11113
11114
11179
11180
11181
11183
11191
11224
11231
11235
11237
11239
11241
11243
11245
11246
11247
11248
11265
11269
11288
11290
11309
11325
11326
11329
11331
11332
11334
11337
11338
11341
11344
11347
11351
11353
11356
11366
11374
11375
11380
11386
11391
11392
11394
11396
11397
11399
11400
11404
11407
11412
11413
11414
11415
11418
11419
11426
11435
11437
11440
11446
11448
11455
11457
11458
11461
11462
11463
11465
11468
11485
11498
11501
11504
11505
11509
11512
11514
11518
11526
11532
11546
11582
11590
11592
11617
11621
11671
11672
11675
11676
11679
11690
11692
11694
11696
11699
11700
11704
11706
11707
11708
11710
11714
11756
11772
11799
11810
11845
11922
11940
11958
11959
11966
11967
11979
12031
12044
12057
12058
12063
12064
12065
12067
12070
12072
12074
12075
12077
12079
12081
12083
12084
12087
12089
12091
12093
12094
12096
12098
12099
12101
12102
12105
12107
12109
12110
12112
12114
12119
12122
12126
12129
12130
12132
12133
12134
12135
12136
12138
12142
12147
12148
12150
12151
12153
12154
12217
12222
12223
12225
12227
12274
12275
12277
12279
12280
12283
12284
12287
12289
12290
12333
12336
12341
12347
12350
12354
12355
12358
12364
12366
12368
12370
12376
12378
12379
12380
12381
12383
12384
12388
12397
12417
12420
12421
12423
12446
12459
12460
12461
12501
12544
12545
12565
12580
12582
12583
12584
12588
12589
12609
12610
12632
12635
12638
12639
12642
12651
12655
12657
12666
12689
12691
12697
12708
12709
12710
12737
12767
12771
12816
12832
12858
12862
12866
12867
12869
12870
12872
12874
12875
12878
12879
12881
12883
12884
12885
12886
12887
12940
12943
12944
12948
12965
12968
12990
12993
12996
12998
12999
13001
13004
13007
13009
13010
13012
13013
13016
13018
13022
13023
13024
13026
13027
13051
13065
13071
13076
13144
13150
13151
13164
13166
13169
13170
13173
13174
13178
13183
13185
13189
13190
13200
13212
13216
13235
13251
13296
13333
13415
13497
13520
13525
13528
13530
13535
13557
13573
13578
13580
13582
13591
13619
13625
13656
13657
13659
13661
13663
13664
13668
13691
13722
13750
13758
13777
13825
13840
13901
13903
13905
13909
13910
13911
13912
13915
13917
13918
13933
13942
13943
13949
13950
13951
13957
13958
13961
13967
14007
14011
14028
14045
14050
14051
14054
14056
14059
14060
14062
14065
14106
14109
14111
14115
14117
14121
14122
14126
14130
14133
14136
14140
14141
14142
14149
14150
14153
14157
14158
14159
14162
14166
14167
14170
14171
14172
14175
14180
14182
14188
14190
14191
14192
14194
14196
14198
14199
14204
14235
14252
14264
14267
14272
14275
14278
14290
14292
14303
14347
14349
14364
14368
14379
14380
14381
14384
14385
14386
14389
14391
14394
14397
14400
14403
14408
14409
14412
14434
14453
14454
14489
14495
14499
14501
14509
14512
14515
14517
14519
14522
14524
14525
14528
14529
14532
14536
14538
14540
14541
14545
14547
14548
14550
14551
14552
14554
14556
14559
14565
14607
14615
14635
14637
14639
14640
14641
14647
14650
14651
14653
14654
14656
14657
14658
14696
14700
14701
14708
14709
14711
14714
14715
14716
14717
14720
14744
14746
14824
14876
14877
14878
14886
14891
14892
14895
14900
14904
14909
14916
14932
14939
14958
14959
14976
14977
14982
14995
14997
15025
15049
15063
15065
15070
15077
15080
15085
15086
15088
15090
15091
15102
15149
15233
15240
15242
15263
15265
15267
15270
15273
15274
15275
15286
15305
15344
15380
15382
15385
15387
15389
15392
15394
15396
15400
15402
15420
15428
15451
15623
15627
15642
15720
15809
15862
15887
15890
15902
15977
15978
15979
16012
16014
16017
16019
16026
16027
16030
16031
16053
16079
16094
16145
16197
16367
16382
16404
16490
16531
16543
16551
16569
16577
16581
16585
16586
16591
16593
16598
16603
16607
16610
16611
16618
16628
16629
16634
16637
16644
16669
16690
16692
16696
16698
16700
16704
16705
16711
16715
16716
16717
16720
16722
16724
16725
16727
16729
16732
16733
16735
16736
16742
16743
16746
16753
16754
16758
16760
16761
16763
16764
16766
16772
16773
16776
16779
16780
16783
16786
16790
16791
16793
16795
16796
16798
16815
16843
16844
16845
16873
16909
16916
16961
16963
16966
16978
17028
17039
17041
17159
17181
17221
17289
17294
17298
17301
17302
17307
17308
17309
17329
17382
17426
17490
17512
17649
17651
17735
17803
17804
17822
17843
17870
17876
17919
17976
18022
18024
18028
18029
18034
18040
18046
18048
18049
18050
18052
18054
18056
18059
18061
18063
18068
18073
18102
18112
18119
18123
18138
18152
18155
18157
18164
18169
18172
18195
18220
18236
18240
18247
18248
18251
18253
18257
18276
18278
18282
18283
18285
18286
18292
18295
18296
18297
18299
18321
18323
18325
18326
18329
18332
18333
18335
18336
18339
18341
18344
18347
18348
18350
18351
18457
18461
18463
18465
18466
18469
18470
18472
18473
18475
18478
18483
18485
18486
18490
18492
18493
18494
18498
18501
18503
18504
18507
18510
18513
18515
18517
18518
18519
18522
18523
18525
18526
18527
18530
18533
18536
18539
18541
18545
18547
18548
18550
18551
18553
18594
18614
18618
18620
18621
18651
18679
18698
18751
18787
18902
19015
19083
19130
19137
19175
19220
19224
19248
19250
19251
19256
19258
19260
19261
19263
19265
19274
19279
19283
19289
19298
19299
19300
19301
19304
19308
19311
19312
19332
19344
19347
19350
19351
19363
19367
19383
19384
19388
19390
19391
19394
19395
19397
19404
19407
19432
19433
19461
19463
19466
19467
19472
19513
19516
19518
19521
19523
19526
19531
19532
19533
19536
19537
19539
19540
19542
19544
19546
19547
19550
19551
19554
19556
19558
19562
19564
19568
19571
19574
19575
19576
19577
19579
19580
19582
19588
19593
19595
19597
19599
19600
19604
19606
19609
19612
19614
19618
19620
19623
19625
19626
19627
19630
19632
19634
19637
19642
19644
19771
19772
19861
19969
19994
20026
20058
20062
20159
20232
20358
20372
20379
20407
20410
20424
20426
20427
20457
20633
20637
20639
20642
20643
20644
20678
20704
20718
20757
20863
20864
20866
20868
20883
20928
20971
20972
21089
21097
21128
21129
21132
21134
21139
21143
21146
21147
21149
21151
21158
21161
21165
21168
21174
21176
21180
21182
21187
21189
21191
21194
21196
21199
21201
21204
21208
21211
21213
21215
21216
21219
21222
21226
21228
21229
21234
21238
21240
21243
21245
21248
21249
21251
21254
21257
21259
21265
21266
21270
21272
21274
21278
21280
21282
21284
21294
21297
21301
21305
21307
21310
21312
21315
21318
21321
21322
21323
21325
21333
21336
21338
21339
21341
21349
21351
21354
21364
21365
21366
21369
21382
21383
21386
21390
21391
21392
21395
21400
21402
21409
21411
21414
21419
21420
21422
21424
21433
21444
21445
21448
21449
21450
21452
21454
21456
21458
21464
21467
21471
21472
21473
21477
21479
21482
21486
21489
21491
21495
21499
21500
21502
21504
21505
21506
21510
21512
21513
21523
21525
21591
21598
21615
21643
21645
21674
21733
21746
21800
21801
21803
21805
21808
21810
21811
21812
21814
21815
21816
21828
21845
22006
22086
22146
22278
22302
22304
22307
22312
22313
22316
22332
22335
22338
22362
22363
22365
22374
22468
22474
22475
22480
22597
22628
22631
22632
22635
22676
22678
22679
22720
22885
22901
23038
23200
23208
23218
23222
23226
23229
23233
23235
23240
23242
23316
23414
23437
23438
23439
23440
23443
23453
23455
23456
23462
23464
23466
23475
23480
23482
23484
23524
23637
23660
23666
23668
23671
23673
23677
23679
23681
23683
23684
23686
23690
23691
23692
23696
23697
23699
23700
23701
23703
23705
23706
23707
23709
23712
23713
23822
23998
24033
24270
24271
24275
24276
24277
24278
24281
24282
24284
24287
24289
24291
24293
24294
24296
24297
24298
24301
24303
24305
24306
24308
24313
24316
24318
24320
24323
24326
24329
24332
24333
24336
24337
24339
24340
24342
24344
24347
24349
24350
24352
24353
24354
24358
24363
24364
24366
24370
24373
24374
24377
24378
24380
24387
24389
24391
24393
24395
24397
24398
24402
24404
24406
24408
24410
24412
24418
24419
24422
24423
24424
24428
24430
24431
24432
24433
24435
24436
24439
24441
24443
24444
24446
24447
24448
24450
24451
24543
24547
24549
24550
24553
24556
24562
24564
24569
24573
24575
24577
24581
24583
24587
24588
24590
24593
24598
24615
24622
24624
24627
24628
24632
24634
24639
24642
24649
24654
24658
24659
24665
24667
24670
24671
24672
24675
24681
24684
24686
24688
24690
24693
24697
24701
24702
24703
24705
24711
24800
24843
24852
24855
24857
24861
24863
24869
24873
24875
24879
24881
24882
24888
24889
24894
24897
24899
24900
24905
24911
24913
24915
24919
24920
24923
24924
24928
24932
24938
24941
24943
24945
24948
24950
24952
24959
24960
24964
24967
24969
24970
24977
24981
24983
24984
24985
24989
24991
24992
24993
24995
24999
25000
25002
25004
25006
25007
25018
25022
25026
25028
25032
25034
25039
25045
25047
25052
25054
25059
25063
25066
25068
25069
25071
25072
25074
25075
25121
25204
25336
25339
25342
25345
25350
25361
25363
25365
25367
25368
25371
25374
25375
25376
25379
25383
25384
25386
25388
25391
25392
25396
25399
25404
25411
25413
25416
25419
25421
25422
25426
25433
25437
25438
25442
25445
25448
25452
25455
25457
25459
25461
25467
25469
25470
25472
25474
25476
25481
25482
25485
25488
25490
25491
25493
25496
25499
25501
25503
25504
25505
25506
25508
25510
25512
25515
25516
25518
25520
25521
25531
25532
25535
25539
25543
25544
25547
25550
25551
25557
25559
25560
25564
25576
25578
25583
25587
25608
25610
25611
25613
25615
25619
25623
25624
25625
25627
25628
25630
25633
25634
25644
25711
25713
25715
25722
25723
25727
25728
25730
25731
25733
25737
25742
25743
25747
25892
25906
25932
26017
26059
26164
26178
26444
26455
26470
26478
26482
26485
26490
26491
26708
26835
26882
26940
26941
26942
26996
27101
27143
27268
27291
27337
27346
27486
27510
27768
27853
27858
27881
27882
27885
27898
27902
27904
27906
27909
27915
28074
28140
28164
28165
28172
28173
28176
28177
28179
28182
28184
28186
28194
28200
28339
28497
28518
28591
28592
28641
28644
28647
28692
28693
28844
28957
28958
28961
28965
28970
28971
28973
29021
29023
29024
29028
29031
29032
29048
29051
29071
29087
29094
29098
29104
29117
29177
29261
29619
29847
29940
29943
29947
29950
29952
29956
29960
29968
29970
29971
29975
29977
29980
29985
29986
29995
30030
30032
30033
30134
30135
30136
30141
30144
30146
30152
30156
30157
30158
30161
30162
30163
30165
30168
30170
30173
30174
30175
30176
30177
30184
30188
30189
30190
30192
30193
30196
30201
30202
30203
30206
30208
30213
30214
30217
30218
30219
30222
30223
30224
30229
30230
30231
30236
30243
30248
30258
30261
30263
30265
30271
30272
30277
30278
30283
30285
30288
30289
30293
30296
30298
30304
30305
30311
30314
30316
30329
30343
30345
30353
30357
30358
30360
30362
30363
30366
30371
30374
30376
30379
30383
30384
30386
30388
30391
30393
30403
30412
30413
30417
30419
30420
30421
30427
30429
30430
30434
30435
30437
30440
30443
30446
30449
30453
30455
30456
30458
30461
30462
30526
30595
30596
30599
30604
30606
30610
30617
30620
30623
30624
30629
30632
30634
30638
30640
30643
30646
30649
30652
30658
30659
30670
30676
30677
30679
30680
30685
30686
30694
30697
30699
30704
30706
30708
30710
30714
30721
30723
30724
30726
30729
30730
30733
30740
30802
30834
31028
31030
31036
31039
31045
31046
31050
31051
31055
31059
31062
31065
31082
31092
31094
31098
31100
31102
31108
31111
31112
31117
31118
31122
31131
31132
31134
31136
31139
31142
31144
31146
31153
31162
31166
31167
31172
31175
31182
31185
31189
31219
31338
31339
31345
31348
31352
31353
31355
31360
31362
31365
31369
31371
31375
31377
31381
31386
31398
31400
31406
31408
31409
31414
31417
31419
31425
31427
31430
31433
31435
31438
31440
31443
31449
31451
31456
31457
31459
31468
31470
31471
31509
31543
31545
31551
31553
31554
31556
31558
31560
31564
31565
31568
31571
31579
31583
31585
31586
31588
31664
31680
31697
31849
32073
32076
32081
32083
32113
32114
32168
32169
32170
32171
32173
32174
32177
32178
32181
32184
32189
32190
32191
32193
32196
32198
32201
32203
32208
32212
32216
32218
32220
32222
32223
32227
32230
32232
32236
32237
32238
32241
32244
32245
32248
32249
32251
32256
32258
32261
32265
32266
32270
32271
32274
32276
32278
32279
32282
32285
32286
32288
32291
32293
32295
32296
32298
32299
32301
32303
32305
32309
32312
32316
32318
32320
32324
32325
32328
32330
32337
32407
32409
32410
32446
32517
32600
32601
32642
32726
32728
32732
32742
32749
32751
32754
32756
32758
32759
32764
32766
32806
32808
32809
32860
32873
32874
32878
32885
32887
32890
32895
32899
32939
33035
33037
33039
33040
33072
33074
33076
33078
33123
33128
33129
33133
33135
33139
33140
33143
33146
33149
33155
33162
33164
33167
33168
33169
33171
33186
33195
33214
33307
33478
33499
33637
