0 21
2 10
1 21
2 21
3 21
0 19
1 19
0 7
0 35
2 19
0 25
0 4
3 19
2 25
1 7
2 35
1 4
0 16
0 45
0 11
1 25
0 17
1 45
2 45
3 45
1 11
2 4
3 4
3 25
2 11
1 16
0 20
3 11
1 20
2 20
1 17
0 31
0 47
3 20
3 10
2 36
1 31
2 31
3 31
1 35
0 34
2 48
0 28
0 41
0 15
3 48
1 34
0 44
2 17
2 34
0 8
1 44
1 47
0 43
3 17
3 34
2 29
1 43
0 1
2 44
2 43
1 28
0 40
0 24
0 14
0 29
0 27
1 1
3 43
1 40
2 40
1 15
2 47
1 41
2 7
0 30
1 29
3 44
0 5
1 8
3 7
2 28
2 14
1 24
2 24
1 5
1 14
3 14
1 30
2 30
1 27
0 39
0 38
0 26
3 47
0 6
0 46
2 9
0 9
1 26
3 28
2 15
1 46
0 48
0 49
1 39
2 26
3 29
0 0
2 1
3 26
2 27
1 38
3 24
1 0
0 32
2 0
0 2
3 0
3 15
1 9
0 33
0 36
1 48
2 32
2 46
0 3
1 49
3 46
1 6
0 13
2 49
3 35
1 2
2 2
1 32
0 18
2 38
3 32
3 27
0 10
3 38
0 12
2 16
2 39
1 12
1 10
1 13
1 33
3 2
2 42
1 36
2 13
3 1
3 9
2 5
3 49
1 3
0 37
3 5
3 16
0 42
2 8
3 30
1 37
1 18
2 12
2 3
3 39
2 37
3 8
0 22
2 41
1 42
2 33
1 22
3 41
3 37
0 23
3 42
3 33
3 13
2 22
2 18
3 36
3 3
3 18
2 6
1 23
2 23
3 6
3 23
3 12
3 40
3 22

Score: 135.03000000000023