0
0
3
4
5
6
7
8
9
10
15
17
18
20
22
23
27
28
30
34
37
38
39
40
42
45
50
52
53
54
55
56
61
62
64
65
71
72
74
77
78
80
82
84
87
88
89
92
93
96
98
100
103
106
107
110
111
112
114
115
118
120
121
122
126
128
129
130
131
135
137
138
140
143
144
146
148
151
152
154
155
156
158
159
160
161
165
166
168
169
172
173
174
176
178
180
185
190
193
195
196
197
199
203
204
207
208
211
213
217
218
220
223
225
228
230
231
234
235
237
239
242
244
246
248
250
257
259
266
268
272
279
284
285
289
291
294
295
301
302
303
308
310
311
313
315
319
320
321
322
325
329
333
334
337
338
339
340
341
343
345
347
348
349
351
352
356
366
368
369
370
371
372
374
375
376
377
379
381
384
386
390
391
392
398
401
403
404
411
415
420
422
427
435
438
439
442
443
444
450
453
454
455
458
461
464
465
467
469
472
474
475
478
484
485
488
489
497
500
503
516
518
519
527
528
529
534
535
537
539
541
543
546
547
550
553
555
557
558
560
561
563
565
566
568
574
575
577
578
580
585
586
587
590
591
592
594
595
597
600
614
615
619
620
623
626
630
631
633
635
637
639
640
643
645
652
654
657
660
662
666
667
669
673
676
678
680
681
682
686
689
693
697
698
700
702
704
706
707
710
713
715
716
717
718
721
722
723
725
732
734
737
740
741
742
743
749
750
751
753
757
758
761
763
765
766
768
771
774
780
781
782
787
789
790
793
795
798
801
807
808
810
811
812
814
815
817
818
819
820
825
829
832
834
837
838
839
846
848
854
856
857
860
861
862
865
868
873
875
876
877
878
883
885
887
890
891
895
897
898
901
903
906
908
913
914
915
916
918
919
921
924
926
928
930
932
933
935
936
943
946
951
952
957
961
962
965
967
969
971
974
976
977
980
981
984
986
987
988
994
995
996
998
1000
1002
1003
1004
1008
1009
1011
1013
1015
1021
1022
1023
1024
1027
1031
1033
1035
1037
1039
1041
1046
1047
1051
1052
1054
1056
1057
1059
1062
1063
1064
1066
1069
1072
1075
1076
1079
1082
1083
1086
1088
1089
1091
1092
1095
1097
1101
1102
1103
1107
1108
1110
1112
1114
1116
1119
1123
1125
1126
1128
1131
1132
1135
1137
1138
1140
1141
1143
1144
1146
1148
1149
1151
1154
1155
1157
1159
1160
1164
1165
1168
1172
1175
1176
1178
1182
1184
1185
1188
1191
1194
1195
1200
1204
1206
1208
1209
1210
1213
1214
1215
1216
1219
1220
1223
1227
1228
1230
1232
1233
1234
1235
1237
1240
1244
1245
1248
1250
1252
1253
1255
1256
1257
1261
1262
1265
1268
1270
1273
1279
1280
1281
1283
1288
1289
1290
1292
1293
1295
1297
1300
1301
1302
1304
1305
1308
1310
1311
1312
1316
1318
1321
1323
1324
1326
1327
1330
1331
1332
1335
1336
1337
1338
1339
1340
1342
1346
1348
1350
1353
1354
1356
1360
1362
1365
1366
1369
1372
1374
1377
1380
1382
1383
1387
1390
1393
1396
1397
1399
1402
1406
1407
1408
1409
1411
1413
1414
1420
1421
1423
1424
1425
1427
1429
1431
1433
1435
1437
1438
1439
1440
1442
1444
1445
1448
1450
1452
1453
1454
1455
1459
1462
1463
1464
1466
1468
1470
1476
1478
1479
1480
1481
1484
1485
1488
1490
1491
1494
1496
1504
1506
1508
1509
1511
1513
1519
1520
1521
1522
1526
1528
1529
1531
1533
1537
1538
1540
1542
1543
1544
1547
1548
1549
1551
1552
1553
1559
1562
1564
1567
1571
1573
1576
1577
1578
1580
1581
1583
1586
1587
1588
1589
1592
1595
1596
1598
1599
1601
1602
1603
1604
1605
1608
1610
1612
1613
1616
1617
1621
1623
1624
1627
1632
1633
1636
1637
1638
1639
1640
1642
1647
1649
1650
1651
1652
1655
1657
1659
1664
1666
1667
1668
1669
1670
1671
1672
1673
1676
1677
1678
1680
1681
1687
1690
1692
1695
1696
1699
1702
1704
1705
1706
1709
1710
1711
1713
1716
1717
1718
1723
1725
1727
1728
1730
1731
1734
1735
1739
1740
1743
1745
1746
1749
1751
1752
1754
1757
1759
1760
1763
1765
1771
1772
1776
1777
1780
1781
1785
1786
1791
1792
1793
1795
1796
1799
1800
1801
1804
1805
1806
1807
1808
1809
1811
1812
1814
1816
1818
1821
1822
1823
1824
1831
1834
1838
1839
1840
1842
1843
1844
1845
1846
1849
1851
1852
1853
1856
1857
1861
1863
1868
1870
1873
1875
1876
1877
1878
1880
1881
1882
1883
1884
1886
1887
1889
1892
1899
1900
1903
1904
1906
1908
1917
1918
1919
1920
1921
1924
1926
1928
1933
1935
1936
1938
1940
1941
1944
1948
1952
1954
1957
1961
1963
1968
1970
1971
1972
1973
1976
1977
1979
1982
1985
1986
1988
1989
1992
1993
1995
1996
1999
2000
2004
2006
2009
2012
2015
2017
2018
2019
2023
2025
2027
2043
2045
2046
2048
2049
2051
2054
2056
2059
2062
2069
2076
2077
2095
2096
2115
2119
2120
2122
2123
2124
2127
2134
2135
2137
2139
2140
2142
2145
2148
2152
2154
2156
2157
2159
2164
2169
2175
2179
2180
2188
2191
2195
2200
2203
2208
2210
2211
2212
2214
2218
2223
2228
2231
2233
2235
2236
2237
2242
2244
2245
2249
2252
2255
2258
2259
2260
2264
2265
2266
2267
2270
2271
2272
2274
2276
2277
2280
2282
2285
2286
2288
2289
2292
2293
2296
2300
2301
2304
2305
2307
2310
2313
2315
2317
2320
2321
2322
2324
2326
2327
2328
2330
2332
2333
2334
2337
2338
2339
2342
2343
2346
2348
2352
2356
2362
2363
2365
2367
2368
2370
2374
2382
2384
2388
2389
2390
2393
2394
2395
2397
2398
2401
2402
2403
2405
2408
2410
2413
2414
2416
2418
2420
2421
2427
2428
2430
2431
2435
2436
2438
2442
2443
2444
2445
2446
2448
2449
2452
2456
2458
2462
2466
2467
2470
2471
2476
2477
2479
2482
2487
2488
2496
2499
2511
2523
2524
2525
2528
2529
2530
2531
2534
2536
2552
2554
2557
2559
2562
2563
2564
2565
2567
2570
2571
2573
2576
2577
2578
2580
2581
2585
2587
2590
2591
2595
2596
2598
2600
2602
2603
2605
2606
2608
2611
2612
2615
2617
2619
2623
2626
2627
2630
2634
2638
2639
2641
2643
2647
2648
2649
2653
2656
2659
2663
2664
2665
2671
2675
2677
2681
2683
2685
2688
2690
2692
2697
2700
2703
2704
2706
2709
2711
2712
2713
2716
2718
2720
2722
2723
2725
2726
2728
2729
2733
2734
2742
2743
2744
2746
2747
2750
2751
2754
2755
2756
2757
2758
2760
2762
2763
2767
2769
2771
2774
2776
2777
2778
2780
2782
2784
2790
2793
2795
2799
2800
2803
2806
2808
2809
2812
2816
2818
2822
2825
2829
2831
2832
2836
2838
2839
2840
2843
2847
2848
2851
2852
2853
2854
2856
2857
2858
2860
2862
2864
2866
2868
2869
2870
2872
2875
2876
2877
2879
2882
2885
2886
2892
2894
2896
2900
2901
2903
2904
2907
2908
2912
2913
2915
2917
2920
2921
2923
2927
2930
2933
2935
2937
2938
2940
2941
2943
2947
2950
2952
2953
2954
2956
2960
2966
2967
2969
2970
2972
2975
2977
2982
2984
2986
2987
2989
2992
2995
2996
3001
3005
3011
3013
3015
3017
3018
3023
3024
3026
3028
3029
3032
3033
3036
3039
3040
3041
3043
3046
3047
3049
3050
3051
3053
3055
3056
3057
3058
3059
3060
3061
3063
3065
3070
3071
3072
3074
3085
3088
3090
3093
3095
3097
3099
3101
3105
3107
3114
3115
3119
3122
3126
3127
3128
3130
3131
3134
3137
3138
3142
3146
3147
3149
3153
3154
3156
3160
3161
3162
3163
3170
3180
3191
3199
3202
3205
3206
3209
3212
3213
3214
3215
3223
3225
3226
3228
3229
3234
3238
3240
3241
3243
3246
3247
3249
3252
3253
3254
3255
3256
3258
3263
3264
3266
3269
3272
3275
3278
3281
3283
3285
3288
3290
3291
3293
3294
3298
3300
3302
3303
3308
3310
3313
3314
3317
3318
3320
3321
3324
3326
3327
3328
3330
3331
3335
3338
3340
3342
3343
3346
3348
3349
3352
3353
3355
3369
3370
3371
3374
3376
3380
3384
3385
3386
3388
3389
3394
3399
3403
3404
3406
3408
3411
3412
3413
3414
3426
3428
3431
3433
3436
3438
3441
3448
3450
3453
3454
3455
3457
3467
3480
3512
3515
3528
3533
3535
3537
3548
3553
3557
3558
3559
3563
3574
3577
3579
3584
3585
3586
3593
3611
3616
3621
3624
3625
3626
3628
3630
3643
3647
3654
3658
3659
3664
3665
3666
3670
3673
3676
3681
3683
3690
3692
3713
3719
3721
3723
3729
3732
3740
3745
3750
3754
3764
3785
3801
3817
3819
3822
3824
3827
3831
3832
3833
3834
3836
3838
3840
3843
3844
3847
3851
3852
3853
3857
3860
3867
3872
3873
3874
3876
3877
3879
3882
3887
3891
3893
3896
3904
3907
3908
3909
3912
3914
3918
3919
3921
3922
3923
3927
3929
3934
3935
3937
3938
3940
3944
3945
3948
3953
3956
3960
3961
3962
3964
3966
3970
3973
3976
4003
4004
4009
4012
4013
4017
4019
4022
4023
4027
4028
4030
4033
4037
4045
4049
4051
4054
4056
4061
4064
4067
4069
4070
4073
4074
4076
4077
4078
4080
4081
4084
4088
4089
4090
4091
4094
4097
4098
4099
4100
4102
4103
4160
4162
4164
4167
4168
4171
4172
4174
4175
4176
4178
4180
4181
4184
4185
4187
4188
4192
4194
4197
4198
4199
4201
4203
4205
4208
4210
4213
4214
4215
4216
4218
4219
4222
4224
4225
4226
4227
4229
4236
4237
4239
4241
4243
4244
4249
4252
4254
4283
4289
4313
4325
4331
4337
4341
4345
4349
4353
4355
4357
4372
4373
4375
4381
4382
4385
4386
4388
4389
4390
4392
4394
4396
4401
4402
4403
4406
4407
4408
4422
4429
4462
4465
4468
4470
4472
4475
4479
4481
4483
4485
4488
4493
4500
4503
4504
4505
4506
4507
4509
4511
4512
4514
4516
4521
4524
4528
4530
4532
4534
4535
4539
4542
4545
4552
4558
4560
4562
4563
4564
4565
4567
4569
4571
4573
4574
4577
4578
4579
4581
4582
4585
4589
4593
4598
4601
4603
4604
4606
4608
4609
4611
4612
4614
4617
4619
4620
4622
4624
4628
4631
4632
4634
4636
4643
4645
4651
4656
4659
4663
4667
4678
4683
4685
4686
4687
4691
4696
4697
4698
4701
4702
4704
4707
4708
4712
4715
4716
4717
4718
4723
4724
4727
4730
4731
4732
4733
4734
4741
4743
4744
4746
4754
4755
4775
4777
4790
4805
4812
4813
4815
4816
4824
4831
4832
4835
4840
4850
4853
4855
4857
4860
4863
4866
4867
4868
4870
4874
4882
4906
4907
4909
4910
4915
4919
4920
4921
4922
4926
4928
4929
4930
4935
4937
4938
4939
4945
4947
4949
4956
4960
4964
4965
4968
4972
4981
4985
4987
4988
4992
4993
4994
4995
4997
4998
4999
5000
5003
5005
5010
5015
5016
5018
5019
5066
5083
5086
5087
5090
5093
5109
5111
5113
5115
5117
5121
5126
5129
5130
5132
5134
5137
5146
5157
5165
5168
5170
5174
5175
5177
5180
5182
5184
5185
5188
5190
5191
5193
5194
5200
5207
5210
5211
5215
5218
5219
5220
5221
5222
5224
5225
5227
5229
5230
5232
5237
5240
5241
5242
5248
5250
5251
5256
5257
5259
5262
5264
5267
5270
5271
5273
5274
5275
5280
5282
5286
5291
5292
5294
5295
5302
5303
5305
5306
5312
5315
5317
5318
5324
5327
5328
5330
5331
5335
5336
5342
5343
5347
5349
5354
5355
5357
5363
5365
5371
5373
5374
5376
5377
5378
5382
5384
5385
5386
5388
5392
5394
5400
5401
5403
5405
5408
5412
5414
5416
5419
5421
5427
5428
5429
5430
5432
5435
5436
5438
5439
5442
5444
5447
5452
5455
5463
5465
5466
5467
5471
5472
5474
5475
5476
5478
5481
5482
5483
5485
5490
5493
5498
5499
5501
5504
5507
5512
5514
5517
5519
5521
5523
5524
5529
5532
5536
5538
5539
5541
5542
5544
5548
5551
5552
5555
5556
5557
5562
5564
5565
5567
5568
5569
5573
5574
5576
5579
5580
5582
5584
5585
5587
5589
5595
5596
5601
5604
5609
5615
5617
5624
5632
5634
5640
5641
5645
5647
5649
5651
5652
5656
5658
5659
5660
5662
5666
5667
5670
5673
5674
5675
5677
5685
5686
5688
5691
5694
5695
5697
5703
5704
5705
5707
5709
5717
5721
5724
5726
5730
5733
5739
5743
5745
5746
5750
5753
5755
5757
5760
5761
5763
5767
5769
5772
5774
5782
5784
5787
5790
5794
5796
5798
5800
5803
5806
5813
5818
5819
5820
5821
5822
5824
5826
5827
5828
5830
5831
5832
5833
5837
5839
5845
5846
5847
5849
5851
5852
5855
5856
5857
5861
5867
5868
5870
5871
5873
5874
5876
5879
5881
5890
5893
5895
5898
5905
5908
5909
5911
5914
5915
5916
5920
5922
5923
5924
5926
5928
5930
5934
5936
5943
5946
5949
5950
5951
5954
5958
5960
5963
5966
5967
5969
5972
5973
5977
5979
5984
5990
5991
5996
5997
5999
6003
6005
6009
6010
6014
6017
6019
6020
6021
6024
6025
6031
6034
6038
6040
6042
6044
6045
6052
6053
6059
6062
6063
6066
6068
6071
6072
6075
6076
6079
6080
6083
6088
6089
6091
6092
6093
6097
6100
6102
6103
6104
6107
6110
6111
6114
6115
6116
6118
6120
6122
6123
6124
6125
6127
6129
6137
6138
6143
6146
6148
6151
6153
6158
6159
6161
6167
6169
6170
6171
6172
6174
6175
6176
6178
6181
6183
6184
6185
6186
6189
6191
6192
6195
6196
6201
6203
6205
6207
6209
6211
6213
6214
6216
6218
6219
6220
6225
6226
6227
6229
6231
6232
6235
6236
6243
6245
6247
6249
6253
6254
6255
6257
6258
6260
6262
6264
6266
6268
6269
6271
6272
6273
6275
6276
6281
6283
6284
6286
6287
6289
6291
6294
6295
6298
6300
6307
6313
6315
6316
6320
6321
6322
6325
6326
6327
6342
6349
6369
6380
6381
6392
6404
6413
6417
6446
6450
6452
6453
6456
6460
6462
6464
6466
6468
6470
6473
6474
6477
6478
6479
6481
6485
6488
6490
6493
6495
6496
6498
6499
6501
6504
6509
6511
6512
6515
6516
6522
6525
6527
6532
6534
6535
6537
6538
6540
6541
6544
6547
6548
6550
6552
6556
6561
6564
6566
6571
6574
6579
6582
6583
6584
6585
6587
6589
6597
6599
6604
6605
6608
6612
6617
6623
6626
6627
6634
6635
6639
6640
6642
6645
6648
6653
6661
6664
6666
6667
6673
6704
6705
6706
6711
6715
6720
6724
6732
6733
6736
6750
6755
6803
6805
6806
6807
6809
6812
6821
6823
6825
6827
6830
6832
6834
6835
6837
6840
6842
6845
6847
6848
6850
6852
6855
6860
6866
6867
6868
6869
6871
6873
6875
6876
6879
6880
6882
6891
6894
6895
6898
6900
6902
6908
6911
6912
6914
6915
6917
6918
6920
6921
6925
6926
6929
6931
6933
6937
6938
6939
6940
6942
6943
6944
6947
6948
6950
6951
6953
6956
6959
6962
6965
6967
6968
6971
6972
6976
6978
6980
6982
6986
6993
6997
6999
7001
7002
7004
7005
7006
7008
7010
7014
7015
7017
7020
7022
7025
7027
7029
7030
7031
7034
7036
7041
7042
7043
7054
7077
7083
7085
7099
7101
7111
7112
7113
7115
7117
7119
7120
7122
7124
7126
7127
7128
7129
7131
7134
7135
7138
7143
7146
7148
7149
7151
7154
7159
7161
7165
7169
7171
7173
7175
7178
7181
7183
7184
7185
7186
7188
7190
7195
7196
7198
7199
7201
7203
7206
7212
7214
7217
7218
7220
7222
7224
7225
7227
7228
7231
7232
7234
7235
7238
7241
7246
7248
7254
7257
7270
7291
7292
7311
7320
7325
7326
7347
7362
7406
7408
7409
7412
7421
7422
7424
7426
7428
7430
7434
7436
7439
7441
7442
7446
7447
7449
7451
7455
7456
7458
7461
7462
7464
7469
7470
7474
7475
7476
7478
7480
7482
7483
7485
7487
7490
7491
7492
7494
7498
7500
7502
7504
7506
7510
7511
7512
7515
7516
7518
7519
7522
7523
7527
7530
7531
7534
7537
7542
7546
7547
7552
7553
7556
7557
7558
7563
7566
7567
7570
7572
7573
7577
7579
7581
7583
7584
7587
7591
7593
7595
7598
7602
7605
7608
7609
7613
7619
7622
7624
7626
7628
7632
7635
7638
7639
7640
7641
7642
7643
7645
7648
7651
7652
7654
7656
7659
7662
7664
7666
7668
7670
7672
7673
7675
7677
7678
7679
7682
7683
7685
7686
7687
7688
7690
7693
7695
7696
7698
7701
7702
7703
7705
7707
7709
7710
7713
7716
7718
7720
7721
7723
7724
7726
7727
7731
7737
7738
7741
7742
7745
7746
7749
7752
7758
7760
7761
7764
7766
7768
7769
7770
7775
7776
7777
7781
7783
7785
7797
7799
7803
7805
7806
7808
7809
7810
7811
7814
7817
7819
7822
7824
7826
7830
7832
7833
7835
7837
7838
7839
7840
7843
7844
7848
7850
7853
7855
7861
7863
7864
7869
7870
7873
7875
7876
7879
7881
7885
7886
7890
7891
7893
7902
7903
7906
7908
7910
7913
7914
7916
7920
7921
7923
7925
7930
7933
7939
7941
7945
7947
7949
7950
7955
7959
7964
7966
7969
7972
7976
7977
7979
7986
7989
7991
7992
7994
7997
7998
7999
8000
8003
8009
8012
8019
8022
8023
8028
8030
8031
8033
8036
8041
8043
8046
8048
8049
8050
8051
8053
8056
8057
8058
8065
8066
8067
8068
8070
8075
8077
8080
8081
8082
8085
8088
8091
8093
8099
8101
8102
8104
8106
8107
8109
8114
8115
8118
8120
8122
8124
8131
8133
8136
8142
8145
8148
8152
8153
8155
8156
8157
8159
8161
8167
8169
8172
8176
8182
8186
8187
8190
8191
8192
8193
8197
8199
8201
8202
8203
8204
8206
8217
8218
8227
8233
8245
8248
8264
8271
8274
8290
8296
8305
8306
8309
8324
8328
8329
8333
8334
8335
8336
8341
8344
8347
8350
8351
8352
8353
8356
8359
8362
8363
8367
8368
8370
8374
8377
8379
8383
8385
8386
8387
8393
8398
8400
8409
8411
8424
8431
8435
8436
8443
8445
8460
8463
8464
8468
8469
8473
8474
8475
8476
8477
8479
8482
8487
8490
8492
8493
8494
8496
8497
8498
8499
8500
8501
8502
8506
8507
8509
8513
8515
8517
8518
8521
8522
8523
8524
8527
8530
8532
8541
8543
8551
8556
8560
8568
8569
8570
8571
8573
8575
8579
8580
8581
8582
8584
8586
8589
8590
8591
8594
8597
8599
8602
8604
8606
8608
8613
8615
8616
8617
8618
8624
8626
8628
8629
8633
8635
8636
8638
8639
8640
8643
8648
8649
8651
8654
8657
8658
8663
8666
8667
8668
8669
8670
8673
8676
8684
8692
8693
8694
8698
8699
8700
8701
8703
8704
8709
8710
8712
8713
8716
8717
8718
8720
8723
8726
8728
8729
8730
8732
8735
8737
8738
8739
8741
8746
8748
8749
8751
8756
8758
8760
8764
8782
8785
8791
8792
8802
8806
8807
8810
8811
8812
8815
8816
8817
8818
8819
8820
8823
8824
8827
8828
8830
8835
8836
8837
8838
8844
8845
8847
8848
8851
8852
8854
8855
8859
8861
8862
8865
8873
8876
8879
8881
8882
8884
8886
8887
8888
8889
8892
8895
8901
8907
8909
8911
8917
8920
8924
8926
8928
8930
8931
8934
8937
8940
8942
8945
8948
8951
8955
8958
8962
8969
8971
8972
8973
8976
8979
8980
8983
8984
8986
8989
8992
8993
8994
8995
8997
8999
9000
9003
9004
9019
9020
9021
9023
9026
9029
9030
9039
9040
9041
9045
9048
9049
9054
9062
9063
9064
9065
9068
9070
9072
9074
9075
9078
9082
9090
9093
9095
9096
9097
9102
9105
9109
9116
9119
9121
9124
9127
9130
9134
9136
9137
9139
9141
9144
9146
9148
9150
9153
9157
9158
9160
9161
9164
9166
9168
9172
9174
9176
9177
9180
9183
9185
9189
9194
9195
9196
9201
9204
9208
9210
9211
9216
9217
9219
9221
9222
9223
9226
9227
9232
9233
9234
9235
9238
9239
9241
9245
9247
9249
9251
9254
9256
9260
9262
9264
9266
9268
9271
9272
9274
9276
9278
9298
9299
9300
9305
9310
9311
9339
9355
9357
9358
9361
9365
9366
9367
9369
9370
9372
9375
9377
9379
9381
9382
9383
9384
9385
9386
9393
9420
9423
9425
9431
9436
9438
9439
9440
9448
9457
9458
9459
9461
9462
9465
9466
9468
9504
9531
9544
9547
9550
9562
9563
9576
9577
9578
9582
9584
9593
9594
9597
9598
9603
9604
9609
9618
9626
9656
9662
9684
9686
9690
9696
9720
9722
9725
9727
9733
9737
9741
9743
9745
9746
9748
9752
9756
9757
9761
9764
9766
9768
9769
9772
9773
9779
9780
9783
9784
9789
9791
9792
9794
9796
9798
9800
9801
9804
9805
9808
9810
9811
9813
9814
9817
9818
9822
9823
9825
9827
9830
9832
9838
9841
9843
9844
9852
9854
9855
9859
9860
9862
9864
9865
9866
9868
9870
9873
9874
9875
9907
9918
9919
9976
9989
9994
10000
10006
10009
10012
10018
10028
10031
10039
10042
10044
10049
10054
10059
10061
10062
10065
10070
10073
10074
10076
10081
10125
10132
10161
10168
10170
10173
10174
10176
10185
10208
10212
10225
10240
10243
10246
10248
10250
10254
10257
10263
10268
10306
10309
10314
10320
10334
10337
10340
10346
10349
10352
10359
10366
10370
10371
10374
10378
10384
10389
10392
10396
10399
10400
10402
10404
10407
10408
10411
10413
10417
10418
10419
10421
10423
10425
10426
10427
10430
10434
10441
10444
10446
10447
10448
10450
10453
10455
10459
10461
10470
10471
10472
10477
10479
10481
10482
10483
10484
10486
10488
10489
10493
10496
10497
10498
10499
10501
10505
10507
10508
10514
10516
10517
10519
10521
10523
10524
10528
10531
10533
10535
10538
10539
10544
10546
10548
10549
10552
10558
10560
10564
10568
10570
10571
10572
10574
10575
10576
10579
10583
10620
10622
10623
10625
10626
10627
10632
10634
10636
10638
10640
10647
10650
10652
10655
10656
10663
10664
10667
10673
10680
10681
10683
10692
10696
10697
10698
10699
10702
10706
10707
10708
10709
10712
10714
10715
10717
10718
10720
10724
10726
10728
10731
10733
10734
10736
10738
10741
10742
10743
10744
10748
10750
10751
10752
10754
10755
10760
10768
10775
10776
10780
10782
10784
10785
10788
10789
10790
10795
10797
10801
10802
10804
10806
10807
10811
10812
10813
10817
10818
10821
10823
10826
10828
10833
10834
10836
10838
10839
10841
10846
10847
10852
10853
10855
10859
10860
10863
10864
10867
10868
10871
10874
10876
10877
10882
10884
10886
10888
10892
10894
10898
10899
10902
10905
10906
10907
10918
10928
10929
10935
10940
10943
10944
10946
10948
10949
10957
10960
10965
10967
10973
10979
10984
10987
10992
10994
10997
10999
11001
11002
11005
11011
11013
11017
11019
11020
11024
11025
11028
11029
11030
11032
11034
11035
11037
11042
11044
11045
11050
11051
11054
11055
11057
11061
11063
11067
11068
11077
11078
11080
11083
11084
11088
11090
11094
11095
11096
11098
11100
11104
11106
11107
11108
11111
11114
11115
11116
11120
11121
11126
11128
11130
11131
11132
11134
11135
11137
11139
11140
11143
11144
11146
11148
11151
11152
11155
11158
11160
11161
11165
11168
11169
11173
11174
11175
11176
11196
11211
11212
11213
11214
11217
11219
11223
11225
11226
11228
11237
11239
11241
11243
11245
11249
11250
11271
11274
11275
11282
11284
11291
11294
11295
11297
11300
11307
11309
11312
11314
11317
11320
11323
11327
11328
11331
11332
11334
11336
11340
11341
11349
11350
11352
11353
11358
11360
11363
11368
11370
11372
11374
11377
11382
11384
11385
11387
11388
11393
11395
11400
11402
11404
11406
11411
11412
11413
11414
11415
11417
11419
11420
11421
11423
11430
11431
11433
11436
11437
11439
11442
11447
11449
11451
11452
11454
11455
11457
11459
11461
11462
11471
11474
11476
11477
11479
11480
11485
11486
11491
11492
11496
11497
11501
11504
11508
11513
11514
11516
11517
11519
11521
11526
11527
11531
11534
11538
11540
11541
11543
11545
11551
11554
11556
11559
11561
11562
11563
11566
11568
11570
11571
11572
11577
11579
11582
11583
11584
11585
11586
11588
11590
11592
11594
11597
11599
11601
11604
11605
11606
11608
11610
11613
11614
11616
11617
11618
11619
11620
11622
11627
11629
11630
11631
11632
11633
11634
11638
11643
11647
11651
11652
11655
11661
11666
11668
11669
11671
11674
11676
11679
11680
11681
11684
11687
11688
11690
11692
11694
11695
11696
11698
11700
11703
11704
11706
11707
11709
11710
11713
11715
11717
11718
11720
11721
11722
11724
11725
11726
11728
11729
11734
11736
11738
11742
11744
11746
11747
11748
11749
11751
11754
11755
11757
11759
11760
11761
11762
11766
11777
11779
11781
11785
11787
11790
11794
11797
11801
11803
11805
11808
11812
11813
11817
11818
11821
11824
11828
11830
11831
11835
11837
11840
11841
11844
11849
11852
11856
11857
11868
11889
11890
11892
11893
11900
11904
11906
11908
11927
11932
11935
11938
11943
11945
11949
11950
11953
11954
11957
11958
11964
11969
11970
11971
11974
11975
11982
11986
11989
11990
11994
11997
12000
12001
12002
12005
12007
12009
12010
12012
12013
12015
12019
12020
12022
12025
12026
12029
12033
12034
12035
12037
12039
12044
12054
12060
12068
12074
12076
12077
12080
12081
12082
12084
12090
12091
12101
12104
12108
12109
12110
12111
12113
12114
12116
12117
12121
12123
12126
12132
12134
12136
12139
12140
12141
12143
12146
12147
12149
12153
12156
12157
12161
12163
12164
12168
12170
12173
12178
12180
12181
12182
12188
12189
12190
12195
12196
12219
12221
12224
12231
12234
12239
12242
12246
12249
12251
12254
12257
12258
12262
12263
12265
12267
12269
12270
12271
12275
12276
12277
12278
12280
12283
12288
12311
12330
12335
12338
12344
12345
12347
12349
12352
12353
12354
12355
12357
12359
12362
12364
12368
12370
12371
12374
12377
12378
12380
12383
12385
12386
12388
12393
12394
12396
12397
12399
12402
12404
12407
12410
12411
12413
12414
12418
12421
12422
12423
12425
12427
12428
12432
12433
12457
12458
12461
12466
12468
12471
12474
12477
12495
12496
12504
12511
12516
12520
12521
12522
12525
12527
12531
12536
12539
12542
12544
12547
12548
12550
12551
12552
12556
12557
12560
12564
12565
12566
12567
12568
12569
12570
12571
12572
12573
12575
12577
12582
12585
12586
12587
12590
12592
12594
12595
12597
12599
12601
12609
12611
12612
12621
12631
12635
12641
12643
12645
12648
12649
12651
12652
12663
12670
12676
12683
12684
12685
12687
12703
12709
12712
12720
12726
12745
12771
12773
12798
12815
12836
12862
12865
12870
12873
12882
12892
12894
12900
12904
12909
12913
12924
12946
12951
12953
12959
12981
12985
12994
12995
12996
12999
13000
13005
13006
13011
13013
13015
13017
13018
13019
13020
13024
13026
13029
13031
13032
13038
13040
13048
13049
13050
13052
13060
13062
13063
13066
13070
13071
13073
13074
13075
13078
13079
13081
13084
13090
13092
13093
13095
13098
13100
13103
13104
13105
13107
13112
13118
13124
13127
13129
13131
13133
13134
13136
13137
13138
13140
13142
13143
13145
13150
13163
13177
13184
13186
13189
13192
13194
13195
13196
13199
13200
13204
13209
13210
13211
13216
13218
13219
13223
13224
13229
13231
13232
13235
13237
13239
13240
13243
13245
13249
13260
13274
13285
13322
13344
13371
13373
13385
13410
13421
13424
13427
13440
13442
13457
13464
13479
13482
13484
13486
13487
13488
13489
13493
13495
13497
13498
13499
13500
13501
13502
13503
13505
13506
13507
13512
13513
13514
13517
13520
13523
13542
13561
13609
13610
13615
13616
13617
13618
13619
13621
13622
13624
13627
13628
13629
13635
13638
13640
13643
13645
13648
13650
13652
13653
13656
13658
13667
13672
13673
13675
13678
13679
13680
13691
13694
13695
13698
13699
13700
13712
13714
13718
13725
13729
13733
13740
13797
13824
13832
13834
13863
13869
13879
13880
13885
13888
13889
13891
13897
13900
13901
13904
13908
13911
13912
13919
13921
13922
13931
13935
13940
13941
13942
13956
13961
13965
13966
13967
13968
13969
13971
13976
13977
13981
13986
13988
13989
13991
13993
13994
14003
14004
14008
14010
14012
14013
14014
14021
14024
14031
14032
14035
14036
14055
14075
14088
14099
14120
14126
14145
14148
14149
14153
14155
14156
14158
14162
14163
14168
14180
14186
14192
14193
14195
14205
14207
14210
14215
14237
14249
14263
14267
14269
14270
14272
14276
14278
14279
14283
14284
14285
14287
14288
14290
14291
14292
14294
14296
14299
14301
14304
14305
14306
14309
14310
14314
14315
14317
14318
14319
14320
14321
14323
14325
14326
14327
14328
14331
14334
14335
14339
14341
14342
14346
14351
14353
14355
14357
14363
14364
14367
14370
14375
14380
14381
14383
14389
14390
14401
14409
14416
14419
14420
14422
14424
14425
14426
14427
14429
14432
14433
14437
14438
14439
14441
14446
14448
14449
14453
14456
14457
14458
14462
14463
14467
14468
14470
14471
14472
14473
14474
14475
14479
14482
14486
14490
14492
14493
14498
14499
14504
14508
14512
14516
14517
14518
14520
14522
14523
14527
14538
14546
14549
14552
14554
14556
14596
14601
14650
14651
14656
14657
14659
14661
14662
14665
14671
14673
14674
14675
14679
14681
14684
14699
14700
14703
14708
14728
14729
14732
14736
14746
14749
14754
14758
14759
14762
14764
14765
14768
14770
14771
14774
14775
14776
14777
14778
14781
14782
14790
14791
14794
14797
14808
14809
14814
14818
14820
14824
14825
14827
14828
14830
14833
14837
14842
14844
14846
14849
14851
14852
14853
14855
14856
14861
14862
14863
14869
14873
14875
14878
14879
14880
14882
14884
14886
14887
14892
14895
14896
14900
14903
14906
14907
14909
14913
14931
14940
14957
14973
14983
14996
14997
14999
15002
15003
15005
15006
15007
15011
15012
15013
15050
15053
15055
15056
15061
15065
15067
15069
15071
15073
15075
15076
15079
15080
15084
15085
15086
15087
15088
15089
15097
15098
15100
15101
15102
15103
15104
15105
15107
15108
15110
15112
15114
15121
15122
15128
15132
15133
15135
15141
15158
15159
15170
15184
15201
15202
15209
15211
15213
15223
15226
15238
15253
15257
15259
15308
15333
15337
15361
15369
15402
15437
15442
15445
15449
15450
15453
15457
15459
15461
15464
15465
15467
15470
15473
15475
15478
15485
15488
15491
15492
15493
15494
15498
15500
15503
15507
15513
15516
15519
15520
15522
15526
15527
15528
15533
15537
15539
15551
15556
15566
15585
15587
15594
15604
15606
15607
15611
15612
15613
15614
15615
15625
15627
15654
15657
15661
15665
15671
15674
15676
15678
15681
15682
15686
15688
15689
15690
15694
15702
15705
15709
15724
15731
15742
15744
15745
15758
15764
15767
15769
15772
15774
15781
15786
15798
15801
15806
15808
15810
15817
15819
15820
15825
15826
15840
15863
15873
15888
15904
15905
15911
15913
15916
15925
15927
15932
15934
15935
15936
15940
15945
15959
15964
15983
16010
16013
16016
16017
16018
16019
16021
16027
16029
16033
16039
16040
16043
16044
16045
16049
16052
16054
16056
16058
16060
16062
16063
16068
16070
16071
16078
16079
16082
16090
16091
16092
16094
16100
16103
16106
16109
16110
16114
16119
16122
16129
16130
16132
16133
16135
16137
16138
16143
16146
16150
16151
16154
16159
16162
16163
16166
16168
16170
16171
16183
16184
16186
16189
16190
16191
16195
16197
16198
16199
16201
16204
16208
16211
16216
16219
16221
16226
16228
16232
16235
16239
16247
16251
16252
16253
16255
16256
16259
16265
16267
16268
16274
16276
16277
16279
16280
16281
16282
16287
16288
16291
16292
16296
16299
16301
16304
16305
16310
16311
16312
16315
16316
16318
16322
16324
16327
16330
16332
16334
16337
16339
16342
16344
16347
16351
16352
16357
16358
16360
16362
16363
16366
16367
16369
16373
16375
16377
16381
16383
16386
16387
16388
16390
16392
16395
16397
16400
16402
16403
16406
16407
16409
16410
16413
16416
16418
16420
16421
16424
16427
16429
16430
16434
16435
16436
16438
16440
16443
16444
16448
16449
16452
16477
16485
16494
16499
16501
16511
16513
16517
16523
16526
16530
16531
16540
16544
16545
16550
16556
16557
16571
16627
16637
16642
16666
16713
16723
16747
16772
16781
16783
16812
16857
16862
16863
16866
16868
16870
16875
16880
16889
16891
16903
16947
16949
16952
16953
16959
16960
16964
16968
16976
16978
16982
16984
16987
16989
16990
16992
16993
16995
16997
17000
17004
17015
17016
17020
17028
17032
17037
17039
17041
17042
17045
17048
17050
17052
17056
17059
17062
17063
17066
17069
17070
17071
17073
17075
17076
17081
17088
17089
17094
17097
17098
17102
17103
17105
17106
17108
17111
17112
17113
17115
17119
17120
17123
17126
17128
17130
17132
17136
17138
17140
17142
17146
17154
17155
17170
17173
17191
17197
17198
17204
17205
17207
17209
17214
17215
17216
17218
17220
17222
17224
17229
17230
17235
17238
17239
17241
17244
17245
17248
17252
17253
17254
17260
17263
17264
17268
17270
17272
17273
17275
17277
17280
17282
17283
17286
17293
17295
17297
17298
17299
17301
17303
17305
17308
17311
17321
17328
17334
17335
17337
17342
17344
17352
17354
17357
17358
17362
17364
17371
17374
17376
17379
17384
17389
17392
17394
17397
17399
17401
17409
17410
17418
17425
17428
17434
17436
17447
17467
17472
17474
17479
17482
17488
17490
17499
17502
17506
17507
17514
17520
17522
17526
17534
17537
17539
17542
17544
17545
17548
17558
17559
17563
17568
17581
17588
17597
17603
17608
17610
17615
17631
17633
17635
17642
17646
17652
17673
17678
17679
17682
17686
17702
17716
17721
17739
17744
17757
17761
17763
17769
17773
17776
17779
17783
17785
17791
17792
17793
17796
17798
17799
17801
17803
17806
17807
17811
17815
17817
17819
17821
17822
17823
17824
17825
17826
17832
17833
17837
17841
17843
17846
17847
17849
17851
17852
17853
17860
17864
17868
17869
17870
17873
17878
17882
17883
17885
17888
17896
17898
17901
17910
17917
17919
17967
17979
17980
17989
17992
17996
18005
18008
18009
18010
18012
18020
18023
18024
18030
18031
18033
18035
18048
18057
18064
18068
18071
18073
18075
18078
18087
18088
18089
18092
18100
18124
18144
18156
18169
18172
18185
18191
18203
18204
18205
18207
18211
18214
18222
18223
18227
18228
18230
18231
18235
18238
18240
18244
18248
18251
18254
18256
18257
18260
18266
18269
18271
18276
18278
18283
18284
18288
18289
18290
18295
18296
18301
18302
18304
18308
18309
18315
18316
18319
18331
18352
18353
18370
18392
18395
18396
18412
18415
18416
18419
18429
18438
18441
18446
18447
18448
18449
18451
18453
18456
18457
18460
18462
18466
18469
18471
18473
18474
18477
18484
18485
18488
18490
18491
18496
18498
18516
18529
18540
18546
18556
18560
18561
18570
18572
18575
18576
18581
18584
18594
18603
18607
18611
18623
18635
18636
18648
18649
18655
18658
18661
18675
18677
18682
18683
18691
18695
18723
18728
18729
18732
18736
18743
18744
18753
18764
18766
18768
18773
18779
18782
18785
18790
18793
18796
18797
18804
18806
18809
18812
18817
18819
18821
18829
18832
18833
18834
18835
18837
18840
18842
18850
18855
18863
18878
18879
18884
18909
18912
18915
18920
18924
18928
18930
18931
18932
18933
18936
18943
18944
18947
18952
18972
19068
19071
19074
19075
19076
19091
19101
19149
19160
19161
19166
19168
19172
19174
19176
19177
19181
19183
19186
19188
19190
19200
19205
19207
19253
19261
19265
19266
19267
19273
19274
19280
19289
19291
19293
19303
19331
19366
19372
19376
19377
19379
19380
19382
19383
19388
19391
19393
19396
19397
19400
19401
19402
19403
19422
19428
19444
19449
19465
19471
19473
19478
19480
19482
19483
19489
19496
19503
19510
19513
19521
19522
19528
19531
19533
19534
19539
19541
19552
19553
19558
19563
19573
19574
19575
19577
19580
19593
19596
19601
19603
19614
19619
19621
19622
19623
19628
19629
19635
19656
19674
19675
19679
19680
19692
19694
19696
19697
19706
19708
19709
19710
19711
19714
19716
19722
19725
19727
19731
19734
19736
19741
19742
19743
19746
19749
19753
19754
19755
19756
19757
19759
19761
19762
19765
19768
19772
19774
19776
19778
19781
19787
19790
19791
19796
19798
19800
19801
19804
19810
19813
19817
19822
19831
19863
19867
19869
19871
19872
19874
19877
19881
19882
19884
19887
19894
19895
19896
19897
19901
19904
19906
19911
19912
19917
19921
19925
19928
19929
19931
19932
19933
19934
19937
19939
19940
19942
19944
19948
19949
19952
19955
19958
19960
19962
19963
19966
19972
19975
19977
19978
19981
19983
19985
19987
19988
19990
19991
19993
19995
19999
20008
20009
20011
20014
20015
20016
20023
20024
20028
20031
20033
20036
20040
20042
20044
20045
20047
20049
20053
20054
20057
20058
20060
20062
20068
20069
20070
20071
20073
20079
20083
20086
20089
20091
20092
20094
20097
20099
20102
20104
20109
20112
20116
20117
20121
20122
20123
20128
20130
20131
20132
20135
20137
20139
20140
20141
20147
20150
20152
20154
20157
20159
20160
20162
20163
20167
20168
20170
20172
20173
20174
20176
20180
20181
20183
20185
20189
20191
20194
20197
20199
20200
20201
20202
20204
20207
20210
20211
20213
20214
20217
20219
20221
20224
20226
20230
20232
20239
20252
20255
20285
20292
20299
20301
20302
20333
20335
20336
20339
20340
20347
20351
20353
20356
20361
20362
20363
20365
20433
20463
20478
20480
20498
20521
20530
20551
20561
20564
20565
20566
20567
20569
20570
20574
20575
20578
20583
20585
20586
20588
20591
20596
20603
20616
20618
20621
20622
20623
20628
20629
20632
20633
20636
20637
20638
20639
20641
20644
20646
20649
20653
20655
20725
20727
20742
20761
20763
20766
20770
20771
20777
20781
20782
20798
20825
20839
20858
20867
20876
20900
20919
20928
20930
20931
20934
20936
20937
20953
20995
21016
21028
21041
21058
21088
21093
21115
21184
21203
21209
21236
21240
21242
21244
21247
21248
21249
21250
21253
21255
21256
21258
21262
21263
21266
21269
21271
21273
21275
21276
21279
21280
21281
21283
21285
21287
21289
21290
21292
21296
21297
21300
21301
21302
21306
21307
21309
21313
21314
21315
21319
21322
21323
21327
21328
21329
21330
21331
21332
21334
21336
21339
21341
21343
21345
21348
21354
21355
21357
21360
21377
21378
21379
21389
21415
21421
21423
21426
21429
21432
21433
21437
21438
21462
21496
21511
21526
21532
21537
21538
21543
21545
21547
21552
21554
21558
21560
21561
21563
21566
21575
21578
21583
21585
21593
21597
21598
21600
21601
21604
21606
21607
21608
21610
21611
21612
21614
21615
21618
21620
21624
21625
21627
21628
21629
21630
21631
21634
21636
21638
21641
21643
21644
21647
21654
21656
21658
21661
21693
21736
21741
21745
21746
21748
21749
21750
21753
21756
21759
21762
21766
21775
21777
21778
21780
21782
21785
21786
21790
21792
21793
21798
21806
21807
21808
21812
21818
21825
21831
21832
21841
21843
21847
21856
21865
21870
21873
21874
21876
21885
21889
21897
21901
21903
21907
21910
21911
21913
21918
21921
21922
21925
21926
21938
21939
21941
21944
21946
21948
21952
21955
21956
21957
21958
21959
21961
21968
21977
21994
22000
22001
22007
22010
22021
22030
22031
22038
22067
22089
22157
22163
22168
22188
22198
22222
22236
22259
22263
22265
22329
22349
22354
22359
22360
22365
22372
22374
22378
22382
22385
22401
22405
22438
22441
22442
22443
22444
22450
22479
22482
22484
22492
22493
22495
22497
22500
22504
22505
22508
22510
22514
22521
22523
22524
22535
22559
22575
22596
22610
22616
22633
22637
22648
22663
22668
22669
22680
22681
22685
22687
22691
22693
22709
22720
22740
22747
22757
22759
22766
22767
22769
22772
22776
22780
22791
22810
22813
22830
22836
22838
22867
22913
22916
22919
22920
22921
22928
22931
22946
22977
22979
22994
23003
23019
23023
23029
23060
23065
23076
23080
23107
23119
23120
23121
23123
23127
23129
23132
23133
23134
23137
23144
23145
23149
23151
23159
23167
23168
23170
23172
23176
23179
23180
23183
23189
23190
23195
23196
23201
23203
23205
23209
23218
23225
23251
23274
23277
23283
23286
23291
23348
23352
23355
23360
23396
23402
23442
23444
23450
23452
23454
23456
23457
23458
23466
23481
23482
23488
23583
23587
23601
23608
23609
23610
23621
23623
23627
23630
23631
23635
23637
23639
23641
23643
23646
23647
23650
23655
23657
23660
23662
23665
23667
23669
23672
23676
23678
23679
23680
23689
23693
23697
23700
23703
23707
23710
23713
23719
23723
23726
23727
23729
23730
23733
23738
23739
23740
23758
23767
23804
23818
23830
23832
23834
23837
23879
23882
23883
23885
23886
23890
23913
23916
23922
23925
23927
23928
23930
23931
23933
23934
23935
23937
23938
23940
23941
23942
23945
23949
23954
23955
23958
23965
23967
23970
23972
23973
23974
23976
23978
23981
23984
23986
23989
23990
23991
23992
23994
23996
23998
23999
24001
24008
24012
24014
24029
24045
24048
24049
24061
24063
24075
24077
24085
24087
24089
24094
24100
24109
24114
24126
24129
24132
24137
24142
24145
24146
24148
24159
24161
24166
24171
24180
24183
24185
24186
24188
24191
24193
24196
24199
24202
24205
24206
24216
24218
24221
24227
24234
24236
24240
24249
24252
24255
24259
24265
24267
24270
24276
24278
24281
24282
24287
24293
24294
24298
24300
24302
24307
24308
24309
24312
24313
24315
24318
24323
24326
24328
24332
24333
24335
24337
24338
24339
24344
24349
24350
24352
24355
24357
24359
24361
24365
24369
24373
24378
24383
24390
24394
24395
24397
24400
24404
24407
24408
24410
24413
24414
24416
24420
24421
24422
24426
24428
24429
24433
24434
24439
24440
24443
24444
24451
24458
24495
24498
24502
24503
24504
24507
24513
24531
24539
24540
24544
24548
24549
24553
24554
24556
24563
24565
24566
24570
24572
24576
24578
24590
24605
24611
24618
24629
24634
24637
24638
24640
24641
24645
24648
24649
24651
24654
24660
24670
24679
24682
24684
24686
24691
24695
24696
24698
24699
24701
24703
24705
24711
24732
24734
24735
24737
24749
24763
24775
24810
24813
24815
24817
24820
24822
24823
24826
24827
24829
24836
24837
24841
24842
24844
24853
24854
24855
24856
24861
24863
24864
24869
24873
24874
24876
24878
24880
24885
24886
24887
24890
24891
24893
24898
24903
24905
24907
24911
24912
24913
24917
24919
24921
24923
24931
24933
24934
24936
24940
24941
24944
24947
24948
24950
24951
24954
24958
24961
24962
24968
24970
24972
24973
24976
24984
24986
24988
24993
24995
24997
24999
25001
25004
25005
25007
25010
25011
25014
25019
25022
25028
25041
25042
25044
25046
25049
25056
25059
25060
25061
25066
25072
25073
25081
25084
25085
25088
25091
25102
25107
25113
25121
25140
25142
25149
25151
25154
25155
25166
25167
25170
25174
25176
25177
25179
25187
25190
25193
25201
25202
25206
25212
25213
25216
25218
25219
25220
25223
25224
25226
25231
25234
25236
25237
25239
25241
25246
25248
25249
25250
25252
25254
25262
25264
25265
25266
25269
25275
25286
25308
25344
25348
25354
25355
25364
25367
25380
25383
25390
25396
25400
25403
25405
25430
25465
25481
25507
25572
25573
25577
25578
25579
25580
25581
25606
25612
25613
25625
25630
25637
25667
25671
25697
25725
25734
25751
25757
25785
25786
25790
25792
25794
25796
25799
25838
25840
25842
25844
25846
25847
25848
25851
25854
25855
25860
25862
25865
25866
25868
25870
25873
25876
25879
25881
25883
25887
25889
25890
25893
25895
25896
25897
25898
25901
25905
25910
25911
25912
25915
25917
25919
25921
25923
25925
25926
25928
25929
25932
25935
25946
25950
25951
25954
25955
25956
25957
25958
25959
25964
25965
25968
25971
25976
25979
25980
25982
25983
25986
25987
26000
26004
26005
26007
26009
26011
26014
26015
26024
26026
26027
26028
26032
26038
26040
26091
26102
26165
26184
26200
26201
26256
26286
26336
26345
26391
26442
26443
26489
26490
26533
26534
26550
26587
26609
26639
26647
26653
26660
26668
26686
26691
26731
26748
26751
26757
26762
26765
26766
26770
26771
26777
26780
26781
26783
26790
26793
26795
26800
26818
26836
26840
26855
26856
26859
26860
26866
26875
26901
26913
26915
26917
26918
26925
26929
26933
26938
26941
26942
26946
26947
26950
26951
26955
27009
27015
27024
27027
27034
27059
27070
27072
27076
27079
27082
27083
27087
27088
27096
27099
27101
27103
27106
27109
27111
27113
27116
27117
27120
27122
27126
27127
27132
27135
27138
27145
27149
27152
27158
27166
27167
27203
27204
27205
27208
27210
27211
27217
27220
27235
27236
27279
27297
27301
27305
27313
27317
27340
27343
27352
27392
27438
27481
27484
27486
27490
27492
27498
27501
27507
27509
27511
27512
27514
27518
27540
27541
27543
27547
27548
27551
27553
27555
27560
27563
27572
27594
27619
27655
27667
27672
27682
27693
27700
27714
27728
27735
27753
27771
27772
27777
27811
27812
27818
27819
27821
27822
27828
27831
27833
27838
27839
27840
27843
27848
27850
27852
27921
27947
27963
27995
28008
28073
28074
28084
28098
28107
28108
28118
28122
28131
28140
28143
28148
28150
28151
28160
28163
28165
28167
28169
28172
28174
28178
28190
28195
28200
28201
28228
28238
28243
28280
28294
28302
28314
28322
28361
28370
28396
28403
28405
28427
28438
28456
28461
28477
28490
28491
28493
28541
28551
28568
28586
28623
28628
28636
28649
28683
28719
28735
28759
28760
28840
28846
28859
28863
28867
28869
28877
28882
28885
28888
28889
28902
28915
28917
28930
28933
28939
28945
28968
28969
28971
28973
28975
28977
29000
29003
29004
29007
29009
29011
29012
29018
29047
29060
29097
29098
29099
29102
29105
29109
29111
29112
29114
29116
29120
29122
29125
29128
29131
29132
29134
29139
29159
29161
29163
29169
29174
29177
29179
29181
29182
29184
29189
29190
29193
29194
29196
29200
29202
29204
29208
29211
29214
29215
29218
29219
29221
29227
29230
29247
29255
29257
29259
29268
29274
29312
29350
29353
29356
29380
29418
29423
29426
29427
29433
29434
29436
29439
29440
29444
29446
29448
29452
29455
29456
29458
29459
29463
29465
29466
29469
29472
29474
29477
29478
29481
29484
29487
29490
29491
29494
29496
29500
29501
29502
29503
29504
29507
29508
29542
29564
29588
29589
29592
29594
29595
29597
29602
29672
29681
29690
29694
29697
29699
29703
29704
29707
29708
29709
29712
29713
29716
29717
29718
29719
29724
29726
29727
29730
29732
29735
29737
29738
29765
29777
29781
29783
29785
29789
29791
29797
29830
29865
29867
29909
29918
29935
29949
29956
29958
29961
29965
30013
30016
30019
30040
30041
30045
30050
30065
30066
30068
30069
30071
30074
30076
30078
30079
30081
30082
30083
30093
30097
30107
30125
30139
30140
30144
30156
30159
30163
30165
30167
30170
30174
30195
30196
30216
30234
30263
30274
30328
30347
30381
30402
30440
30458
30459
30467
30483
30521
30531
30535
30536
30563
30565
30581
30583
30585
30588
30590
30591
30592
30593
30594
30596
30598
30604
30605
30626
30628
30636
30639
30642
30645
30648
30649
30660
30661
30662
30665
30676
30678
30681
30683
30691
30694
30697
30710
30712
30714
30719
30722
30741
30745
30756
30760
30761
30765
30773
30775
30777
30781
30787
30788
30794
30798
30801
30811
30825
30826
30828
30890
30902
30949
30960
30963
30965
30967
30972
30976
30984
30994
30996
31003
31009
31043
31054
31057
31063
31074
31075
31078
31081
31087
31089
31090
31093
31095
31097
31100
31102
31103
31105
31106
31109
31110
31113
31116
31117
31118
31120
31127
31130
31134
31135
31137
31143
31144
31145
31147
31149
31150
31154
31157
31161
31174
31179
31192
31306
31313
31332
31344
31396
31460
31464
31467
31501
31506
31507
31512
31513
31516
31517
31521
31528
31536
31543
31577
31583
31584
31619
31645
31672
31675
31686
31687
31688
31690
31692
31693
31694
31701
31757
31758
31761
31762
31763
31765
31768
31770
31828
31852
31893
31910
31911
31912
31914
31918
31921
31922
31923
31927
31929
31930
31936
31938
31945
31961
31965
31985
31989
31996
32004
32006
32021
32076
32087
32094
32099
32108
32110
32113
32117
32121
32123
32124
32127
32130
32133
32134
32138
32139
32143
32146
32149
32152
32156
32157
32161
32163
32166
32167
32170
32176
32181
32182
32184
32190
32192
32194
32201
32206
32208
32213
32214
32215
32220
32222
32224
32225
32230
32233
32235
32237
32240
32241
32242
32245
32251
32253
32260
32264
32266
32269
32270
32272
32274
32277
32280
32282
32285
32288
32291
32293
32295
32302
32305
32320
32351
32354
32356
32357
32359
32361
32363
32364
32366
32368
32370
32376
32377
32380
32389
32390
32392
32400
32401
32404
32407
32414
32425
32441
32465
32517
32527
32536
32564
32573
32576
32606
32645
32649
32654
32655
32670
32673
32675
32696
32735
32737
32742
32755
32783
32786
32788
32790
32793
32794
32798
32802
32819
32824
32914
32920
32929
32952
32954
32959
32961
32965
32968
32969
32970
32973
32974
32978
32982
32985
32987
32989
32992
32993
32997
33000
33001
33002
33003
33004
33005
33008
33015
33020
33024
33026
33028
33030
33032
33036
33037
33040
33042
33043
33044
33049
33060
33062
33068
33070
33103
33143
33185
33247
33250
33251
33252
33255
33256
33258
33270
33281
33285
33311
33318
33341
33367
33377
33408
33416
33438
33478
33500
33502
33503
33504
33505
33509
33518
33520
33521
33525
33526
33530
33532
33535
33536
33587
33594
33607
33608
33611
33612
33615
33621
33670
33673
33674
33677
33681
33687
33689
33691
33699
33707
33717
33724
33750
33757
33782
33819
33826
33844
33849
33850
33854
33870
33903
33910
33924
33941
33942
33946
33966
33993
34058
34082
34099
34121
34129
34192
34208
34210
34212
34214
34221
34223
34225
34228
34229
34230
34233
34234
34236
34238
34239
34241
34245
34246
34265
34308
34344
34380
34391
34461
34469
34479
34514
34554
34557
34581
34600
34601
34621
34646
34648
34658
34671
34674
34689
34697
34700
34701
34705
34708
34711
34713
34714
34717
34718
34721
34723
34725
34726
34729
34733
34738
34740
34749
34816
34829
34833
34846
34872
34906
34978
34989
35084
35085
35088
35089
35098
35102
35106
35111
35112
35114
35117
35120
35123
35132
35133
35137
35141
35144
35154
35165
35167
35174
35183
35187
35189
35191
35196
35198
35202
35203
35204
35207
35210
35211
35217
35218
35222
35223
35224
35225
35226
35228
35231
35233
35234
35236
35238
35240
35241
35242
35247
35250
35253
35254
35255
35258
35260
35263
35267
35273
35275
35282
35302
35325
35339
35356
35359
35374
35377
35411
35415
35419
35420
35422
35423
35430
35431
35432
35438
35442
35443
35445
35451
35455
35458
35461
35464
35469
35471
35472
35474
35509
35513
35516
35518
35519
35521
35528
35530
35531
35534
35561
35570
35583
35588
35592
35595
35617
35631
35698
35734
35796
35819
35885
35888
35891
35894
35897
35898
35901
35904
35906
35914
35916
35918
35927
35930
35934
35939
35942
35947
35949
35950
35953
35954
35955
35957
35959
35962
35965
35967
35968
35970
35974
35979
35983
35986
35990
35993
35994
35999
36005
36006
36007
36013
36014
36032
36063
36166
36202
36207
36213
36235
36249
36321
36330
36345
36376
36421
36475
36476
36477
36479
36480
36484
36485
36487
36532
36544
36614
36624
36625
36626
36628
36644
36646
36650
36653
36654
36655
36658
36659
36661
36729
36760
36788
36800
36844
36870
36915
36989
37002
37003
37037
37040
37042
37068
37076
37079
37110
37116
37117
37123
37159
37161
37163
37174
37175
37188
37191
37199
37200
37208
37209
37211
37212
37231
37232
37234
37236
37252
37286
37292
37337
37380
37461
37489
37498
37559
37569
37582
37592
37616
37708
37725
37741
37930
38016
38068
38123
38124
38126
38128
38130
38131
38132
38134
38136
38138
38141
38142
38143
38147
38149
38152
38153
38154
38155
38158
38160
38161
38162
38163
38167
38169
38171
38173
38176
38178
38179
38180
38240
38245
38247
38258
38268
38270
38273
38277
38278
38300
38302
38307
38336
38353
38371
38376
38381
38383
38384
38386
38447
38467
38566
38581
38590
38640
38650
38652
38657
38660
38662
38667
38671
38674
38675
38676
38677
38678
38679
38686
38696
38701
38712
38716
38759
38770
38772
38775
38780
38782
38783
38785
38787
38788
38789
38795
38809
38816
38827
38832
38836
38869
38899
38915
38922
38923
38989
39031
39062
39114
39171
39202
39211
39213
39214
39217
39218
39220
39222
39224
39225
39227
39231
39232
39235
39237
39238
39258
39294
39323
39369
39377
39397
39424
39440
39456
39489
39505
39515
39543
39545
39554
39555
39557
39560
39561
39564
39569
39570
39572
39574
39576
39577
39578
39579
39581
39583
39588
39589
39591
39592
39593
39599
39602
39605
39609
39611
39612
39615
39617
39619
39625
39629
39634
39641
39642
39643
39645
39648
39650
39652
39660
39661
39664
39666
39669
39670
39673
39675
39676
39677
39678
39679
39680
39684
39686
39691
39695
39697
39700
39701
39702
39704
39705
39706
39708
39768
39794
39800
39806
39808
39811
39812
39835
39840
39844
39846
39853
39857
39866
39872
39876
39883
39889
39894
39898
39902
39905
39906
39909
39914
39918
39920
39921
39926
39928
39931
39933
39935
39938
39956
39961
40010
40012
40024
40035
40038
40039
40042
40044
40046
40052
40125
40149
40152
40168
40204
40303
40304
40309
40312
40314
40317
40318
40320
40325
40326
40328
40329
40332
40336
40337
40338
40340
40342
40344
40347
40348
40401
40465
40473
40481
40588
40660
40671
40723
40729
40771
40782
40785
40787
40823
40854
40903
40924
40932
40935
40983
41001
41018
41042
41045
41069
41071
41088
41095
41099
41101
41102
41116
41202
41204
41206
41209
41210
41214
41225
41234
41237
41243
41245
41248
41257
41261
41265
41270
41273
41276
41278
41281
41282
41284
41286
41287
41290
41291
41296
41297
41304
41305
41306
41309
41312
41314
41322
41323
41327
41329
41331
41333
41337
41341
41343
41345
41347
41349
41351
41355
41357
41363
41364
41365
41366
41369
41377
41383
41384
41386
41389
41396
41397
41399
41403
41404
41407
41408
41410
41414
41423
41438
41443
41444
41447
41450
41453
41455
41458
41463
41465
41466
41467
41470
41472
41502
41573
41581
41595
41598
41610
41632
41634
41664
41689
41690
41698
41700
41702
41741
41748
41750
41753
41757
41758
41762
41763
41768
41770
41773
41776
41777
41779
41783
41787
41790
41792
41794
41797
41798
41799
41802
41805
41809
41811
41814
41815
41816
41818
41819
41827
41832
41834
41841
41842
41843
41846
41847
41849
41850
41852
41853
41855
41857
41863
41864
41868
41879
41880
41883
41884
41885
41904
41984
42011
42026
42050
42057
42063
42068
42079
42105
42131
42147
42164
42192
42215
42222
42235
42237
42293
42329
42334
42350
42399
42430
42438
42446
42458
42482
42493
42502
42503
42514
42515
42517
42518
42522
42525
42527
42529
42531
42533
42534
42535
42536
42537
42540
42542
42546
42611
42631
42633
42635
42655
42667
42679
42698
42722
42734
42779
42789
42854
42869
42884
42941
42975
43047
43058
43084
43085
43087
43088
43090
43091
43093
43095
43097
43101
43103
43105
43110
43218
43221
43223
43224
43226
43228
43238
43243
43248
43250
43256
43257
43261
43264
43266
43267
43269
43284
43292
43326
43351
43353
43368
43376
43378
43381
43382
43385
43387
43389
43395
43396
43397
43399
43401
43405
43408
43409
43410
43412
43413
43414
43415
43416
43418
43421
43426
43431
43433
43435
43441
43444
43447
43461
43470
43473
43476
43477
43478
43480
43487
43491
43500
43506
43507
43510
43519
43522
43524
43542
43583
43621
43667
43680
43836
43854
43859
43878
43879
43880
43882
43890
43894
43902
43906
43938
44009
44039
44040
44046
44050
44068
44097
44107
44120
44203
44206
44208
44210
44211
44213
44215
44218
44219
44220
44223
44226
44250
44264
44273
44357
44418
44423
44429
44443
44451
44455
44523
44561
44578
44579
44581
44587
44589
44592
44599
44604
44606
44661
44704
44709
44746
44748
44752
44754
44762
44789
44813
44846
44937
45029
45064
45106
45156
45165
45209
45212
45219
45232
45239
45243
45244
45258
45270
45298
45300
45303
45304
45306
45307
45313
45314
45318
45330
45369
45383
45435
45540
45557
45810
45868
45985
46053
46088
46112
46115
46138
46159
46253
46301
46402
46444
46468
46508
46549
46558
46565
46570
46571
46749
46750
46752
46804
46824
46826
46834
46844
46864
46865
46873
46884
46918
47019
47038
47089
47091
47093
47095
47096
47101
47108
47113
47115
47119
47124
47131
47134
47136
47137
47144
47146
47150
47152
47155
47161
47191
47203
47224
47228
47258
47260
47261
47275
47277
47283
47285
47288
47296
47301
47315
47327
47373
47432
47466
47495
47584
47596
47604
47674
47697
47698
47723
47851
47937
47994
48000
48021
48072
48146
48177
48226
48305
48382
48425
48456
48532
48553
48586
48611
48636
48638
48642
48643
48646
48647
48651
48652
48659
48663
48665
48667
48670
48674
48676
48678
48680
48681
48682
48683
48688
48689
48692
48695
48696
48698
48700
48701
48702
48706
48707
48708
48711
48713
48716
48720
48724
48725
48730
48735
48738
48742
48754
48756
48758
48766
48770
48777
48783
48787
48789
48790
48794
48797
48799
48810
48814
48816
48818
48821
48822
48826
48828
48830
48832
48835
48836
48838
48840
48841
48842
48845
48848
48852
48854
48856
48858
48859
48861
48863
48865
48871
48872
48873
48875
48877
48884
48887
48893
48900
48902
48904
48906
48909
48912
48917
48918
48919
48978
49026
49028
49029
49031
49034
49035
49037
49041
49042
49051
49151
49268
49347
49371
49524
49568
49632
49645
49651
49652
49656
49671
49715
49735
49749
49783
49790
49841
49921
49956
49984
50059
50094
50190
50260
50478
50491
50564
50597
50623
50641
50662
50667
50748
50796
50808
50829
50935
50938
50939
50940
50943
50946
50947
50950
50955
50959
51006
51073
51106
51124
51163
51165
51236
51331
51402
51428
51444
51483
51519
51554
51569
51684
51698
51700
51702
51705
51706
51707
51711
51714
51715
51721
51723
51727
51728
51730
51738
51824
51825
51918
51947
51959
52008
52070
52072
52073
52077
52082
52088
52090
52091
52092
52105
52140
52344
52436
52532
52537
52539
52541
52544
52545
52546
52563
52582
52603
52621
52650
52660
52679
52695
52781
52823
52824
52828
52856
52867
52919
53027
53047
53093
53131
53142
53151
53214
53234
53269
53329
53408
53424
53478
53487
53488
53535
53541
53708
53713
53783
53786
53810
53840
53877
53886
53888
54085
54179
54196
54264
54283
54287
54290
54294
54320
54321
54322
54336
54338
54341
54344
54345
54383
54385
54476
54480
54558
54562
54621
54717
54785
54787
54791
54793
54799
54803
54806
54808
54812
54814
54817
54916
54992
55013
55041
55138
55200
55220
55243
55301
55313
55383
55399
55425
55502
55522
55563
55573
55582
55626
55717
55751
55795
55876
55879
55880
55881
55884
55889
55894
55899
55901
55903
55906
55908
55911
55914
55917
55919
55920
55928
55929
55930
55934
55936
55941
55942
55945
55963
56067
56094
56109
56162
56172
56242
56326
56337
56341
56350
56374
56431
56468
56485
56534
56536
56546
56549
56550
56559
56572
56574
56575
56600
56610
56623
56627
56630
56631
56633
56636
56640
56642
56644
56654
56658
56660
56662
56663
56665
56676
56684
56686
56689
56692
56693
56699
56700
56704
56706
56708
56711
56712
56715
56716
56722
56723
56724
56728
56729
56731
56734
56738
56739
56741
56742
56748
56752
56769
56888
56957
56972
57001
57036
57045
57052
57184
57298
57325
57558
57640
57737
57825
57826
57827
57830
57831
57833
57836
57838
57839
57840
57844
57846
57848
57853
57854
57857
57859
57862
57864
57865
57866
57868
57871
57938
57955
57964
57995
58011
58019
58020
58136
58235
58313
58342
58409
58419
58470
58484
58486
58488
58493
58510
58519
58526
58528
58531
58536
58539
58542
58546
58547
58549
58552
58568
58576
58581
58583
58588
58592
58614
58722
58760
58902
58913
58932
59028
59198
59203
59255
59416
59417
59428
59470
59480
59568
59592
59641
59713
59797
59887
59901
59902
60034
60071
60250
60269
60323
60373
60481
60485
60540
60651
60738
60923
60974
61111
61123
61166
61170
61176
61179
61183
61187
61189
61192
61193
61197
61199
61200
61202
61204
61207
61208
61211
61214
61216
61220
61222
61223
61227
61229
61230
61236
61241
61242
61245
61248
61250
61252
61289
61367
61395
61426
61458
61465
61487
61493
61495
61502
61513
61517
61524
61528
61950
62035
62037
62063
62064
62178
62200
62204
62305
62383
62388
62424
62523
62541
62557
62588
62700
62701
62740
62906
62996
63018
63066
63147
63190
63196
63197
63198
63218
63226
63502
63541
63553
63700
63822
63840
63843
63885
63910
63911
63969
63970
64004
64036
64069
64109
64238
64318
64391
64468
64469
64471
64493
64583
64587
64620
64633
64662
64663
64664
64678
64800
64850
64979
64981
65287
65292
65300
65303
65395
65436
65493
65591
65636
65650
65664
65747
65838
65899
65982
66104
66318
66349
66478
66600
66631
66671
66672
66677
66679
66683
66684
66686
66689
66693
66694
66695
66698
66700
66703
66704
66746
67032
67115
67127
67155
67238
67246
67307
67311
67399
67470
67741
67843
67885
67906
67910
67911
67912
67916
67918
68068
68122
68196
68199
68201
68203
68213
68219
68220
68223
68224
68243
68249
68296
68325
68561
68691
68749
68973
69013
69149
69262
69266
69470
69481
69606
69692
69698
69704
69914
69929
70120
70375
70476
70500
70556
70623
70724
70734
70824
70935
71127
71244
71336
71343
71348
71354
71357
71366
71374
71376
71398
71399
71401
71403
71405
71406
71407
71492
71530
71567
71639
71791
71940
71972
72049
72530
72658
72660
72662
72668
72672
72673
72677
72678
72682
72683
72686
72689
72691
72695
72697
72765
72847
72934
73039
73208
73232
73313
73398
73670
74019
74141
74254
74256
74451
74539
74734
74739
74881
74885
75155
75437
75581
75656
76066
76201
76305
76737
76738
76745
76746
76750
76753
76755
76756
76762
76765
76771
76829
76832
76835
76837
76843
76847
76849
76850
76858
76861
76863
76865
76868
76873
76878
76880
76884
76888
76890
76891
76909
76911
76917
76928
76936
76939
76942
76943
76946
76960
76969
76981
76983
76988
76993
76996
76998
77001
77002
77005
77007
77012
77015
77056
77536
77606
77935
77978
78186
78313
78598
78600
78716
78739
78984
79553
79844
79977
