0
0
1
2
4
5
34
43
52
55
56
82
83
84
103
113
122
136
143
147
148
151
156
161
166
168
174
176
177
183
188
191
194
195
202
204
207
212
213
214
221
226
230
231
243
297
300
311
326
340
354
361
365
377
385
387
388
390
391
393
394
396
398
401
404
412
414
415
417
419
421
423
427
432
434
435
439
442
443
444
446
449
452
454
457
464
465
466
467
470
477
481
482
484
485
488
490
492
494
495
497
501
504
505
506
508
511
513
514
515
517
518
537
540
542
543
566
572
582
600
621
628
629
630
654
664
669
676
684
687
691
693
695
710
714
732
739
744
756
759
760
762
763
764
765
768
769
770
772
774
775
778
779
781
783
790
798
801
805
825
826
836
860
861
862
870
892
899
901
922
931
940
945
954
963
978
981
984
992
1003
1004
1025
1033
1037
1038
1041
1053
1057
1065
1068
1071
1074
1082
1092
1094
1110
1111
1118
1119
1122
1124
1127
1128
1129
1130
1149
1160
1161
1163
1167
1174
1176
1184
1194
1196
1197
1200
1205
1210
1212
1215
1222
1223
1224
1229
1231
1232
1233
1235
1240
1244
1246
1250
1253
1254
1257
1262
1266
1267
1271
1274
1275
1279
1280
1283
1295
1300
1309
1311
1315
1319
1327
1328
1383
1394
1401
1405
1417
1428
1468
1478
1479
1480
1481
1485
1491
1506
1518
1525
1536
1558
1578
1616
1637
1639
1640
1655
1669
1675
1681
1683
1686
1709
1724
1736
1765
1766
1771
1787
1802
1823
1841
1842
1855
1862
1872
1873
1874
1875
1878
1885
1888
1892
1905
1906
1934
1938
1942
1943
1956
1962
1975
1983
1988
2008
2011
2012
2016
2019
2021
2025
2034
2036
2037
2039
2042
2044
2050
2054
2062
2070
2071
2073
2076
2085
2086
2093
2099
2101
2123
2131
2132
2134
2136
2141
2145
2162
2172
2176
2181
2184
2185
2187
2190
2191
2192
2196
2198
2199
2201
2205
2243
2266
2268
2269
2271
2273
2276
2278
2279
2308
2309
2319
2323
2325
2328
2333
2334
2345
2376
2396
2411
2424
2427
2431
2433
2439
2440
2441
2442
2443
2444
2446
2448
2452
2457
2459
2460
2464
2467
2468
2470
2476
2477
2502
2506
2508
2509
2515
2525
2527
2530
2532
2535
2536
2539
2547
2548
2556
2559
2563
2565
2570
2574
2577
2580
2582
2584
2589
2590
2600
2602
2627
2629
2640
2658
2660
2674
2713
2729
2739
2742
2749
2759
2767
2771
2773
2776
2779
2781
2784
2785
2786
2789
2794
2808
2812
2829
2837
2848
2854
2885
2900
2905
2920
2922
2934
2952
2964
2980
2984
2988
2994
3007
3015
3072
3077
3078
3084
3088
3094
3097
3112
3117
3118
3120
3128
3130
3133
3135
3138
3141
3149
3154
3155
3159
3160
3163
3169
3171
3172
3174
3176
3177
3178
3183
3185
3189
3193
3196
3197
3198
3200
3203
3204
3207
3209
3213
3219
3221
3226
3229
3232
3234
3235
3237
3244
3247
3248
3252
3255
3257
3258
3259
3260
3263
3267
3268
3274
3275
3277
3279
3281
3284
3285
3291
3292
3294
3309
3330
3336
3339
3357
3387
3404
3409
3415
3419
3422
3441
3450
3468
3479
3488
3491
3492
3495
3499
3511
3522
3525
3541
3546
3560
3563
3565
3569
3577
3585
3591
3602
3609
3620
3626
3627
3630
3632
3634
3639
3641
3643
3655
3657
3660
3666
3667
3668
3686
3703
3726
3759
3768
3793
3807
3809
3812
3818
3825
3832
3838
3843
3844
3849
3856
3860
3863
3865
3867
3869
3870
3871
3874
3877
3878
3881
3892
3900
3903
3906
3920
3931
3938
3950
3978
3986
3995
3997
4002
4006
4011
4012
4017
4024
4025
4027
4028
4030
4033
4034
4045
4046
4059
4068
4076
4091
4096
4098
4101
4104
4105
4110
4112
4113
4131
4144
4145
4149
4150
4151
4157
4161
4166
4167
4170
4171
4172
4178
4182
4184
4186
4187
4190
4193
4200
4212
4216
4237
4243
4258
4259
4260
4264
4267
4283
4289
4291
4292
4297
4298
4301
4302
4305
4308
4314
4331
4357
4363
4373
4394
4399
4412
4413
4419
4420
4422
4442
4448
4458
4460
4489
4493
4494
4511
4518
4529
4533
4534
4538
4544
4545
4546
4560
4571
4591
4596
4597
4598
4601
4606
4608
4610
4624
4657
4664
4670
4677
4684
4694
4696
4701
4711
4718
4719
4756
4763
4778
4779
4787
4811
4835
4857
4865
4866
4868
4875
4877
4884
4886
4887
4889
4891
4893
4895
4898
4899
4902
4910
4911
4919
4921
4924
4925
4931
4932
4934
4945
4968
4971
4987
4988
5002
5009
5021
5023
5036
5044
5056
5058
5061
5065
5066
5068
5089
5130
5136
5173
5184
5185
5206
5208
5210
5212
5243
5254
5268
5281
5282
5286
5298
5300
5330
5337
5353
5357
5371
5382
5387
5399
5402
5408
5415
5419
5427
5430
5434
5436
5437
5440
5454
5465
5507
5513
5527
5532
5539
5540
5549
5552
5569
5575
5584
5606
5608
5617
5640
5647
5648
5660
5665
5667
5673
5677
5680
5709
5733
5736
5741
5758
5769
5771
5776
5782
5784
5785
5796
5811
5832
5851
5853
5869
5883
5890
5914
5930
5937
5947
5954
6007
6015
6035
6039
6041
6045
6053
6063
6068
6072
6087
6089
6096
6101
6103
6108
6110
6113
6117
6121
6124
6127
6136
6142
6150
6153
6189
6205
6208
6215
6238
6259
6276
6283
6303
6353
6359
6360
6367
6382
6407
6431
6438
6455
6468
6475
6479
6480
6500
6502
6506
6511
6517
6528
6534
6544
6554
6571
6577
6584
6585
6586
6602
6604
6605
6614
6626
6650
6665
6669
6676
6695
6756
6760
6765
6769
6772
6779
6786
6842
6849
6850
6852
6877
6911
6913
6928
6942
6961
6964
6975
6979
6987
6991
7009
7023
7028
7039
7054
7069
7072
7074
7112
7144
7152
7160
7162
7163
7164
7167
7170
7173
7176
7177
7178
7179
7181
7182
7187
7189
7191
7193
7194
7201
7202
7203
7205
7207
7210
7213
7217
7219
7220
7221
7223
7224
7225
7226
7228
7230
7232
7235
7238
7239
7243
7244
7246
7250
7251
7265
7266
7267
7268
7275
7276
7279
7281
7284
7288
7291
7304
7315
7330
7337
7347
7350
7361
7369
7390
7391
7410
7424
7427
7429
7440
7480
7495
7502
7514
7519
7535
7545
7551
7560
7565
7571
7581
7598
7607
7608
7609
7611
7612
7616
7628
7649
7677
7679
7735
7742
7758
7760
7768
7795
7802
7808
7811
7812
7819
7859
7863
7885
7931
7945
7958
7961
7986
7990
8000
8001
8010
8020
8022
8026
8035
8036
8038
8048
8055
8060
8073
8094
8116
8121
8129
8138
8143
8151
8163
8165
8167
8172
8175
8216
8227
8245
8249
8254
8263
8286
8294
8295
8304
8355
8356
8360
8373
8378
8382
8390
8396
8407
8415
8428
8449
8471
8475
8490
8515
8519
8522
8543
8581
8587
8591
8626
8631
8640
8655
8661
8667
8673
8676
8680
8717
8738
8756
8771
8773
8785
8796
8826
8831
8853
8862
8875
8887
8927
8944
8947
8955
8957
8971
8983
8984
8985
9027
9045
9066
9076
9095
9126
9139
9143
9157
9182
9187
9206
9212
9213
9216
9225
9257
9258
9261
9262
9265
9268
9269
9271
9272
9275
9278
9280
9286
9294
9296
9301
9304
9312
9315
9319
9329
9336
9377
9383
9409
9411
9428
9434
9437
9438
9439
9462
9470
9496
9502
9507
9508
9532
9534
9542
9569
9573
9581
9584
9590
9620
9632
9648
9655
9658
9753
9799
9840
9868
9883
9885
9898
9922
9931
9982
9998
10001
10019
10023
10024
10044
10046
10047
10085
10141
10154
10183
10191
10197
10200
10251
10265
10281
10301
10317
10320
10337
10348
10362
10365
10380
10386
10417
10454
10459
10471
10490
10494
10503
10508
10511
10518
10519
10522
10531
10532
10533
10536
10541
10557
10567
10572
10575
10600
10607
10638
10657
10660
10665
10675
10707
10721
10728
10736
10737
10752
10758
10759
10776
10789
10806
10811
10844
10898
10922
10929
10957
10980
10989
11035
11042
11049
11057
11058
11071
11074
11138
11152
11154
11167
11170
11181
11191
11194
11198
11206
11216
11218
11228
11238
11245
11281
11312
11343
11350
11368
11371
11373
11395
11408
11413
11420
11421
11423
11425
11428
11430
11431
11432
11433
11436
11441
11442
11444
11446
11450
11453
11454
11457
11473
11479
11489
11492
11501
11508
11537
11547
11576
11620
11622
11649
11663
11673
11680
11722
11735
11741
11752
11770
11840
11841
11851
11860
11863
11869
11889
11892
11903
11915
11938
11939
11952
11954
11970
12028
12030
12070
12130
12142
12171
12179
12223
12231
12271
12283
12286
12310
12316
12324
12339
12341
12346
12348
12351
12364
12371
12400
12424
12425
12428
12433
12435
12468
12471
12478
12480
12481
12484
12485
12494
12495
12533
12538
12545
12550
12555
12564
12586
12598
12604
12625
12641
12675
12680
12684
12689
12690
12695
12708
12709
12726
12736
12746
12758
12760
12762
12774
12796
12806
12811
12820
12839
12863
12876
12882
12885
12922
12924
12927
12928
12930
12933
12940
12942
12993
12996
12997
13008
13037
13053
13055
13092
13096
13098
13145
13150
13155
13183
13186
13188
13191
13193
13195
13197
13198
13202
13204
13225
13230
13279
13281
13307
13319
13328
13339
13360
13363
13382
13386
13398
13447
13448
13453
13459
13494
13505
13508
13579
13621
13625
13630
13641
13643
13719
13734
13760
13761
13764
13768
13784
13786
13809
13813
13822
13826
13834
13840
13842
13865
13871
13874
13880
13893
13900
13906
13910
13921
13938
13958
13966
13967
14005
14014
14017
14027
14047
14048
14102
14162
14169
14173
14178
14180
14213
14224
14259
14285
14304
14324
14347
14377
14378
14387
14415
14421
14423
14484
14513
14517
14553
14578
14604
14615
14637
14642
14660
14700
14715
14717
14730
14746
14776
14810
14835
14843
14875
14908
14909
14927
14937
14944
14965
14996
14998
15003
15022
15063
15079
15085
15100
15145
15154
15230
15256
15265
15267
15308
15311
15314
15316
15319
15325
15328
15329
15344
15362
15402
15407
15503
15528
15552
15558
15560
15588
15616
15649
15692
15703
15708
15752
15770
15778
15794
15851
15852
15891
15902
15929
15936
15955
15978
16065
16104
16113
16125
16132
16148
16154
16164
16201
16211
16287
16308
16353
16370
16374
16385
16406
16465
16487
16502
16516
16524
16551
16562
16571
16577
16592
16606
16647
16666
16680
16683
16703
16735
16758
16780
16803
16813
16838
16858
16963
16973
16981
16982
16986
17005
17027
17029
17065
17083
17177
17193
17196
17239
17241
17281
17306
17425
17438
17523
17545
17568
17584
17593
17595
17596
17624
17627
17628
17663
17720
17753
17791
17844
17871
17890
17939
17951
17954
17980
17994
18021
18056
18064
18087
18091
18129
18197
18243
18251
18339
18401
18431
18444
18541
18567
18601
18619
18668
18698
18699
18733
18813
18848
18957
18982
19038
19068
19101
19123
19127
19154
19250
19301
19338
19393
19397
19436
19441
19443
19445
19446
19448
19451
19454
19484
19549
19575
19596
19626
19641
19715
19764
19791
19818
19821
19834
19851
19884
19987
20025
20065
20066
20132
20144
20192
20206
20248
20251
20328
20359
20373
20393
20419
20424
20425
20445
20468
20472
20478
20582
20583
20654
20662
20681
20736
20790
20810
20811
20813
20814
20816
20823
20825
20826
20827
20882
20888
20930
21065
21085
21104
21128
21155
21199
21212
21216
21218
21224
21334
21383
21385
21491
21625
21649
21651
21680
21775
21783
21829
21892
21898
21914
21933
22004
22020
22033
22116
22221
22232
22251
22262
22287
22377
22419
22421
22422
22484
22502
22504
22517
22528
22575
22624
22629
22650
22694
22696
22701
22817
22824
22882
22927
22932
22940
22945
22946
22951
22975
22979
22982
22988
22991
22992
22993
23019
23040
23268
23275
23283
23359
23380
23381
23415
23425
23501
23504
23511
23549
23553
23640
23672
23721
23862
23863
23880
23887
23917
24007
24028
24185
24186
24237
24270
24336
24365
24404
24519
24527
24547
24572
24573
24578
24579
24580
24583
24585
24586
24587
24590
24597
24598
24601
24603
24605
24608
24612
24613
24614
24617
24621
24623
24624
24741
24862
24864
24867
24868
24874
24876
24935
24947
24976
25269
25273
25347
25462
25634
25686
25909
25912
26135
26165
26180
26181
26281
26295
26460
26526
26587
26605
26657
26660
26661
26664
26668
26678
26687
26692
26698
26701
26707
26709
26711
26714
26716
26717
26722
26725
26729
26837
26862
26865
26916
27047
27065
27116
27139
27140
27432
27435
27567
27641
27743
27859
28128
28178
28226
28306
28418
28573
28640
28659
28672
28699
28719
28818
28872
29167
29229
29266
29274
