0
1
2
4
5
6
27
63
66
71
73
74
75
78
79
80
87
105
111
112
126
131
146
152
157
185
192
193
195
196
202
207
209
210
216
235
236
242
259
284
285
289
291
293
294
295
300
302
303
305
306
308
310
311
313
315
317
318
319
324
326
329
333
335
337
339
340
343
346
349
351
354
357
361
364
365
367
369
371
372
374
376
429
432
468
478
540
547
581
609
635
658
668
674
677
730
731
733
773
780
801
826
850
867
876
885
890
913
926
929
931
935
946
948
951
952
956
968
984
986
1005
1012
1014
1018
1020
1046
1051
1054
1081
1099
1100
1102
1159
1180
1255
1260
1264
1323
1344
1349
1352
1353
1355
1374
1376
1389
1403
1435
1437
1489
1514
1521
1547
1607
1614
1616
1631
1633
1656
1678
1689
1691
1692
1693
1694
1696
1709
1716
1741
1750
1764
1786
1788
1800
1804
1806
1808
1809
1810
1811
1812
1823
1830
1832
1835
1842
1853
1856
1889
1893
1908
1923
1924
1944
1946
1960
1981
1982
1984
2010
2013
2015
2016
2018
2033
2034
2035
2041
2048
2070
2081
2082
2084
2101
2102
2110
2113
2114
2132
2147
2155
2157
2167
2184
2188
2202
2207
2208
2219
2233
2241
2255
2260
2330
2332
2345
2350
2355
2360
2412
2416
2439
2472
2491
2502
2524
2543
2557
2589
2622
2638
2660
2664
2710
2772
2775
2782
2801
2815
2820
2827
2838
2841
2854
2856
2870
2927
2937
2949
2970
2972
2984
2990
3008
3012
3014
3066
3088
3099
3165
3185
3222
3262
3279
3290
3291
3294
3296
3317
3342
3372
3385
3390
3410
3413
3415
3418
3432
3433
3475
3484
3491
3498
3502
3504
3507
3508
3510
3512
3518
3522
3527
3534
3535
3536
3541
3548
3551
3556
3583
3585
3586
3589
3595
3600
3629
3640
3654
3694
3695
3713
3734
3745
3769
3773
3784
3830
3847
3873
3910
3931
3936
3975
3993
4037
4062
4066
4073
4075
4079
4083
4085
4088
4090
4091
4092
4094
4097
4099
4105
4106
4108
4112
4114
4115
4116
4117
4118
4119
4120
4121
4123
4127
4128
4130
4135
4160
4162
4169
4171
4172
4175
4207
4231
4249
4253
4269
4270
4287
4288
4290
4308
4324
4326
4362
4376
4384
4407
4414
4419
4432
4439
4440
4446
4455
4468
4489
4521
4532
4542
4555
4621
4644
4649
4656
4695
4701
4702
4737
4742
4746
4747
4748
4751
4752
4753
4754
4756
4758
4770
4772
4773
4810
4833
4840
4856
4867
4869
4881
4883
4886
4913
4923
4925
4934
4954
5001
5010
5015
5084
5096
5149
5215
5216
5218
5220
5231
5249
5272
5274
5288
5300
5304
5320
5335
5349
5350
5421
5436
5444
5468
5478
5483
5503
5524
5541
5565
5578
5585
5586
5607
5608
5609
5615
5633
5657
5665
5694
5696
5700
5710
5713
5731
5789
5790
5838
5856
5859
5874
5900
5915
5917
5936
5948
5956
5964
6011
6013
6014
6026
6027
6040
6049
6052
6060
6063
6064
6069
6083
6092
6099
6103
6124
6152
6156
6185
6191
6195
6196
6198
6199
6200
6202
6209
6212
6225
6251
6257
6320
6363
6375
6395
6408
6462
6473
6476
6479
6481
6483
6488
6489
6537
6548
6556
6561
6567
6572
6592
6594
6595
6596
6610
6617
6621
6657
6663
6696
6778
6780
6790
6846
6854
6861
6875
6895
6905
6919
6922
6925
6927
6929
6931
6937
6938
6955
6956
6989
7015
7018
7022
7024
7031
7035
7069
7073
7074
7076
7107
7108
7115
7203
7236
7245
7247
7281
7288
7300
7307
7310
7311
7312
7320
7334
7375
7384
7393
7401
7404
7411
7418
7428
7446
7488
7510
7512
7516
7517
7519
7521
7524
7537
7538
7540
7543
7545
7546
7548
7552
7557
7560
7561
7563
7567
7573
7575
7577
7579
7584
7585
7636
7637
7661
7663
7679
7698
7717
7723
7731
7761
7781
7808
7837
7850
7857
7888
7900
7906
7923
7929
7964
7978
7980
7981
7984
7986
7988
7994
7998
8000
8003
8005
8046
8056
8058
8095
8099
8175
8187
8189
8227
8240
8257
8344
8345
8347
8348
8349
8359
8371
8393
8406
8463
8472
8473
8517
8541
8576
8623
8641
8655
8657
8663
8680
8763
8780
8791
8798
8811
8867
8890
8943
8967
8983
8997
9026
9027
9042
9056
9082
9095
9133
9145
9165
9168
9224
9241
9245
9271
9283
9294
9296
9304
9310
9339
9340
9348
9360
9394
9414
9419
9436
9443
9465
9472
9479
9518
9565
9571
9580
9620
9640
9674
9675
9676
9689
9699
9778
9792
9806
9840
9876
9880
9901
9918
9935
9936
9954
9971
9985
10001
10002
10007
10031
10040
10078
10090
10105
10130
10137
10138
10152
10176
10278
10280
10283
10287
10288
10289
10303
10309
10322
10334
10378
10382
10406
10407
10410
10411
10413
10458
10462
10475
10482
10497
10508
10529
10531
10576
10629
10653
10679
10712
10765
10772
10773
10787
10801
10806
10860
10886
10888
10899
10901
10902
10904
10906
10907
10909
10911
10917
10919
10925
10926
10931
10957
10960
10962
10965
11019
11023
11071
11077
11101
11158
11159
11167
11193
11210
11223
11225
11307
11332
11346
11358
11378
11385
11396
11401
11412
11425
11426
11427
11447
11459
11502
11503
11504
11506
11508
11548
11622
11632
11663
11674
11682
11696
11771
11833
11888
11926
11944
11948
11959
11999
12034
12042
12043
12074
12106
12138
12139
12186
12254
12258
12295
12302
12304
12314
12357
12358
12384
12414
12418
12438
12456
12488
12539
12566
12567
12618
12650
12664
12691
12738
12750
12795
12820
12827
12838
12847
12866
12884
12948
12955
12986
13026
13032
13049
13052
13077
13095
13159
13217
13227
13259
13346
13350
13353
13364
13377
13392
13416
13463
13477
13489
13541
13673
13694
13698
13714
13723
13735
13780
13792
13809
13834
13852
13856
13860
13898
13934
13978
13993
13995
14040
14091
14104
14126
14159
14196
14243
14266
14280
14285
14292
14319
14334
14353
14369
14373
14416
14436
14455
14488
14535
14548
14588
14604
14633
14634
14648
14728
14731
14740
14787
14796
14798
14802
14806
14809
14813
14815
14818
14821
14826
14827
14828
14829
14832
14836
14837
14841
14845
14848
14849
14854
14856
14857
14870
14883
14895
14931
14999
15013
15025
15090
15118
15128
15208
15228
15348
15376
15454
15462
15506
15542
15543
15582
15615
15616
15618
15621
15623
15626
15639
15653
15679
15702
15705
15717
15837
15850
15855
15877
15881
15953
15970
15995
16040
16051
16113
16144
16195
16241
16263
16265
16268
16271
16364
16366
16430
16521
16523
16601
16611
16669
16716
16717
16728
16742
16744
16784
16816
16821
16850
16859
16911
16920
16948
17018
17096
17180
17183
17244
17264
17266
17281
17496
17523
17594
17602
17642
17708
17721
17748
17791
17809
17813
17815
17816
17819
17821
17823
17833
17838
17841
17855
17871
17875
17878
17899
17903
17906
17909
17911
17914
17916
17925
17926
17961
17992
18009
18053
18150
18155
18157
18161
18192
18230
18289
18393
18434
18497
18503
18569
18573
18773
18781
18795
18862
18898
18956
19008
19016
19017
19019
19021
19023
19030
19052
19102
19103
19163
19166
19170
19213
19222
19310
19337
19338
19565
19598
19737
19835
19866
19885
20033
20094
20107
20175
20219
20375
20376
20378
20379
20380
20423
20490
20530
20584
20591
20611
20641
20679
20695
20758
20822
20912
20928
20971
21000
21006
21075
21140
21179
21253
21314
21341
21369
21440
21441
21505
21509
21569
21577
21612
21636
21706
21835
21867
21888
21903
21905
22079
22143
22225
22241
22243
22274
22453
22488
22553
22560
22605
22764
22914
22944
22960
23119
23127
23152
23202
23286
23393
23447
23512
23518
23541
23562
23777
23824
23861
24028
24164
24194
24291
24447
24473
24504
24528
24591
24635
24941
24950
24967
25194
25266
25382
25458
25669
25675
25721
25771
26056
26188
26247
26279
26298
26514
26563
