0
3
5
15
19
20
21
22
23
26
35
47
48
53
55
69
88
99
106
118
122
124
147
148
149
151
161
162
169
170
171
173
174
176
177
184
200
209
211
219
220
222
240
242
245
248
250
255
276
281
312
315
316
320
345
350
352
353
360
371
375
384
388
392
429
434
437
457
458
459
462
464
467
474
486
528
532
540
542
546
563
572
575
585
586
616
633
638
648
651
672
682
685
692
706
709
712
713
715
716
740
744
752
758
788
791
796
822
833
839
840
841
868
869
881
883
884
911
916
921
927
936
939
940
941
942
954
960
962
964
966
1005
1006
1007
1008
1009
1012
1013
1014
1024
1028
1038
1041
1056
1070
1071
1074
1083
1088
1109
1112
1114
1115
1129
1130
1131
1132
1137
1141
1155
1171
1181
1184
1185
1186
1190
1193
1214
1221
1222
1243
1246
1250
1254
1257
1266
1273
1274
1282
1283
1323
1339
1346
1364
1374
1384
1388
1398
1400
1403
1415
1416
1421
1426
1428
1429
1432
1436
1438
1440
1442
1447
1448
1451
1479
1480
1482
1483
1485
1490
1499
1501
1502
1505
1507
1508
1510
1513
1514
1526
1527
1540
1551
1553
1592
1610
1616
1654
1662
1669
1675
1692
1698
1710
1716
1717
1719
1722
1727
1730
1732
1741
1745
1747
1750
1751
1752
1754
1758
1759
1760
1763
1766
1769
1770
1772
1778
1780
1781
1782
1784
1786
1797
1798
1799
1805
1810
1814
1818
1820
1832
1840
1847
1848
1849
1853
1854
1856
1858
1862
1866
1868
1881
1884
1887
1904
1910
1929
1935
1948
1952
1953
1957
1986
1989
1991
1993
2014
2019
2030
2031
2032
2033
2039
2051
2057
2060
2067
2071
2087
2092
2096
2104
2109
2115
2116
2120
2121
2123
2127
2143
2146
2163
2169
2177
2181
2186
2208
2211
2215
2219
2220
2222
2225
2227
2233
2241
2261
2263
2265
2266
2268
2273
2281
2285
2297
2298
2304
2309
2328
2357
2368
2374
2396
2423
2424
2425
2433
2457
2459
2479
2483
2504
2518
2527
2544
2554
2557
2559
2560
2562
2563
2564
2582
2619
2621
2622
2629
2637
2642
2645
2658
2659
2664
2667
2670
2681
2682
2683
2685
2686
2689
2690
2701
2721
2722
2724
2744
2745
2757
2764
2780
2783
2802
2814
2816
2843
2848
2854
2870
2875
2908
2922
2944
2955
2985
2990
2991
2995
3013
3017
3038
3045
3048
3053
3064
3075
3090
3098
3114
3127
3134
3147
3156
3157
3159
3161
3162
3168
3174
3189
3207
3208
3249
3255
3258
3281
3307
3326
3331
3335
3367
3380
3384
3393
3399
3403
3408
3409
3416
3417
3427
3439
3448
3450
3460
3520
3525
3526
3536
3557
3561
3562
3571
3574
3609
3612
3624
3631
3636
3640
3641
3658
3669
3671
3678
3689
3691
3695
3706
3716
3718
3729
3739
3742
3762
3767
3775
3787
3792
3799
3808
3809
3812
3839
3852
3859
3893
3896
3909
3914
3916
3918
3957
3964
3968
3969
3971
3976
3979
3991
3998
4008
4019
4020
4023
4036
4043
4057
4061
4069
4083
4093
4113
4127
4138
4142
4144
4153
4156
4166
4180
4197
4212
4218
4242
4246
4264
4265
4299
4307
4314
4323
4328
4350
4351
4358
4365
4374
4379
4411
4423
4433
4438
4445
4454
4458
4470
4486
4499
4500
4502
4513
4542
4548
4552
4557
4569
4573
4598
4606
4612
4615
4627
4644
4652
4675
4676
4692
4712
4716
4728
4731
4732
4735
4737
4739
4744
4746
4747
4752
4753
4755
4756
4761
4763
4769
4781
4800
4810
4812
4814
4853
4879
4889
4892
4901
4902
4905
4912
4919
4925
4926
4945
4964
4983
5021
5023
5030
5031
5040
5051
5062
5065
5066
5077
5085
5091
5105
5122
5143
5146
5180
5181
5200
5206
5268
5283
5292
5296
5298
5303
5307
5308
5316
5317
5330
5350
5363
5378
5379
5399
5434
5436
5441
5442
5443
5448
5449
5450
5471
5478
5479
5480
5481
5485
5487
5489
5490
5496
5514
5536
5539
5549
5556
5565
5567
5594
5598
5612
5633
5649
5660
5682
5685
5691
5697
5705
5717
5727
5737
5752
5760
5764
5771
5778
5782
5788
5797
5799
5813
5835
5872
5914
5916
5918
5920
5925
5937
5947
5988
5994
6004
6005
6007
6010
6011
6014
6020
6057
6058
6092
6098
6101
6131
6180
6181
6196
6202
6203
6235
6237
6248
6252
6271
6274
6315
6317
6332
6340
6357
6359
6373
6383
6386
6403
6413
6424
6456
6457
6466
6481
6495
6502
6506
6520
6530
6553
6555
6557
6561
6568
6575
6587
6620
6627
6635
6666
6669
6697
6704
6724
6725
6727
6739
6747
6758
6762
6764
6805
6835
6847
6850
6860
6870
6876
6879
6880
6888
6892
6893
6895
6902
6925
6941
6955
6966
6973
6992
7004
7015
7023
7026
7027
7031
7033
7044
7052
7057
7074
7077
7093
7095
7101
7105
7108
7114
7116
7117
7142
7147
7164
7214
7219
7258
7266
7271
7272
7289
7295
7339
7350
7368
7374
7387
7433
7456
7474
7477
7488
7490
7491
7495
7507
7540
7555
7567
7577
7580
7581
7602
7610
7633
7646
7736
7751
7756
7763
7785
7811
7820
7829
7845
7846
7850
7862
7871
7886
7889
7900
7904
7905
7907
7925
7927
7936
7957
7969
7989
7995
8025
8047
8063
8065
8066
8082
8083
8093
8104
8106
8111
8122
8133
8143
8147
8156
8162
8168
8171
8173
8175
8179
8180
8205
8223
8231
8234
8255
8338
8346
8360
8362
8370
8372
8381
8392
8422
8445
8446
8468
8476
8506
8548
8583
8613
8630
8636
8660
8674
8675
8682
8685
8741
8763
8764
8780
8797
8808
8813
8817
8840
8844
8892
8950
8963
8969
8988
8990
8992
8993
8999
9007
9031
9071
9080
9090
9100
9111
9123
9136
9143
9161
9167
9206
9217
9252
9261
9271
9282
9303
9321
9327
9328
9330
9334
9374
9412
9423
9427
9431
9470
9493
9523
9524
9555
9558
9559
9602
9621
9622
9637
9640
9657
9663
9695
9697
9701
9707
9721
9743
9815
9831
9846
9850
9855
9888
9895
9909
9930
9943
9975
9982
9996
10032
10038
10062
10123
10131
10152
10153
10171
10179
10191
10232
10264
10268
10272
10307
10318
10319
10324
10328
10344
10354
10387
10393
10439
10456
10464
10468
10487
10509
10511
10536
10557
10558
10566
10587
10593
10604
10624
10641
10718
10764
10780
10804
10844
10848
10896
10904
10905
10907
10912
10913
10916
10919
10921
10923
10924
10944
10967
10997
11001
11064
11120
11177
11180
11213
11229
11236
11250
11272
11275
11276
11285
11351
11357
11377
11406
11413
11430
11475
11517
11567
11585
11642
11676
11690
11726
11753
11785
11787
11823
11845
11861
11865
11879
11902
11959
11989
11992
11997
12000
12018
12048
12060
12071
12134
12169
12174
12175
12190
12207
12228
12317
12444
12448
12452
12489
12505
12571
12690
12740
12762
12775
12796
12808
12837
12843
12898
12903
12931
12948
12970
12995
13012
13060
13112
13165
13287
13384
13425
13438
13453
13460
13541
13561
13568
13585
13686
13761
13787
13812
13833
13835
13837
13839
13850
13855
13856
13889
13951
13953
13998
14016
14022
14073
14154
14159
14188
14189
14226
14249
14313
14331
14430
14447
14455
14469
14473
14506
14519
14528
14619
14678
14700
14772
14779
14801
14883
14907
14939
14945
15022
15037
15040
15042
15091
15092
15093
15101
15125
15153
15187
15259
15263
15296
15347
15434
15436
15453
15506
15518
15528
15530
15560
15574
15624
15626
15694
15855
15872
15899
15935
16078
16082
16150
16161
16201
16341
16347
16375
16394
16458
16487
16516
16529
16531
16565
16589
