0 28
0 26
1 28
0 15
2 28
0 24
0 6
1 26
2 26
3 26
0 19
1 15
2 15
0 14
2 8
2 14
3 15
2 6
3 14
2 19
1 14
0 4
1 24
1 6
0 18
2 12
1 4
2 4
0 22
3 8
0 10
3 6
1 18
0 3
3 4
3 28
0 2
0 7
2 18
1 7
0 23
2 7
3 18
1 2
3 12
0 16
0 1
2 24
0 11
0 0
0 12
3 24
0 29
1 23
3 7
1 22
1 3
2 2
1 11
2 11
0 17
3 2
1 16
3 11
2 16
2 13
1 19
0 13
1 12
3 16
2 3
2 22
1 1
3 19
0 5
0 27
2 23
2 21
3 23
0 9
1 17
1 29
2 29
0 8
1 13
1 10
1 5
2 1
2 20
0 25
1 27
2 17
3 17
2 27
3 27
1 0
1 9
2 9
2 0
1 25
3 22
0 20
1 8
2 10
3 10
3 13
1 20
3 20
2 25
3 3
0 21
3 1
2 5
1 21
3 25
3 9
3 0
3 21
3 5
3 29

Score: 77.64000000000013