0
13482
13504
13507
13509
13510
13512
13513
13516
13517
13519
13522
13524
13526
13527
13529
13532
13533
13536
13538
13541
13544
13545
13546
13550
13552
13556
13560
13562
13563
13564
13566
13567
13571
13572
13574
13577
13578
13579
13580
13583
13584
13585
13588
13615
13618
13621
13624
13625
13637
13654
13718
13721
13722
13723
13724
13726
13727
13730
13731
13734
13735
13739
13742
13743
13746
13748
13752
13753
13756
13757
13760
13764
13765
13768
13770
13772
13774
13775
13792
13829
13860
13875
13878
13883
13906
13947
13982
14001
14034
14045
14053
14054
14065
14071
14124
14147
14154
14158
14162
14163
14197
14205
14211
14212
14213
14249
14253
14286
14295
14302
14321
14334
14345
14350
14367
14429
14435
14437
14439
14440
14444
14457
14460
14478
14481
14559
14585
14589
14612
14617
14626
14643
14652
14655
14657
14672
14675
14688
14691
14695
14696
14699
14701
14703
14706
14714
14717
14718
14737
14744
14759
14760
14770
14782
14783
14859
14868
14886
14913
14919
14935
14983
14988
14991
15006
15017
15022
15058
15081
15100
15128
15137
15143
15208
15209
15214
15218
15220
15225
15228
15237
15241
15262
15265
15281
15289
15300
15320
15356
15461
15474
15476
15479
15499
15613
15632
15649
15679
15733
15752
15758
15762
15767
15772
15779
15783
15787
15788
15820
15853
15890
15926
15945
15972
16015
16027
16028
16034
16035
16063
16092
16096
16137
16185
16228
16251
16252
16254
16257
16262
16264
16267
16270
16289
16290
16298
16303
16315
16328
16333
16352
16402
16413
16461
16477
16478
16479
16490
16551
16572
16593
16595
16596
16599
16601
16604
16605
16617
16621
16631
16632
16634
16637
16638
16641
16646
16653
16698
16712
16726
16756
16758
16813
16818
16821
16823
16825
16827
16830
16839
16843
16846
16848
16850
16853
16856
16858
16859
16862
16866
16868
16869
16871
16873
16874
16875
16876
16879
16882
16883
16887
16888
16890
16894
16896
16897
16903
16907
16909
16910
16913
16914
16917
16919
16921
16922
16926
16929
16930
16935
16936
16937
16941
16947
16953
16955
16961
16962
16963
16969
16970
16973
16974
16977
16980
16984
16985
16986
16993
16996
16999
17000
17001
17003
17004
17033
17051
17056
17127
17175
17177
17178
17208
17211
17254
17260
17266
17317
17339
17346
17362
17473
17519
17571
17575
17579
17580
17582
17601
17611
17647
17742
17759
17785
17793
17809
17849
17870
17873
17926
17943
17948
17969
18008
18094
18097
18106
18109
18143
18252
18279
18283
18287
18289
18290
18293
18295
18296
18297
18302
18305
18307
18309
18311
18314
18315
18387
18389
18391
18397
18398
18421
18471
18475
18479
18518
18524
18525
18531
18548
18561
18562
18564
18566
18567
18568
18575
18627
18633
18663
18676
18688
18707
18745
18875
18927
18972
19034
19052
19079
19158
19162
19172
19199
19237
19238
19241
19250
19273
19274
19309
19374
19384
19435
19437
19438
19456
19474
19527
19529
19531
19552
19633
19661
19709
19771
19786
19804
19818
19837
19842
19843
19844
19846
19848
19850
19855
19858
19860
19863
19865
19866
19905
19946
19948
19950
19981
19994
20019
20053
20054
20062
20093
20124
20125
20172
20197
20225
20320
20377
20416
20434
20499
20573
20595
20613
20648
20673
20729
20758
20811
20868
20876
20916
20921
20929
20964
20968
20973
21020
21063
21068
21105
21152
21245
21263
21343
21347
21375
21452
21483
21503
21507
21535
21540
21554
21567
21670
21692
21708
21710
21757
21809
21818
21842
21893
21931
22004
22009
22024
22099
22126
22146
22214
22250
22291
22457
22544
22555
22575
22610
22631
22639
22651
22667
22694
22768
22884
22898
22953
22956
22957
22999
23003
23006
23069
23095
23170
23190
23220
23279
23332
23504
23591
23609
23677
23684
23692
23911
23929
24033
24039
24070
24095
24097
24099
24101
24102
24103
24106
24108
24110
24111
24113
24163
24208
24232
24258
24404
24414
24429
24464
24558
24560
24561
24606
24677
24682
24689
24691
24694
24696
24697
24698
24701
24703
24706
24708
24710
24711
24714
24716
24717
24718
24721
24722
24724
24727
24729
24732
24734
24737
24739
24740
24741
24742
24744
24748
24750
24752
24754
24755
24759
24765
24768
24771
24775
24776
24779
24782
24784
24785
24787
24790
24793
24795
24796
24800
24801
24802
24803
24805
24808
24809
24888
24950
24953
24959
24992
25004
25060
25193
25201
25248
25294
25298
25303
25318
25358
25379
25441
25446
25514
25544
25560
25582
25592
25843
25850
25876
25918
25937
25983
25984
26006
26116
26118
26234
26244
26278
26327
26333
26344
26393
26415
26467
26524
26568
26643
26644
26659
26667
26706
26721
26759
26812
26951
26973
27004
27006
27009
27011
27070
27084
27119
27136
27162
27167
27212
27307
27326
27494
27526
27586
27596
27599
27601
27604
27608
27611
27612
27614
27652
27657
27690
27706
27740
27881
27963
28008
28085
28119
28139
28212
28230
28316
28355
28392
28494
28520
28568
28570
28675
28701
28709
28714
28742
28760
28766
28796
28842
28849
28872
28887
29060
29103
29128
29156
29209
29212
29226
29227
29340
29414
29703
29777
29800
29807
29886
29968
30025
30030
30094
30127
30128
30169
30196
30214
30219
30220
30221
30236
30262
30267
30269
30271
30300
30325
30327
30328
30329
30367
30374
30376
30379
30380
30386
30388
30393
30573
30587
30619
30766
30919
30958
31064
31079
31202
31231
31285
31474
31656
31734
31832
31883
31886
31967
31985
32018
32060
32140
32218
32254
32287
32295
32331
32366
32444
32447
32650
32657
32676
32749
32825
32956
32983
32988
32992
33077
33131
33146
33157
33474
33530
33554
33564
33797
33880
33922
33967
34178
34289
34345
34409
34482
34572
34932
34934
34937
34939
34940
34943
34944
34947
34950
34951
34953
34955
34958
34962
34965
34969
34972
34973
34976
34980
34983
34987
34993
34994
34997
34998
35004
35008
35010
35098
35166
35239
35240
35295
35550
35679
35716
35831
35862
