0 39
0 19
1 19
2 19
0 27
3 19
1 39
0 13
2 39
3 39
2 24
2 34
3 24
4 39
2 30
1 27
4 24
0 3
1 13
2 27
0 30
0 22
2 17
4 19
1 3
2 3
3 3
4 3
0 9
3 27
0 1
3 30
2 5
2 9
0 15
1 9
3 9
2 49
4 9
0 5
1 1
2 1
2 15
0 24
3 1
1 5
4 27
4 1
3 5
0 49
2 13
0 32
0 45
3 34
3 49
1 32
0 42
3 13
1 24
0 20
0 17
2 32
1 20
2 48
1 49
0 37
1 45
1 42
1 30
2 20
0 18
0 48
0 2
2 42
0 36
3 20
2 36
1 17
3 36
4 49
4 13
2 45
1 48
2 44
1 18
2 38
3 48
0 14
1 37
0 16
2 37
3 38
1 36
2 6
3 32
1 22
4 48
0 6
3 6
2 35
1 16
2 25
2 16
0 44
4 36
0 12
1 2
3 45
0 33
2 22
3 22
2 18
1 6
2 2
2 21
1 14
4 6
1 12
0 46
0 28
0 0
3 17
1 15
1 33
0 11
3 37
0 35
2 12
3 42
4 20
2 33
4 5
0 21
3 16
1 35
1 28
2 28
1 0
1 11
2 29
4 37
3 33
0 25
3 21
1 46
0 40
4 16
4 17
4 32
0 47
2 46
0 38
0 8
2 0
2 11
4 33
1 21
1 25
2 40
3 18
0 26
1 38
0 23
3 0
0 7
4 45
4 42
3 28
0 29
3 2
0 34
1 44
3 12
4 30
1 8
1 26
0 43
1 47
3 25
2 8
0 4
3 11
4 0
4 11
2 47
1 4
2 4
4 21
1 43
0 31
1 34
1 40
3 8
1 29
2 14
4 2
4 8
0 10
2 43
1 31
4 12
3 47
4 18
4 47
3 15
1 10
4 34
2 31
4 25
1 23
0 41
1 7
2 23
3 46
2 10
3 31
3 29
3 10
2 7
2 26
3 44
1 41
3 23
3 43
4 10
3 14
3 40
2 41
3 41
4 31
4 22
4 43
4 46
4 14
4 15
3 7
4 40
3 26
3 4
4 41
4 44
4 7
4 38
3 35
4 35
4 29
4 28
4 23
4 26
4 4

Score: 131.4999999999994