0
61
62
63
64
68
72
74
75
78
79
81
83
84
85
88
91
92
95
98
102
106
107
109
110
112
116
119
122
123
125
127
128
131
132
135
137
138
139
141
143
144
150
152
155
156
157
163
165
170
175
177
179
182
183
184
187
192
193
198
200
202
203
207
209
211
212
215
217
219
221
222
224
226
230
233
237
240
241
245
247
251
253
254
255
256
258
262
263
265
266
267
269
270
273
275
277
278
281
282
283
284
286
288
292
293
298
302
306
310
311
313
314
318
320
322
323
326
328
329
330
333
335
336
337
340
341
345
350
351
357
360
362
364
365
370
371
374
376
378
380
382
383
384
385
386
387
389
391
394
397
400
402
403
405
407
408
410
412
415
416
420
423
425
426
428
430
432
434
435
437
438
440
443
444
445
449
450
453
455
457
459
461
462
463
465
470
473
474
476
477
480
481
482
485
487
488
490
491
494
495
496
499
504
506
507
509
513
514
516
518
519
521
522
525
528
530
532
534
537
539
541
542
543
545
546
547
549
551
553
556
558
560
563
568
572
576
577
578
579
581
587
588
590
592
594
595
596
598
599
600
602
603
607
609
610
612
616
618
626
631
632
640
641
644
646
653
656
659
660
661
664
667
670
674
679
680
681
682
683
686
688
690
691
692
696
698
699
700
701
704
705
706
709
711
714
720
721
722
723
741
743
745
752
759
760
768
769
771
772
773
774
775
781
790
794
795
796
797
802
808
811
845
848
852
853
856
857
861
863
865
869
870
872
873
874
877
879
881
883
884
885
886
888
894
895
900
903
904
905
908
910
912
916
917
919
920
921
926
928
929
930
934
936
938
939
940
941
944
947
952
954
955
956
960
961
964
968
970
972
974
976
980
985
988
989
991
992
994
996
997
1000
1003
1008
1014
1017
1021
1028
1034
1035
1036
1037
1038
1042
1043
1045
1051
1053
1068
1072
1086
1107
1116
1124
1145
1147
1151
1152
1155
1156
1162
1165
1168
1170
1171
1172
1175
1178
1183
1184
1188
1190
1192
1194
1197
1201
1204
1207
1210
1215
1216
1219
1222
1223
1224
1225
1233
1237
1242
1243
1246
1247
1250
1252
1255
1257
1258
1260
1261
1262
1267
1269
1270
1274
1277
1280
1281
1283
1285
1288
1289
1292
1295
1296
1299
1310
1311
1312
1314
1317
1320
1323
1325
1329
1337
1339
1341
1342
1344
1345
1346
1347
1349
1353
1355
1356
1357
1359
1363
1364
1367
1368
1371
1374
1376
1378
1379
1380
1381
1382
1385
1390
1394
1395
1396
1398
1399
1400
1401
1403
1407
1408
1412
1416
1418
1420
1421
1422
1427
1428
1435
1438
1440
1441
1442
1443
1446
1447
1448
1457
1460
1463
1466
1468
1471
1478
1486
1492
1495
1499
1503
1507
1509
1511
1514
1518
1520
1533
1537
1540
1569
1579
1581
1582
1587
1591
1594
1599
1603
1613
1616
1624
1631
1634
1635
1643
1646
1650
1651
1655
1656
1659
1663
1665
1667
1668
1670
1672
1674
1677
1679
1681
1682
1685
1688
1689
1693
1695
1696
1697
1704
1706
1707
1710
1713
1715
1717
1720
1721
1722
1726
1728
1729
1734
1736
1739
1741
1746
1750
1751
1754
1760
1764
1765
1767
1770
1771
1772
1774
1775
1776
1777
1779
1782
1783
1786
1789
1790
1794
1796
1798
1801
1802
1804
1806
1807
1810
1811
1812
1814
1815
1818
1820
1821
1822
1824
1826
1828
1831
1832
1833
1834
1836
1838
1841
1843
1844
1845
1847
1849
1851
1855
1859
1862
1863
1864
1868
1870
1872
1873
1875
1877
1878
1882
1884
1890
1900
1901
1903
1906
1907
1910
1911
1913
1915
1918
1920
1922
1923
1926
1928
1929
1934
1936
1937
1939
1941
1942
1943
1946
1948
1950
1954
1955
1957
1958
1959
1960
1962
1963
1967
1969
1971
1975
1978
1979
1980
1984
1986
1987
1988
1989
1990
1994
1995
1999
2000
2004
2006
2007
2009
2011
2013
2015
2016
2018
2019
2022
2024
2026
2027
2028
2030
2031
2035
2037
2044
2047
2049
2051
2052
2053
2057
2059
2065
2066
2069
2079
2080
2086
2088
2089
2094
2096
2098
2101
2104
2106
2111
2112
2114
2115
2117
2118
2119
2120
2123
2125
2127
2130
2136
2137
2140
2141
2143
2145
2146
2148
2149
2151
2152
2153
2154
2160
2161
2162
2163
2166
2169
2170
2171
2175
2177
2179
2181
2182
2184
2185
2187
2191
2193
2195
2197
2198
2202
2204
2205
2207
2213
2219
2222
2224
2225
2227
2229
2231
2234
2235
2236
2238
2240
2242
2243
2244
2247
2251
2252
2256
2257
2260
2261
2263
2268
2269
2272
2273
2275
2276
2280
2281
2282
2283
2288
2290
2295
2299
2302
2303
2305
2310
2312
2317
2319
2321
2322
2323
2326
2331
2338
2339
2341
2342
2345
2347
2348
2349
2366
2371
2373
2375
2384
2388
2392
2394
2395
2396
2397
2400
2402
2403
2405
2407
2411
2415
2416
2417
2420
2423
2427
2429
2431
2432
2436
2438
2440
2442
2448
2450
2451
2453
2454
2455
2459
2464
2471
2472
2474
2480
2482
2484
2493
2494
2498
2500
2503
2507
2511
2512
2515
2516
2534
2537
2540
2543
2544
2547
2548
2554
2555
2557
2563
2565
2568
2570
2577
2580
2581
2585
2589
2593
2594
2597
2600
2602
2603
2604
2605
2606
2609
2610
2614
2619
2620
2622
2623
2628
2629
2632
2635
2637
2642
2643
2647
2649
2653
2655
2678
2685
2686
2688
2697
2718
2719
2738
2754
2763
2768
2771
2772
2782
2784
2799
2803
2807
2816
2818
2819
2820
2822
2823
2827
2838
2839
2844
2847
2849
2854
2862
2865
2867
2870
2874
2875
2877
2880
2881
2883
2885
2886
2889
2892
2894
2900
2902
2904
2908
2910
2911
2916
2921
2924
2925
2926
2928
2931
2934
2937
2939
2940
2943
2948
2950
2952
2961
2967
2968
2971
2973
2976
2978
2982
2984
2988
2989
2991
2992
2993
2995
2997
2998
3000
3002
3004
3006
3007
3010
3013
3014
3018
3019
3020
3022
3027
3032
3034
3036
3037
3038
3039
3041
3043
3044
3045
3046
3047
3049
3052
3053
3056
3064
3068
3069
3071
3072
3073
3075
3076
3080
3081
3082
3084
3085
3088
3089
3090
3091
3093
3094
3097
3099
3100
3101
3102
3103
3104
3105
3109
3110
3114
3115
3118
3119
3120
3121
3122
3124
3127
3130
3131
3132
3134
3137
3138
3140
3142
3145
3148
3150
3152
3154
3157
3159
3161
3162
3164
3166
3167
3169
3170
3173
3174
3175
3176
3178
3181
3184
3185
3186
3188
3189
3190
3192
3193
3194
3197
3199
3203
3207
3212
3213
3215
3216
3217
3218
3219
3223
3225
3226
3229
3231
3234
3238
3240
3244
3248
3251
3258
3261
3264
3267
3269
3270
3271
3272
3273
3275
3278
3280
3281
3282
3283
3284
3285
3286
3290
3291
3293
3295
3297
3298
3302
3304
3308
3310
3314
3315
3317
3319
3321
3322
3323
3324
3325
3330
3331
3335
3341
3342
3343
3345
3348
3350
3353
3357
3363
3364
3365
3366
3371
3372
3375
3382
3386
3387
3388
3389
3391
3394
3399
3401
3403
3404
3408
3409
3411
3414
3416
3417
3419
3421
3424
3427
3429
3433
3434
3436
3438
3439
3442
3445
3446
3447
3448
3451
3455
3457
3460
3461
3463
3465
3467
3468
3470
3472
3474
3475
3476
3478
3479
3480
3486
3487
3489
3491
3493
3496
3499
3502
3504
3508
3509
3513
3515
3516
3517
3518
3519
3526
3527
3531
3534
3537
3539
3543
3545
3547
3553
3555
3556
3558
3560
3564
3566
3567
3570
3571
3572
3574
3575
3577
3581
3583
3585
3586
3587
3588
3591
3593
3594
3596
3599
3601
3602
3605
3607
3609
3610
3613
3617
3618
3619
3621
3623
3625
3627
3630
3631
3632
3634
3637
3639
3641
3642
3645
3646
3650
3651
3652
3653
3656
3658
3660
3662
3666
3669
3670
3672
3673
3674
3675
3676
3677
3678
3681
3684
3685
3689
3690
3691
3693
3697
3698
3700
3701
3702
3703
3707
3713
3714
3715
3716
3718
3719
3722
3725
3726
3730
3732
3733
3734
3737
3738
3740
3742
3743
3747
3748
3749
3753
3754
3759
3762
3763
3764
3771
3774
3777
3780
3781
3789
3790
3793
3796
3797
3799
3800
3802
3804
3805
3808
3811
3814
3816
3822
3823
3824
3825
3827
3828
3831
3836
3839
3841
3843
3845
3846
3848
3852
3858
3860
3863
3868
3870
3871
3874
3875
3877
3879
3886
3890
3892
3893
3896
3897
3899
3905
3907
3909
3910
3915
3916
3917
3919
3923
3924
3925
3927
3931
3933
3934
3939
3941
3945
3948
3950
3953
3958
3959
3961
3962
3964
3967
3972
3973
3974
3977
3979
3990
4000
4001
4007
4009
4011
4013
4014
4018
4021
4022
4026
4032
4034
4036
4038
4039
4042
4043
4046
4049
4051
4054
4056
4061
4065
4066
4067
4068
4070
4076
4078
4081
4087
4089
4092
4095
4102
4118
4119
4124
4125
4132
4136
4138
4140
4165
4168
4170
4172
4174
4175
4177
4182
4188
4203
4204
4206
4219
4222
4251
4252
4253
4254
4257
4259
4265
4266
4269
4273
4275
4279
4280
4284
4287
4288
4291
4293
4294
4297
4299
4300
4301
4303
4305
4308
4309
4312
4314
4319
4321
4324
4329
4330
4331
4332
4336
4337
4338
4340
4341
4343
4344
4351
4354
4358
4360
4366
4371
4375
4378
4384
4386
4387
4390
4393
4395
4398
4399
4401
4402
4403
4406
4410
4413
4416
4418
4419
4421
4424
4430
4432
4434
4436
4446
4451
4452
4455
4461
4467
4470
4476
4477
4479
4480
4482
4485
4488
4489
4492
4493
4494
4497
4501
4502
4508
4510
4514
4515
4519
4520
4522
4525
4529
4539
4540
4541
4545
4546
4548
4554
4555
4556
4557
4559
4561
4567
4568
4570
4571
4575
4576
4577
4578
4579
4580
4584
4585
4586
4589
4593
4594
4595
4602
4607
4608
4611
4613
4614
4617
4619
4620
4621
4625
4628
4630
4631
4635
4636
4637
4640
4642
4643
4645
4646
4649
4652
4655
4656
4657
4659
4664
4665
4669
4673
4676
4677
4688
4690
4694
4696
4698
4701
4709
4711
4714
4722
4724
4726
4730
4731
4732
4734
4735
4739
4742
4745
4747
4748
4749
4751
4753
4754
4759
4761
4766
4768
4771
4773
4774
4781
4782
4787
4794
4796
4797
4799
4801
4802
4804
4805
4807
4808
4809
4811
4815
4816
4819
4820
4822
4824
4828
4833
4835
4837
4839
4843
4844
4845
4854
4868
4891
4904
4908
4910
4913
4920
4922
4928
4930
4938
4940
4968
4970
4975
4978
4986
4993
5001
5005
5006
5010
5011
5012
5017
5022
5029
5041
5042
5044
5051
5056
5060
5065
5069
5073
5074
5075
5076
5078
5080
5084
5087
5090
5093
5095
5101
5102
5103
5104
5105
5111
5113
5115
5119
5120
5123
5129
5130
5131
5137
5138
5139
5140
5142
5143
5144
5145
5147
5148
5150
5156
5158
5159
5160
5162
5166
5167
5169
5170
5172
5174
5177
5180
5183
5185
5186
5189
5190
5191
5199
5201
5202
5204
5205
5206
5208
5210
5212
5216
5218
5222
5224
5227
5229
5232
5234
5236
5243
5244
5247
5249
5251
5255
5257
5259
5260
5264
5268
5271
5272
5273
5276
5278
5279
5280
5281
5285
5286
5291
5294
5297
5304
5306
5312
5313
5318
5322
5323
5326
5328
5329
5332
5333
5335
5337
5344
5352
5360
5361
5362
5367
5375
5377
5380
5383
5386
5387
5395
5401
5403
5408
5409
5412
5416
5417
5422
5429
5435
5436
5438
5441
5442
5443
5446
5451
5452
5454
5455
5457
5458
5459
5460
5461
5467
5468
5471
5473
5474
5475
5476
5478
5487
5489
5492
5496
5497
5500
5502
5503
5504
5509
5510
5515
5516
5517
5523
5524
5529
5530
5542
5546
5549
5553
5556
5559
5561
5566
5568
5569
5572
5575
5576
5579
5581
5583
5585
5591
5595
5597
5600
5601
5603
5604
5608
5609
5613
5614
5615
5616
5617
5618
5619
5620
5621
5623
5625
5630
5631
5632
5636
5639
5641
5642
5644
5647
5648
5650
5652
5655
5656
5657
5658
5659
5662
5665
5666
5669
5671
5673
5683
5685
5687
5690
5691
5695
5697
5698
5700
5702
5703
5710
5715
5716
5717
5718
5719
5722
5725
5727
5732
5733
5736
5740
5742
5744
5748
5749
5750
5753
5754
5757
5760
5761
5763
5766
5768
5770
5771
5772
5774
5776
5778
5779
5782
5791
5793
5798
5801
5805
5807
5808
5809
5817
5818
5819
5823
5824
5827
5828
5829
5831
5832
5833
5835
5837
5838
5841
5843
5846
5847
5849
5850
5856
5860
5861
5864
5866
5872
5873
5875
5876
5878
5879
5881
5882
5883
5884
5887
5891
5893
5894
5896
5899
5902
5903
5904
5906
5914
5915
5918
5919
5922
5924
5925
5926
5927
5930
5933
5936
5938
5939
5940
5945
5954
5956
5960
5965
5974
5978
5982
5986
5987
5991
5992
5996
5997
6002
6012
6016
6023
6027
6029
6034
6037
6038
6042
6043
6047
6049
6051
6055
6057
6059
6060
6061
6068
6071
6075
6078
6080
6083
6085
6088
6089
6095
6099
6104
6105
6112
6117
6126
6143
6147
6148
6152
6153
6170
6172
6184
6189
6201
6217
6221
6223
6224
6226
6227
6228
6230
6232
6233
6237
6238
6239
6241
6251
6254
6265
6273
6287
6296
6325
6356
6368
6387
6391
6399
6400
6406
6455
6460
6486
6498
6505
6523
6534
6546
6547
6550
6553
6556
6559
6561
6565
6569
6580
6582
6585
6586
6587
6590
6593
6596
6606
6612
6616
6623
6637
6646
6648
6669
6671
6672
6676
6677
6688
6696
6700
6703
6706
6707
6709
6710
6717
6730
6734
6736
6737
6738
6740
6742
6748
6750
6753
6754
6757
6760
6761
6762
6765
6767
6769
6772
6773
6775
6776
6777
6778
6781
6786
6789
6793
6794
6796
6797
6801
6807
6808
6810
6811
6812
6815
6816
6818
6820
6822
6824
6827
6828
6829
6830
6832
6834
6838
6839
6844
6845
6847
6848
6849
6850
6854
6855
6856
6858
6860
6861
6865
6866
6867
6870
6874
6878
6885
6886
6888
6889
6890
6894
6896
6897
6901
6903
6904
6907
6908
6910
6913
6914
6917
6919
6923
6926
6928
6932
6936
6938
6940
6942
6946
6948
6950
6951
6952
6955
6956
6958
6962
6965
6966
6967
6971
6978
6979
6981
6982
6987
6989
6993
6994
6998
7000
7002
7003
7009
7013
7014
7016
7017
7020
7022
7023
7024
7026
7027
7029
7032
7033
7036
7038
7039
7040
7046
7051
7052
7056
7058
7060
7065
7068
7069
7070
7071
7074
7077
7078
7086
7095
7096
7108
7118
7139
7140
7144
7148
7150
7153
7154
7155
7157
7159
7160
7162
7163
7166
7170
7171
7173
7176
7177
7178
7181
7182
7185
7186
7188
7189
7191
7192
7197
7199
7200
7201
7207
7210
7216
7217
7218
7220
7221
7224
7226
7229
7230
7233
7234
7235
7236
7237
7238
7239
7242
7244
7245
7247
7249
7252
7256
7259
7260
7264
7265
7266
7267
7268
7270
7271
7273
7274
7278
7283
7285
7290
7294
7298
7300
7307
7309
7320
7332
7340
7341
7343
7344
7346
7349
7356
7359
7365
7366
7371
7374
7376
7378
7380
7392
7395
7397
7405
7427
7433
7438
7439
7445
7447
7449
7451
7453
7455
7457
7458
7459
7461
7462
7469
7473
7474
7475
7476
7478
7480
7482
7486
7487
7488
7490
7491
7493
7495
7496
7520
7521
7523
7527
7528
7530
7533
7539
7543
7544
7553
7566
7567
7585
7594
7595
7605
7607
7614
7618
7621
7626
7630
7633
7634
7636
7638
7640
7641
7642
7646
7647
7648
7652
7654
7657
7659
7663
7664
7668
7669
7674
7676
7678
7680
7682
7688
7690
7691
7692
7695
7696
7697
7700
7703
7705
7706
7707
7708
7709
7711
7712
7713
7714
7717
7722
7723
7725
7727
7731
7733
7735
7738
7740
7742
7744
7747
7749
7758
7760
7763
7764
7767
7772
7773
7777
7778
7782
7783
7785
7786
7787
7788
7791
7793
7794
7795
7797
7798
7799
7805
7807
7809
7810
7812
7814
7815
7821
7822
7825
7826
7830
7832
7834
7836
7837
7838
7845
7847
7849
7851
7853
7854
7856
7857
7860
7861
7862
7865
7866
7867
7868
7869
7873
7878
7879
7882
7883
7884
7886
7887
7893
7895
7896
7898
7902
7903
7913
7916
7918
7919
7920
7923
7924
7926
7927
7928
7929
7930
7932
7933
7935
7936
7938
7939
7941
7943
7945
7946
7948
7949
7950
7952
7953
7955
7957
7958
7962
7963
7965
7966
7968
7971
7976
7978
7979
7982
7984
7985
7987
7988
7990
7992
7995
7996
7998
7999
8001
8002
8005
8006
8010
8011
8013
8016
8018
8019
8021
8023
8025
8027
8029
8036
8038
8039
8043
8048
8049
8050
8057
8058
8063
8065
8067
8069
8072
8073
8074
8077
8078
8084
8089
8093
8095
8096
8098
8100
8101
8104
8105
8107
8109
8111
8118
8121
8129
8131
8133
8134
8135
8136
8140
8146
8150
8154
8155
8157
8158
8164
8165
8166
8170
8172
8174
8177
8180
8181
8182
8184
8185
8189
8190
8194
8198
8203
8207
8209
8210
8211
8212
8215
8217
8218
8219
8222
8225
8229
8232
8233
8236
8238
8240
8241
8244
8245
8247
8249
8252
8253
8258
8261
8264
8265
8269
8273
8274
8276
8278
8282
8283
8284
8290
8291
8293
8294
8295
8300
8301
8302
8304
8306
8309
8311
8314
8316
8319
8320
8321
8324
8328
8331
8334
8335
8337
8341
8346
8347
8351
8352
8357
8358
8361
8364
8365
8367
8368
8369
8374
8376
8377
8383
8384
8385
8387
8389
8391
8392
8393
8396
8399
8401
8404
8408
8410
8413
8417
8421
8424
8426
8428
8430
8431
8432
8435
8437
8439
8441
8442
8445
8450
8452
8454
8455
8458
8460
8461
8465
8466
8467
8470
8473
8475
8476
8478
8479
8480
8485
8488
8490
8491
8493
8495
8498
8499
8501
8506
8508
8509
8510
8511
8512
8514
8519
8524
8527
8533
8535
8537
8540
8552
8554
8557
8560
8561
8563
8566
8568
8573
8577
8578
8585
8586
8598
8601
8605
8606
8608
8610
8614
8615
8617
8624
8625
8630
8631
8632
8635
8640
8644
8645
8646
8649
8655
8670
8672
8683
8686
8693
8696
8697
8707
8710
8714
8718
8719
8722
8728
8731
8733
8735
8737
8738
8741
8743
8746
8748
8751
8752
8753
8755
8758
8763
8764
8769
8772
8773
8782
8783
8784
8785
8788
8792
8794
8796
8797
8798
8799
8802
8804
8805
8806
8807
8809
8810
8837
8839
8841
8844
8845
8848
8850
8851
8853
8854
8855
8860
8862
8865
8867
8873
8875
8876
8878
8880
8882
8883
8886
8887
8888
8889
8891
8892
8894
8896
8899
8904
8907
8915
8916
8919
8921
8922
8925
8928
8931
8932
8933
8935
8937
8939
8941
8948
8951
8954
8956
8957
8958
8960
8967
8969
8972
8974
8977
8980
8982
8987
8988
8993
8995
8998
8999
9002
9006
9009
9011
9012
9014
9016
9022
9031
9032
9034
9040
9044
9048
9053
9056
9082
9110
9135
9164
9169
9170
9173
9176
9187
9192
9204
9211
9215
9221
9224
9239
9243
9246
9250
9273
9276
9280
9285
9287
9289
9290
9292
9296
9300
9304
9305
9308
9309
9310
9312
9314
9316
9317
9319
9320
9321
9323
9326
9327
9328
9329
9333
9335
9336
9351
9356
9360
9362
9363
9364
9366
9367
9370
9372
9374
9379
9380
9383
9384
9385
9389
9391
9392
9393
9395
9399
9402
9407
9408
9409
9411
9415
9419
9422
9423
9424
9426
9428
9429
9431
9433
9434
9436
9437
9438
9439
9440
9442
9445
9447
9450
9452
9454
9457
9461
9464
9466
9468
9469
9472
9474
9475
9478
9479
9481
9482
9483
9485
9486
9488
9490
9492
9495
9496
9497
9499
9500
9502
9506
9507
9510
9511
9512
9513
9514
9516
9518
9520
9522
9523
9532
9539
9543
9545
9548
9550
9553
9557
9570
9607
9610
9611
9612
9616
9619
9621
9623
9625
9626
9628
9633
9635
9636
9637
9640
9642
9643
9645
9648
9650
9651
9656
9658
9659
9661
9662
9664
9667
9670
9671
9672
9674
9678
9679
9682
9684
9686
9709
9736
9740
9755
9757
9766
9777
9780
9784
9786
9790
9792
9795
9797
9799
9801
9803
9805
9807
9809
9810
9813
9814
9815
9817
9818
9822
9825
9826
9832
9835
9836
9837
9842
9844
9846
9849
9850
9853
9855
9856
9857
9863
9865
9868
9869
9871
9875
9879
9880
9883
9885
9893
9897
9899
9902
9904
9908
9909
9912
9914
9915
9918
9919
9921
9922
9925
9928
9931
9932
9933
9934
9939
9941
9944
9945
9948
9952
9954
9958
9960
9961
9964
9967
9970
9973
9980
9981
9987
10000
10013
10014
10019
10023
10025
10026
10029
10030
10035
10037
10038
10039
10045
10046
10049
10051
10053
10055
10058
10063
10064
10066
10071
10074
10078
10084
10086
10087
10088
10090
10092
10095
10096
10100
10102
10104
10106
10107
10109
10113
10114
10116
10119
10122
10124
10125
10127
10131
10132
10133
10137
10138
10141
10143
10145
10147
10148
10149
10150
10152
10153
10156
10157
10164
10169
10171
10172
10173
10176
10178
10185
10187
10190
10193
10194
10196
10198
10200
10202
10203
10204
10206
10209
10210
10214
10215
10216
10222
10224
10267
10288
10290
10293
10297
10298
10299
10325
10328
10330
10332
10339
10341
10342
10346
10359
10360
10366
10376
10377
10379
10381
10385
10386
10389
10396
10398
10399
10405
10411
10413
10416
10417
10419
10421
10428
10434
10438
10445
10449
10450
10459
10464
10471
10472
10473
10474
10475
10477
10481
10482
10483
10484
10485
10490
10493
10494
10496
10498
10505
10530
10536
10538
10543
10544
10545
10546
10547
10549
10550
10560
10572
10578
10588
10602
10603
10608
10609
10616
10621
10622
10625
10627
10631
10632
10634
10635
10639
10644
10647
10652
10655
10657
10658
10659
10672
10703
10705
10706
10713
10714
10720
10731
10734
10737
10738
10741
10745
10751
10752
10754
10756
10758
10760
10761
10762
10766
10770
10771
10772
10782
10783
10791
10792
10796
10800
10805
10808
10810
10812
10813
10815
10816
10817
10819
10822
10825
10827
10828
10830
10833
10834
10836
10837
10840
10842
10844
10846
10848
10852
10853
10855
10859
10864
10867
10868
10870
10871
10873
10876
10877
10879
10882
10886
10888
10891
10892
10893
10895
10898
10899
10902
10903
10907
10908
10910
10911
10914
10915
10918
10920
10922
10923
10925
10929
10930
10934
10935
10939
10940
10943
10948
10952
10956
10961
10962
10963
10966
10968
10969
10970
10973
10975
10976
10977
10981
10982
10988
10989
10990
10991
10993
10997
11001
11003
11009
11014
11015
11018
11020
11024
11026
11027
11029
11031
11033
11035
11037
11038
11040
11043
11046
11048
11050
11051
11053
11054
11056
11058
11059
11061
11063
11065
11067
11069
11071
11072
11074
11077
11078
11081
11082
11083
11085
11086
11088
11095
11097
11099
11104
11105
11107
11110
11112
11113
11115
11116
11119
11120
11122
11125
11126
11128
11129
11133
11135
11137
11138
11139
11140
11141
11142
11147
11148
11149
11151
11162
11206
11209
11213
11216
11217
11219
11220
11225
11226
11229
11231
11234
11235
11237
11239
11240
11242
11245
11248
11253
11255
11258
11261
11262
11265
11267
11269
11271
11278
11283
11320
11324
11333
11356
11359
11361
11362
11365
11366
11367
11369
11370
11373
11374
11375
11379
11382
11385
11388
11393
11394
11395
11397
11399
11402
11403
11406
11409
11417
11418
11421
11429
11430
11432
11436
11439
11441
11442
11443
11448
11450
11451
11453
11455
11457
11458
11459
11464
11468
11471
11472
11478
11480
11483
11484
11486
11489
11491
11492
11501
11505
11506
11508
11511
11512
11514
11515
11516
11524
11529
11534
11537
11539
11544
11546
11547
11549
11551
11553
11554
11561
11564
11565
11566
11617
11620
11630
11638
11646
11659
11665
11668
11676
11683
11688
11690
11700
11706
11711
11712
11719
11720
11721
11723
11727
11728
11729
11732
11734
11735
11737
11738
11739
11741
11743
11752
11761
11769
11771
11775
11777
11784
11795
11801
11816
11817
11822
11823
11832
11837
11842
11847
11848
11851
11856
11857
11861
11864
11876
11897
11906
11926
11929
11931
11932
11933
11935
11936
11937
11956
11966
11969
11970
11973
11996
12002
12003
12004
12008
12013
12019
12020
12022
12036
12045
12054
12055
12058
12066
12075
12086
12089
12091
12093
12101
12104
12108
12116
12121
12122
12128
12130
12132
12138
12145
12147
12149
12154
12158
12160
12162
12164
12172
12173
12174
12179
12186
12187
12188
12189
12191
12193
12196
12199
12200
12201
12203
12204
12207
12210
12211
12213
12216
12218
12222
12224
12227
12229
12231
12232
12234
12236
12237
12238
12241
12242
12243
12245
12247
12251
12253
12255
12259
12261
12266
12269
12270
12272
12273
12279
12281
12284
12287
12289
12293
12296
12297
12298
12303
12304
12307
12310
12312
12316
12326
12335
12338
12352
12368
12372
12374
12378
12384
12395
12404
12407
12422
12440
12443
12445
12456
12462
12481
12487
12501
12502
12503
12507
12510
12514
12518
12519
12521
12523
12525
12531
12533
12534
12538
12542
12544
12548
12551
12555
12557
12559
12561
12569
12570
12572
12574
12578
12582
12584
12585
12589
12591
12596
12599
12607
12610
12612
12613
12614
12616
12618
12620
12622
12626
12628
12629
12630
12632
12640
12643
12646
12649
12653
12658
12660
12664
12665
12667
12668
12669
12671
12672
12675
12677
12680
12681
12684
12687
12690
12692
12696
12699
12700
12701
12705
12707
12708
12710
12712
12714
12715
12717
12718
12720
12721
12722
12724
12725
12726
12729
12730
12734
12736
12738
12740
12741
12744
12746
12752
12763
12766
12768
12782
12785
12786
12787
12789
12791
12794
12799
12801
12805
12819
12842
12851
12870
12875
12876
12880
12881
12890
12901
12906
12918
12922
12925
12926
12928
12931
12932
12933
12934
12938
12939
12943
12944
12946
12949
12952
12954
12955
12956
12960
12961
12963
12966
12967
12968
12969
12971
12972
12973
12976
12978
12979
12980
12982
12983
12985
12989
12991
12994
12995
12996
12997
12999
13005
13023
13029
13030
13032
13036
13040
13042
13046
13048
13052
13053
13056
13057
13060
13062
13063
13065
13066
13068
13069
13070
13071
13072
13073
13074
13075
13077
13079
13083
13084
13086
13091
13094
13098
13099
13105
13107
13108
13109
13112
13113
13115
13117
13120
13124
13125
13127
13134
13136
13137
13139
13142
13143
13146
13147
13148
13152
13154
13158
13160
13163
13166
13169
13171
13172
13174
13178
13182
13183
13188
13189
13191
13195
13197
13203
13207
13212
13219
13221
13223
13226
13228
13231
13233
13234
13236
13237
13238
13241
13242
13243
13244
13246
13248
13249
13250
13253
13254
13256
13257
13258
13260
13262
13263
13269
13273
13274
13276
13277
13279
13283
13286
13288
13290
13294
13295
13296
13299
13300
13302
13304
13306
13308
13310
13312
13315
13319
13323
13324
13330
13334
13339
13342
13343
13345
13348
13355
13372
13379
13380
13381
13387
13398
13404
13405
13408
13425
13435
13444
13450
13474
13478
13479
13480
13482
13493
13500
13541
13547
13566
13568
13571
13581
13592
13598
13599
13601
13621
13629
13631
13636
13686
13691
13699
13701
13703
13704
13705
13706
13709
13713
13729
13737
13740
13741
13744
13746
13747
13748
13749
13750
13751
13752
13753
13754
13756
13757
13759
13762
13764
13765
13769
13773
13776
13777
13781
13783
13785
13789
13798
13802
13805
13806
13812
13814
13815
13818
13819
13821
13828
13829
13831
13835
13837
13840
13841
13842
13845
13848
13850
13852
13854
13880
13884
13897
13916
13950
13951
13952
13954
13956
13958
13963
13965
13969
13974
13977
13979
13980
13986
13990
13992
14000
14013
14016
14020
14027
14043
14046
14055
14056
14088
14090
14091
14110
14120
14143
14146
14150
14158
14164
14166
14167
14193
14194
14198
14203
14204
14205
14207
14208
14209
14210
14211
14216
14217
14220
14221
14227
14237
14243
14244
14266
14269
14272
14277
14282
14284
14285
14286
14287
14289
14291
14294
14295
14297
14305
14306
14310
14311
14314
14315
14318
14320
14322
14323
14326
14327
14328
14329
14330
14332
14334
14338
14339
14342
14345
14347
14349
14352
14354
14355
14356
14358
14361
14364
14367
14368
14369
14371
14372
14375
14378
14382
14383
14384
14386
14387
14391
14393
14395
14396
14397
14401
14402
14404
14406
14407
14423
14427
14443
14451
14452
14454
14456
14457
14468
14470
14474
14477
14479
14482
14486
14488
14490
14491
14492
14494
14497
14498
14500
14503
14507
14510
14511
14512
14513
14515
14517
14518
14520
14525
14528
14529
14533
14537
14539
14541
14543
14545
14546
14548
14549
14553
14554
14555
14557
14560
14562
14568
14569
14570
14580
14588
14594
14601
14613
14620
14622
14623
14626
14628
14631
14634
14640
14662
14671
14685
14687
14697
14704
14716
14718
14725
14730
14732
14736
14740
14741
14743
14772
14776
14780
14795
14796
14797
14801
14805
14814
14817
14818
14822
14825
14839
14840
14849
14851
14856
14880
14912
14914
14926
14934
14935
14936
14938
14941
14943
14946
14948
14951
14952
14953
14958
14961
14966
14967
14970
14972
14982
14987
14989
14990
14994
14996
15000
15003
15008
15011
15017
15021
15022
15023
15024
15031
15033
15034
15036
15037
15040
15042
15043
15048
15050
15052
15053
15059
15060
15062
15065
15068
15069
15075
15080
15083
15084
15092
15095
15099
15102
15103
15105
15107
15108
15109
15110
15113
15117
15118
15120
15123
15126
15129
15131
15132
15135
15136
15139
15140
15141
15143
15147
15148
15149
15153
15154
15155
15158
15162
15167
15170
15172
15178
15180
15182
15184
15191
15192
15193
15194
15196
15198
15199
15202
15203
15205
15212
15214
15217
15220
15226
15228
15230
15234
15235
15236
15238
15240
15244
15248
15253
15255
15256
15257
15262
15263
15264
15265
15267
15268
15272
15275
15279
15283
15288
15293
15295
15296
15305
15307
15310
15313
15316
15320
15321
15322
15324
15327
15332
15339
15347
15348
15351
15353
15354
15360
15363
15366
15369
15377
15381
15388
15389
15391
15392
15395
15396
15398
15399
15400
15402
15404
15405
15406
15407
15411
15413
15416
15417
15420
15423
15424
15429
15433
15436
15438
15446
15448
15449
15458
15479
15486
15489
15496
15497
15499
15503
15504
15506
15508
15512
15514
15516
15519
15521
15523
15524
15527
15529
15533
15534
15535
15538
15549
15591
15597
15603
15609
15613
15614
15616
15618
15619
15620
15622
15623
15626
15633
15635
15641
15651
15652
15654
15656
15657
15658
15660
15666
15668
15669
15670
15672
15673
15674
15675
15676
15678
15679
15680
15683
15684
15686
15687
15689
15690
15692
15693
15697
15698
15699
15702
15704
15706
15707
15710
15711
15712
15714
15715
15716
15719
15723
15730
15731
15732
15741
15817
15828
15858
15860
15861
15864
15865
15870
15874
15878
15879
15889
15893
15894
15898
15901
15907
15909
15912
15918
15921
15923
15925
15927
15930
15934
15935
15938
15943
15948
15949
15951
15955
15957
15964
15968
15970
15971
15972
15976
15978
15982
15985
15987
15991
15998
16006
16013
16017
16022
16025
16026
16030
16034
16036
16037
16039
16040
16042
16043
16045
16046
16047
16050
16052
16055
16057
16059
16061
16063
16064
16065
16069
16070
16071
16074
16076
16078
16079
16080
16084
16085
16087
16090
16091
16092
16095
16099
16101
16102
16104
16106
16108
16109
16112
16117
16119
16121
16124
16125
16127
16129
16132
16134
16136
16138
16139
16140
16145
16146
16151
16152
16155
16156
16161
16163
16164
16166
16168
16170
16175
16176
16180
16181
16187
16189
16194
16195
16197
16204
16205
16206
16208
16210
16211
16214
16215
16219
16221
16222
16226
16228
16229
16232
16234
16238
16241
16243
16245
16247
16248
16251
16253
16255
16260
16262
16263
16265
16267
16268
16270
16273
16275
16278
16281
16282
16284
16285
16286
16289
16290
16293
16296
16298
16300
16302
16303
16304
16305
16309
16314
16316
16317
16323
16324
16337
16350
16358
16361
16365
16367
16382
16388
16390
16399
16453
16456
16467
16474
16480
16490
16497
16502
16508
16512
16533
16546
16554
16559
16568
16617
16626
16627
16628
16630
16631
16638
16639
16641
16643
16646
16649
16651
16652
16653
16655
16656
16662
16667
16670
16672
16675
16682
16686
16688
16698
16700
16703
16707
16711
16714
16717
16721
16723
16726
16728
16731
16734
16735
16737
16739
16740
16749
16750
16751
16753
16754
16756
16759
16765
16767
16769
16772
16774
16776
16777
16780
16781
16782
16784
16786
16787
16790
16791
16793
16795
16798
16799
16801
16804
16805
16806
16808
16814
16818
16822
16826
16830
16836
16838
16859
16861
16864
16887
16894
16900
16902
16906
16909
16910
16913
16914
16918
16923
16924
16927
16928
16929
16930
16934
16935
16936
16937
16939
16941
16945
16946
16947
16948
16955
16960
16962
16963
16965
16967
16971
16972
16973
16977
16979
16985
16990
16992
16993
16996
17000
17001
17002
17003
17006
17008
17011
17012
17015
17020
17021
17022
17026
17027
17029
17030
17032
17033
17035
17036
17038
17040
17042
17047
17049
17050
17051
17053
17055
17060
17061
17068
17073
17075
17076
17077
17079
17082
17083
17086
17088
17090
17092
17095
17097
17098
17101
17103
17104
17107
17109
17115
17118
17119
17121
17124
17127
17130
17132
17133
17134
17136
17142
17143
17148
17150
17152
17157
17158
17161
17163
17164
17166
17170
17172
17174
17177
17178
17182
17189
17190
17199
17200
17202
17206
17209
17213
17218
17223
17226
17230
17232
17236
17239
17240
17242
17243
17245
17246
17248
17250
17252
17254
17256
17257
17262
17264
17266
17267
17268
17269
17270
17272
17273
17276
17278
17280
17283
17286
17289
17295
17299
17300
17302
17304
17324
17339
17349
17404
17411
17415
17416
17417
17419
17420
17422
17427
17428
17432
17434
17441
17443
17445
17446
17449
17450
17452
17453
17455
17457
17461
17463
17469
17476
17477
17497
17513
17517
17520
17537
17562
17570
17587
17620
17644
17645
17648
17653
17669
17671
17688
17691
17695
17698
17700
17703
17706
17708
17709
17711
17715
17717
17719
17721
17725
17727
17733
17735
17738
17741
17742
17747
17749
17750
17752
17755
17756
17759
17761
17763
17764
17766
17768
17769
17770
17771
17776
17778
17782
17784
17786
17787
17790
17792
17795
17797
17799
17801
17803
17805
17807
17809
17810
17811
17812
17813
17816
17817
17820
17825
17829
17830
17833
17835
17839
17841
17843
17845
17846
17852
17854
17860
17863
17870
17894
17912
17933
17938
17945
17956
17972
17975
17982
17987
17992
17995
17999
18043
18050
18052
18053
18055
18060
18064
18066
18071
18074
18086
18093
18097
18106
18111
18116
18124
18127
18142
18143
18162
18190
18197
18198
18200
18202
18203
18205
18210
18216
18221
18224
18227
18232
18236
18239
18243
18246
18250
18252
18262
18267
18271
18274
18275
18278
18279
18283
18286
18289
18292
18296
18297
18298
18300
18302
18303
18304
18307
18311
18312
18317
18321
18325
18329
18332
18335
18337
18340
18345
18346
18352
18362
18364
18368
18369
18371
18375
18379
18382
18383
18386
18388
18403
18408
18409
18421
18457
18461
18468
18477
18482
18500
18512
18515
18517
18520
18522
18523
18524
18537
18550
18552
18562
18594
18607
18665
18689
18701
18707
18715
18717
18750
18751
18752
18753
18758
18760
18761
18763
18765
18767
18768
18773
18775
18776
18777
18779
18780
18783
18784
18786
18787
18789
18791
18793
18794
18795
18797
18798
18799
18800
18803
18804
18819
18864
18872
18881
18882
18883
18887
18888
18890
18893
18896
18897
18898
18899
18900
18903
18906
18907
18911
18912
18935
18953
18959
18972
18973
18986
19008
19017
19045
19063
19088
19125
19143
19145
19152
19165
19205
19208
19217
19234
19243
19271
19300
19305
19327
19341
19342
19350
19359
19374
19378
19389
19428
19429
19432
19434
19435
19441
19448
19449
19452
19454
19456
19457
19458
19460
19462
19465
19478
19489
19512
19518
19579
19583
19589
19595
19645
19647
19648
19652
19656
19719
19738
19744
19754
19766
19775
19777
19788
19794
19839
19843
19847
19854
19864
19867
19873
19878
19882
19883
19885
19886
19888
19891
19893
19894
19896
19900
19903
19904
19907
19908
19912
19915
19916
19919
19921
19926
19927
19930
19932
19934
19945
19980
19990
20001
20009
20011
20016
20023
20064
20070
20074
20076
20077
20085
20109
20111
20126
20133
20135
20182
20188
20189
20197
20201
20203
20222
20231
20237
20249
20250
20252
20253
20255
20257
20258
20260
20263
20266
20267
20278
20279
20283
20285
20288
20290
20291
20294
20295
20296
20298
20302
20304
20308
20311
20312
20314
20316
20317
20318
20324
20327
20328
20329
20332
20333
20334
20336
20338
20340
20345
20348
20352
20354
20357
20358
20360
20362
20365
20367
20368
20374
20376
20377
20380
20381
20382
20383
20384
20385
20391
20400
20427
20456
20459
20498
20500
20505
20506
20507
20508
20511
20512
20514
20517
20518
20521
20523
20525
20526
20529
20533
20534
20536
20542
20549
20553
20556
20558
20561
20565
20567
20569
20570
20573
20574
20575
20579
20580
20581
20582
20589
20592
20594
20596
20598
20606
20608
20611
20615
20617
20620
20629
20633
20634
20636
20650
20656
20662
20667
20672
20675
20676
20683
20685
20687
20688
20693
20695
20697
20729
20743
20750
20761
20766
20769
20784
20786
20802
20835
20852
20854
20861
20866
20867
20871
20872
20876
20881
20883
20886
20891
20893
20895
20897
20899
20900
20906
20907
20910
20913
20918
20919
20926
20927
20933
20935
20938
20942
20944
20947
20950
20953
20954
20956
20960
20961
20963
20964
20965
20966
20968
20969
20971
20973
20975
20977
20978
20980
20982
20983
20986
20988
20993
20994
20996
20999
21001
21002
21005
21015
21016
21017
21018
21020
21024
21026
21028
21029
21031
21040
21041
21045
21048
21054
21056
21064
21084
21085
21086
21097
21098
21103
21109
21125
21126
21129
21132
21133
21135
21137
21220
21222
21224
21228
21233
21258
21262
21263
21266
21270
21272
21273
21274
21285
21286
21290
21292
21294
21295
21298
21303
21305
21307
21312
21316
21318
21320
21321
21323
21324
21325
21326
21330
21333
21334
21337
21340
21342
21343
21344
21345
21348
21350
21354
21355
21358
21361
21362
21363
21367
21368
21370
21375
21376
21380
21384
21386
21387
21389
21392
21393
21394
21397
21398
21399
21400
21402
21405
21412
21416
21418
21420
21426
21427
21429
21432
21443
21445
21451
21453
21454
21460
21464
21471
21472
21473
21481
21482
21484
21488
21490
21492
21494
21497
21499
21503
21504
21505
21508
21510
21511
21513
21514
21515
21517
21519
21520
21522
21526
21528
21530
21533
21534
21537
21539
21541
21547
21548
21550
21552
21554
21557
21560
21563
21564
21566
21567
21568
21570
21571
21573
21574
21578
21581
21582
21585
21586
21590
21592
21593
21594
21595
21597
21598
21629
21631
21640
21641
21647
21664
21667
21668
21669
21672
21674
21675
21679
21689
21690
21695
21696
21698
21701
21702
21704
21707
21710
21715
21719
21727
21729
21750
21756
21776
21778
21780
21793
21797
21800
21810
21821
21835
21844
21846
21852
21853
21855
21858
21861
21862
21868
21879
21881
21886
21889
21894
21899
21900
21905
21907
21908
21916
21922
21941
21976
21988
21990
21994
21995
21996
21999
22002
22003
22006
22008
22012
22013
22027
22028
22038
22052
22055
22060
22063
22075
22079
22085
22087
22091
22096
22100
22105
22108
22111
22112
22116
22120
22121
22123
22124
22129
22131
22135
22136
22137
22140
22144
22146
22149
22153
22155
22157
22159
22160
22163
22164
22172
22175
22176
22183
22184
22188
22189
22198
22202
22205
22243
22262
22269
22270
22275
22285
22316
22319
22322
22352
22369
22372
22375
22393
22403
22465
22476
22479
22490
22494
22497
22517
22525
22537
22542
22544
22547
22579
22600
22603
22618
22624
22629
22653
22684
22714
22719
22721
22723
22739
22771
22792
22799
22801
22802
22804
22815
22867
22871
22877
22878
22882
22884
22886
22888
22889
22890
22891
22906
22916
22954
22968
23014
23039
23047
23067
23069
23075
23076
23079
23080
23086
23088
23095
23096
23097
23099
23104
23125
23126
23132
23135
23138
23139
23140
23146
23147
23149
23154
23160
23163
23166
23168
23170
23175
23181
23186
23187
23190
23192
23209
23211
23225
23241
23242
23244
23247
23251
23254
23255
23256
23257
23261
23262
23264
23266
23271
23274
23277
23286
23289
23290
23294
23295
23298
23300
23316
23321
23323
23324
23326
23328
23330
23331
23332
23334
23339
23346
23374
23375
23377
23380
23381
23384
23388
23390
23392
23400
23415
23419
23424
23429
23433
23435
23458
23473
23478
23504
23521
23540
23564
23568
23572
23574
23575
23576
23579
23582
23584
23585
23587
23590
23594
23600
23603
23605
23607
23609
23612
23618
23620
23622
23624
23627
23632
23637
23639
23643
23645
23646
23649
23651
23652
23654
23656
23658
23659
23664
23665
23670
23672
23674
23680
23682
23683
23686
23687
23689
23690
23692
23694
23696
23697
23760
23768
23769
23771
23780
23793
23798
23805
23875
23883
23917
23935
23938
23947
23959
23969
23971
23978
23982
23983
23984
23986
23988
23990
23994
23995
24005
24013
24022
24036
24045
24058
24059
24060
24062
24063
24075
24081
24087
24089
24091
24092
24097
24101
24102
24107
24111
24114
24116
24117
24121
24122
24128
24130
24133
24137
24139
24141
24144
24146
24150
24152
24153
24154
24157
24158
24160
24161
24163
24166
24167
24170
24172
24173
24176
24180
24184
24185
24187
24188
24189
24193
24198
24200
24202
24203
24206
24209
24210
24242
24262
24269
24283
24297
24304
24314
24321
24325
24348
24357
24409
24416
24424
24431
24439
24472
24475
24477
24507
24517
24530
24532
24536
24543
24549
24566
24573
24578
24598
24603
24630
24635
24653
24656
24658
24659
24660
24664
24668
24672
24696
24714
24753
24765
24788
24818
24840
24844
24845
24846
24852
24872
24873
24892
24894
24895
24897
24898
24904
24956
24958
24968
24986
25013
25059
25060
25080
25084
25107
25122
25127
25132
25136
25150
25151
25153
25155
25159
25160
25161
25164
25165
25169
25171
25193
25194
25198
25199
25201
25203
25204
25206
25207
25208
25212
25214
25216
25217
25218
25222
25223
25233
25237
25238
25239
25240
25244
25247
25249
25252
25253
25254
25261
25265
25267
25270
25271
25275
25276
25277
25278
25280
25282
25285
25288
25290
25296
25299
25302
25304
25307
25309
25311
25313
25318
25320
25324
25342
25383
25389
25398
25419
25430
25431
25444
25452
25454
25465
25466
25486
25513
25530
25535
25543
25577
25579
25599
25603
25616
25649
25652
25684
25696
25721
25751
25756
25790
25792
25806
25812
25813
25837
25873
25884
25894
25896
25903
25905
25909
25911
25915
25919
25921
25922
25923
25924
25926
25930
25935
25936
25938
25942
25943
25945
25946
25947
25956
25963
25967
25968
25972
25974
25987
25988
25992
26009
26021
26024
26025
26039
26063
26068
26080
26120
26123
26136
26142
26149
26165
26179
26190
26191
26214
26244
26279
26280
26284
26290
26294
26300
26305
26306
26311
26314
26322
26337
26351
26352
26378
26383
26416
26428
26443
26477
26479
26480
26484
26486
26488
26490
26492
26493
26495
26497
26501
26503
26509
26564
26571
26587
26599
26618
26622
26623
26635
26660
26675
26678
26693
26704
26719
26738
26756
26765
26766
26769
26775
26780
26802
26826
26854
26863
26877
26910
26930
26950
26987
27000
27026
27029
27034
27038
27043
27045
27047
27051
27054
27055
27059
27060
27064
27107
27117
27139
27153
27218
27243
27266
27267
27271
27273
27299
27311
27333
27340
27350
27375
27439
27453
27461
27469
27499
27523
27526
27539
27544
27552
27562
27607
27621
27640
27641
27643
27647
27652
27656
27658
27660
27665
27666
27667
27681
27688
27692
27695
27702
27709
27756
27774
27775
27785
27822
27824
27825
27826
27827
27828
27830
27832
27835
27836
27837
27839
27844
27880
27890
27891
27917
27958
27971
27978
27980
27982
27983
27984
27985
27990
28003
28008
28011
28021
28028
28029
28032
28036
28071
28078
28110
28142
28151
28176
28191
28197
28232
28242
28243
28250
28253
28266
28301
28304
28305
28311
28312
28314
28317
28320
28321
28322
28323
28325
28334
28335
28336
28340
28341
28343
28344
28346
28347
28350
28351
28353
28356
28364
28401
28435
28461
28492
28502
28517
28524
28551
28553
28565
28621
28628
28690
28702
28703
28704
28711
28719
28722
28731
28753
28816
28852
28855
28865
28866
28873
28896
28900
28908
28912
28929
28931
28945
28957
28964
28990
29008
29010
29012
29014
29020
29026
29027
29028
29032
29035
29037
29038
29039
29040
29042
29047
29049
29051
29053
29057
29061
29064
29069
29073
29074
29076
29077
29079
29083
29088
29089
29090
29093
29095
29098
29103
29107
29109
29110
29113
29118
29164
29166
29168
29186
29189
29194
29199
29201
29202
29205
29206
29208
29213
29218
29245
29261
29279
29293
29300
29320
29321
29323
29325
29327
29328
29329
29333
29335
29341
29344
29365
29388
29420
29424
29427
29444
29454
29496
29516
29592
29596
29622
29655
29663
29669
29671
29672
29673
29675
29681
29682
29686
29689
29690
29692
29695
29696
29697
29698
29699
29702
29708
29711
29713
29719
29723
29726
29733
29737
29739
29741
29744
29747
29748
29767
29796
29807
29809
29812
29819
29820
29866
29874
29876
29888
29889
29890
29892
29896
29898
29903
29906
29907
29908
29911
29913
29915
29917
29920
29922
29924
29928
29935
29936
29939
29941
29944
29948
29951
29959
29960
29964
29969
29971
29977
29978
29983
29996
29998
30001
30004
30005
30008
30010
30011
30013
30021
30024
30025
30028
30030
30032
30036
30038
30040
30041
30042
30044
30045
30052
30053
30054
30056
30057
30061
30066
30068
30074
30075
30077
30083
30089
30093
30094
30100
30102
30103
30105
30110
30111
30113
30115
30116
30119
30121
30123
30125
30129
30131
30134
30136
30137
30139
30140
30142
30144
30147
30148
30151
30152
30155
30158
30159
30160
30165
30169
30170
30171
30173
30177
30178
30179
30181
30185
30190
30192
30193
30197
30202
30203
30205
30206
30208
30210
30212
30215
30217
30218
30219
30222
30227
30228
30229
30232
30237
30240
30243
30245
30247
30249
30251
30259
30261
30263
30270
30271
30274
30275
30277
30280
30281
30284
30286
30288
30289
30291
30294
30295
30302
30305
30306
30307
30309
30310
30311
30313
30314
30316
30318
30321
30325
30326
30328
30334
30335
30343
30346
30348
30349
30353
30356
30358
30359
30368
30369
30374
30376
30379
30381
30382
30386
30387
30390
30394
30396
30401
30402
30404
30405
30407
30409
30411
30412
30413
30418
30420
30423
30425
30426
30429
30433
30436
30438
30441
30443
30445
30446
30448
30450
30451
30452
30453
30455
30456
30457
30458
30461
30462
30464
30467
30471
30472
30474
30475
30479
30481
30482
30484
30487
30488
30490
30491
30492
30493
30497
30498
30505
30509
30510
30511
30512
30515
30516
30517
30518
30522
30523
30524
30525
30526
30527
30531
30532
30537
30542
30543
30545
30549
30553
30556
30557
30560
30563
30567
30568
30571
30572
30574
30575
30577
30578
30581
30587
30588
30589
30594
30595
30598
30606
30623
30625
30626
30628
30629
30649
30655
30666
30683
30696
30735
30738
30750
30754
30768
30770
30772
30773
30782
30784
30787
30789
30791
30795
30797
30799
30800
30807
30809
30815
30821
30824
30870
30871
30881
30899
30904
30931
30960
30989
30991
31031
31058
31064
31125
31130
31140
31170
31176
31188
31200
31241
31260
31269
31280
31283
31292
31295
31329
31330
31336
31346
31348
31374
31402
31442
31449
31522
31533
31544
31553
31573
31574
31577
31586
31588
31604
31609
31610
31613
31615
31618
31619
31621
31648
31668
31694
31706
31723
31727
31754
31777
31785
31789
31800
31812
31829
31853
31858
31897
31910
31930
31946
31956
31971
31972
31975
31976
31982
31992
32026
32037
32048
32062
32067
32079
32084
32121
32183
32186
32198
32199
32226
32241
32242
32245
32246
32249
32251
32255
32256
32258
32261
32262
32263
32264
32266
32269
32271
32272
32275
32278
32279
32282
32288
32292
32294
32296
32298
32301
32304
32308
32309
32312
32313
32315
32318
32321
32327
32340
32384
32389
32391
32401
32447
32479
32503
32504
32510
32594
32597
32600
32601
32606
32633
32639
32641
32642
32646
32654
32662
32667
32670
32674
32676
32680
32701
32708
32718
32721
32732
32744
32772
32781
32832
32843
32846
32852
32864
32875
32895
32896
32897
32899
32900
32901
32904
32925
32947
32985
32991
32996
33022
33038
33077
33087
33131
33160
33163
33195
33214
33228
33266
33317
33366
33386
33406
33426
33436
33451
33464
33465
33466
33473
33481
33483
33485
33486
33488
33489
33495
33536
33584
33598
33617
33620
33626
33644
33716
33717
33720
33721
33736
33756
33772
33774
33775
33777
33779
33809
33817
33819
33825
33826
33828
33829
33836
33837
33840
33844
33845
33852
33853
33854
33862
33868
33869
33870
33872
33873
33874
33875
33876
33878
33885
33888
33889
33897
33900
33902
33903
33909
33936
33940
33954
33971
33974
34000
34011
34034
34075
34076
34077
34087
34104
34112
34132
34187
34196
34226
34254
34259
34269
34309
34341
34343
34349
34394
34414
34452
34531
34546
34547
34551
34553
34555
34601
34628
34666
34671
34685
34701
34711
34734
34738
34857
34871
34880
34894
34898
34903
34923
34930
34970
34971
34977
34980
34981
34982
34985
34988
34989
34991
34992
34994
34996
35003
35009
35014
35016
35018
35021
35024
35028
35030
35032
35035
35036
35037
35040
35043
35044
35048
35050
35053
35058
35059
35061
35066
35070
35072
35073
35076
35078
35082
35085
35086
35087
35090
35091
35152
35169
35177
35179
35219
35223
35225
35227
35228
35231
35233
35235
35239
35246
35247
35249
35251
35252
35254
35256
35259
35261
35262
35263
35265
35268
35270
35271
35274
35275
35277
35278
35279
35282
35285
35286
35289
35291
35294
35297
35298
35301
35303
35306
35308
35309
35310
35313
35317
35318
35320
35324
35327
35330
35332
35334
35337
35339
35350
35371
35414
35436
35466
35477
35478
35480
35487
35513
35515
35518
35519
35521
35524
35527
35530
35531
35534
35535
35536
35540
35542
35544
35546
35547
35548
35550
35552
35607
35608
35612
35613
35617
35624
35626
35628
35631
35632
35637
35646
35652
35654
35655
35658
35661
35665
35666
35669
35670
35674
35678
35681
35689
35706
35737
35756
35760
35774
35777
35780
35783
35788
35795
35804
35824
35847
35876
35878
35898
35921
35928
35930
35932
35936
35941
35947
35948
35949
35951
35954
35956
35963
35964
35966
35967
35968
35980
35985
35987
35994
35999
36002
36003
36004
36006
36008
36010
36011
36014
36017
36025
36032
36034
36050
36074
36079
36097
36099
36109
36110
36112
36116
36120
36121
36126
36140
36143
36145
36148
36154
36190
36231
36283
36294
36299
36343
36348
36381
36400
36409
36424
36444
36457
36462
36482
36497
36505
36512
36610
36612
36637
36638
36642
36654
36658
36721
36728
36745
36785
36822
36824
36835
36868
36873
36874
36877
36890
36893
36902
36930
36945
36959
37003
37008
37009
37042
37047
37091
37108
37112
37119
37128
37136
37153
37185
37224
37237
37272
37279
37280
37304
37310
37319
37322
37328
37350
37364
37373
37411
37414
37415
37417
37419
37420
37469
37481
37496
37526
37527
37545
37551
37557
37566
37569
37584
37590
37592
37593
37596
37630
37640
37645
37647
37650
37652
37656
37658
37664
37672
37675
37676
37678
37682
37686
37689
37690
37691
37694
37703
37708
37713
37716
37717
37718
37722
37731
37737
37775
37820
37841
37865
37872
37882
37933
37955
37956
38022
38060
38066
38092
38109
38124
38130
38150
38169
38177
38182
38209
38222
38225
38231
38242
38254
38268
38272
38274
38278
38279
38299
38353
38359
38370
38377
38393
38405
38412
38422
38427
38447
38541
38542
38569
38570
38578
38586
38635
38640
38643
38652
38653
38655
38665
38667
38670
38674
38676
38686
38721
38732
38736
38765
38790
38808
38823
38835
38850
38887
38888
38902
38907
38911
38917
38935
38954
38971
39003
39015
39028
39070
39082
39092
39129
39136
39178
39181
39183
39187
39194
39197
39205
39212
39214
39220
39236
39237
39238
39240
39243
39244
39248
39249
39251
39260
39268
39270
39272
39273
39276
39277
39283
39288
39291
39300
39304
39310
39311
39315
39325
39364
39370
39374
39391
39437
39451
39453
39505
39530
39572
39575
39576
39577
39580
39581
39582
39584
39586
39588
39590
39591
39597
39606
39609
39621
39625
39642
39646
39681
39713
39714
39718
39755
39812
39814
39819
39822
39824
39834
39837
39845
39847
39850
39857
39864
39876
39880
39886
39890
39901
39902
39903
39909
39913
39914
39917
39918
39970
39971
40013
40015
40025
40028
40033
40036
40038
40044
40045
40049
40055
40057
40058
40060
40063
40065
40074
40082
40095
40126
40129
40132
40133
40138
40151
40156
40160
40162
40166
40167
40174
40196
40206
40259
40333
40335
40343
40346
40353
40354
40358
40387
40394
40403
40407
40408
40409
40426
40437
40440
40441
40444
40454
40455
40468
40518
40529
40530
40541
40544
40545
40547
40553
40555
40560
40563
40567
40568
40578
40585
40587
40589
40590
40592
40616
40618
40622
40649
40652
40672
40753
40755
40761
40768
40778
40782
40793
40849
40851
40856
40881
40887
40903
40912
40934
40956
40960
40977
40982
40985
40989
40990
40996
40999
41003
41032
41045
41056
41082
41105
41124
41136
41137
41139
41144
41149
41154
41155
41165
41168
41176
41201
41213
41264
41271
41295
41331
41334
41346
41352
41368
41373
41381
41466
41467
41468
41486
41561
41607
41611
41612
41659
41663
41692
41748
41756
41762
41763
41780
41785
41801
41811
41827
41836
41838
41843
41859
41863
41867
41869
41875
41878
41879
41885
41888
41890
41893
41894
41896
41898
41906
41908
41909
41918
41922
41925
41926
41929
41931
41933
41935
41937
41940
41943
41945
41947
41949
41950
41955
41956
41957
41960
41963
41966
41968
41970
41971
41973
41975
41980
41982
41984
41985
41986
41988
41989
41990
41995
41998
41999
42000
42002
42005
42007
42010
42011
42012
42013
42015
42017
42019
42020
42024
42025
42027
42028
42029
42030
42038
42039
42044
42045
42046
42047
42050
42052
42053
42059
42060
42062
42063
42067
42073
42076
42080
42083
42087
42089
42091
42093
42098
42101
42106
42113
42115
42126
42127
42133
42136
42145
42196
42206
42241
42246
42248
42252
42253
42257
42258
42262
42268
42396
42450
42484
42488
42490
42499
42502
42504
42507
42510
42512
42516
42519
42528
42529
42535
42539
42541
42542
42545
42582
42590
42602
42607
42619
42638
42654
42661
42697
42698
42742
42767
42771
42830
42832
42880
42900
42912
42936
42954
42958
42976
42982
43077
43123
43143
43185
43194
43196
43199
43206
43212
43213
43222
43223
43234
43251
43262
43302
43349
43356
43369
43370
43375
43381
43394
43395
43400
43406
43416
43422
43442
43470
43531
43557
43569
43580
43585
43600
43604
43607
43609
43611
43614
43615
43616
43618
43620
43621
43622
43627
43640
43758
43761
43762
43765
43768
43779
43838
43839
43860
43890
43891
43904
43923
43953
43984
44006
44047
44048
44073
44100
44113
44115
44125
44155
44156
44157
44161
44163
44172
44173
44176
44179
44181
44182
44184
44188
44189
44190
44197
44200
44202
44203
44206
44211
44212
44217
44223
44224
44233
44234
44237
44245
44249
44253
44257
44258
44261
44275
44284
44347
44355
44391
44392
44403
44440
44478
44484
44523
44546
44561
44601
44639
44646
44649
44652
44665
44676
44678
44734
44764
44789
44816
44918
44923
44925
44931
44934
44978
45024
45026
45028
45030
45034
45036
45038
45039
45040
45041
45044
45050
45051
45052
45054
45056
45062
45065
45066
45069
45070
45071
45073
45076
45103
45113
45124
45158
45184
45226
45227
45246
45265
45278
45295
45320
45328
45352
45417
45425
45428
45432
45486
45523
45574
45603
45622
45647
45650
45651
45662
45670
45716
45731
45732
45735
45743
45801
45817
45835
45842
45864
45866
45881
45888
45909
45956
45960
45961
45962
45965
45967
45970
45979
45999
46005
46006
46010
46013
46017
46018
46019
46022
46051
46058
46065
46083
46089
46127
46128
46161
46183
46191
46225
46232
46244
46252
46257
46282
46300
46324
46335
46395
46397
46399
46401
46402
46404
46405
46408
46409
46410
46412
46483
46545
46555
46556
46560
46601
46615
46637
46658
46661
46665
46769
46781
46792
46810
46892
46900
46906
46931
47064
47067
47072
47080
47101
47129
47149
47216
47235
47245
47274
47311
47324
47325
47327
47329
47352
47377
47384
47404
47479
47485
47489
47494
47501
47503
47512
47538
47551
47559
47563
47566
47568
47570
47572
47575
47581
47585
47590
47598
47599
47602
47604
47605
47606
47607
47609
47629
47633
47653
47658
47660
47667
47668
47713
47723
47767
47774
47775
47777
47778
47779
47781
47789
47790
47826
47903
47922
47978
48011
48023
48029
48035
48038
48041
48047
48048
48050
48054
48055
48057
48060
48062
48065
48070
48071
48077
48079
48080
48082
48085
48086
48090
48095
48098
48102
48104
48109
48111
48113
48117
48119
48122
48123
48125
48130
48131
48134
48139
48146
48149
48150
48151
48153
48159
48167
48171
48172
48176
48179
48182
48190
48193
48197
48199
48200
48205
48206
48212
48215
48216
48219
48224
48225
48228
48237
48238
48241
48243
48246
48249
48251
48254
48257
48259
48262
48265
48267
48269
48270
48275
48278
48280
48283
48284
48285
48287
48288
48290
48292
48298
48303
48305
48308
48310
48311
48338
48363
48375
48384
48408
48425
48436
48461
48465
48467
48472
48475
48476
48478
48479
48485
48491
48492
48494
48495
48501
48506
48511
48512
48517
48518
48524
48528
48530
48536
48539
48542
48552
48556
48562
48565
48566
48574
48579
48582
48585
48589
48590
48593
48594
48597
48603
48606
48607
48611
48615
48620
48626
48630
48634
48636
48637
48641
48645
48652
48658
48659
48660
48667
48668
48670
48676
48679
48682
48684
48686
48689
48690
48695
48697
48701
48703
48704
48708
48710
48711
48716
48718
48722
48723
48725
48727
48730
48734
48735
48736
48739
48743
48748
48751
48755
48760
48763
48765
48766
48774
48777
48782
48785
48790
48791
48792
48795
48797
48799
48802
48804
48806
48808
48809
48811
48812
48813
48814
48817
48820
48821
48823
48825
48827
48830
48833
48836
48837
48838
48841
48842
48846
48848
48850
48852
48857
48859
48862
48863
48868
48874
48877
48880
48883
48885
48887
48891
48892
48894
48898
48900
48901
48903
48906
48907
48909
48913
48915
48917
48920
48923
48925
48928
48929
48930
48934
48942
48943
48995
49002
49020
49023
49033
49039
49061
49076
49079
49098
49157
49172
49209
49244
49245
49254
49255
49257
49259
49261
49263
49266
49267
49268
49272
49273
49274
49280
49281
49283
49286
49287
49291
49294
49295
49297
49299
49300
49301
49303
49306
49308
49311
49313
49314
49315
49317
49319
49320
49376
49412
49426
49440
49501
49518
49520
49521
49524
49527
49529
49530
49534
49535
49537
49540
49541
49543
49545
49547
49548
49553
49557
49561
49566
49569
49571
49572
49577
49584
49588
49589
49594
49598
49602
49638
49686
49703
49705
49725
49760
49774
49804
49809
49811
49812
49817
49818
49820
49822
49825
49827
49828
49829
49830
49831
49833
49836
49837
49838
49840
49842
49843
49845
49847
49876
50003
50098
50107
50111
50136
50138
50205
50234
50256
50265
50267
50268
50271
50273
50279
50282
50283
50303
50304
50316
50320
50324
50335
50357
50360
50362
50365
50385
50402
50437
50450
50462
50476
50485
50512
50545
50572
50605
50643
50660
50754
50808
50813
50828
50880
50902
50926
50967
50977
50987
51011
51014
51018
51076
51099
51172
51179
51218
51222
51239
51265
51312
51328
51355
51367
51373
51379
51399
51443
51490
51546
51566
51570
51594
51619
51677
51778
51801
51872
51948
52008
52012
52033
52124
52138
52207
52374
52452
52462
52472
52487
52494
52544
52549
52582
52631
52632
52657
52658
52694
52695
52756
52816
52821
52867
52964
53012
53152
53160
53187
53191
53249
53272
53279
53365
53372
53380
53390
53428
53482
53504
53522
53547
53597
53639
53697
53751
53769
53790
53805
53815
53857
53894
53925
53977
53978
54012
54061
54063
54067
54068
54071
54073
54081
54106
54109
54174
54195
54202
54221
54315
54462
54474
54511
54556
54606
54609
54615
54617
54618
54619
54621
54637
54672
54796
54800
54802
54803
54831
54833
54947
54989
55005
55035
55115
55126
55157
55199
55282
55285
55341
55361
55382
55405
55476
55507
55514
55525
55588
55605
55645
55709
55783
55809
55902
55905
55927
55968
56004
56073
56124
56141
56177
56202
56262
56267
56269
56271
56273
56278
56279
56284
56287
56289
56290
56300
56305
56327
56353
56471
56473
56474
56480
56482
56505
56513
56613
56680
56681
56729
56863
56877
56952
57035
57080
57184
57207
57210
57213
57216
57222
57227
57228
57230
57231
57233
57236
57238
57243
57247
57250
57251
57253
57255
57256
57260
57263
57264
57269
57270
57271
57276
57277
57278
57283
57284
57285
57289
57292
57294
57295
57299
57304
57308
57310
57311
57313
57429
57524
57541
57554
57573
57596
57599
57601
57602
57608
57609
57610
57612
57614
57616
57618
57620
57621
57623
57624
57626
57627
57629
57632
57635
57636
57638
57639
57643
57645
57650
57652
57655
57657
57658
57664
57667
57672
57673
57676
57677
57679
57681
57683
57686
57688
57689
57692
57694
57699
57700
57701
57704
57706
57708
57711
57713
57719
57720
57723
57725
57732
57735
57739
57740
57743
57745
57746
57747
57753
57755
57779
57782
57808
57823
57869
57874
57918
57936
57966
58051
58113
58135
58165
58229
58289
58290
58292
58319
58331
58347
58398
58595
58717
58723
58736
58876
58892
58906
58946
58979
58981
59097
59106
59117
59130
59143
59165
59212
59214
59215
59217
59219
59230
59251
59271
59358
59363
59396
59413
59441
59444
59473
59478
59501
59505
59537
59569
59596
59606
59653
59754
59774
59779
59833
59846
59897
60036
60050
60079
60184
60190
60209
60227
60300
60380
60489
60499
60573
60597
60605
60652
60681
60740
60743
60768
60812
60839
60860
60874
60904
60927
60951
60956
60962
61088
61153
61164
61297
61375
61377
61378
61379
61387
61436
61455
61456
61466
61483
61488
61541
61558
61584
61622
61677
61679
61681
61683
61684
61686
61691
61693
61697
61953
62129
62130
62152
62219
62233
62452
62472
62526
62630
62745
62770
62773
62803
62817
62835
62863
62948
62958
62981
63010
63053
63068
63071
63073
63077
63081
63082
63084
63085
63090
63091
63092
63095
63096
63097
63099
63103
63104
63106
63107
63108
63111
63114
63115
63117
63118
63124
63131
63135
63138
63140
63142
63144
63146
63147
63150
63152
63155
63156
63157
63184
63197
63273
63285
63301
63368
63506
63557
63595
63682
63843
63898
64065
64126
64173
64246
64291
64297
64303
64305
64307
64312
64315
64316
64328
64329
64331
64334
64336
64371
64440
64465
64542
64660
64690
64802
64937
64938
64940
64945
64947
64955
64960
64982
65051
65055
65081
65120
65237
65318
65335
65557
65595
65599
65603
65611
65621
65744
65748
65779
65918
65919
65922
65924
65928
65931
65936
65939
65942
65948
65965
66075
66217
66322
66416
66447
66560
66567
66568
66604
66649
66659
66729
66801
66875
66877
66968
67021
67072
67152
67195
67224
67267
67272
67300
67446
67472
67508
67585
67593
67629
67727
67770
67816
68024
68071
68095
68097
68197
68209
68216
68293
68301
68373
68436
68438
68478
68622
68626
68670
68674
68680
68830
68984
68992
69073
69120
69140
69228
69299
69303
69399
69436
69653
69739
69827
69837
70039
70054
70288
70326
70431
70479
70535
70560
70651
70950
70992
71044
71060
71132
71293
71301
71338
71400
71548
71623
71712
71811
71862
71876
71900
71995
72017
72181
72265
72283
72339
72347
72353
72354
72389
72480
72542
72545
72546
72548
72550
72594
72650
72656
72664
72691
72695
72762
72782
72819
73118
73271
73336
73398
73427
73521
73526
73582
73596
73718
73829
73910
73946
74008
74010
74012
74072
74080
74192
74200
74201
74202
74206
74208
74281
74299
74475
74509
74714
74753
74790
74824
75043
75085
75110
75167
75432
75541
75653
75666
75706
75724
75738
75745
75769
75930
76048
76097
76098
76101
76105
76108
76110
76113
76115
76128
76129
76131
76138
76149
76153
76160
76169
76176
76277
76359
76489
76490
76491
76545
76896
76902
76912
76922
76924
76925
76930
76933
76962
76963
76965
77001
77004
77007
77011
77029
77072
77091
77295
77457
77494
77542
77587
77592
77625
78095
78147
78170
78212
78361
78377
78762
79331
79417
79770
79819
79926
