0 46
0 24
0 39
0 36
1 46
2 46
2 44
3 46
4 46
1 24
1 39
0 32
2 24
1 36
2 36
3 36
2 39
3 44
0 30
3 39
2 26
1 32
2 32
0 19
0 20
1 30
3 32
2 30
0 10
2 48
1 20
2 20
0 16
3 48
0 17
3 20
4 36
1 10
2 10
0 34
3 26
1 19
0 48
4 26
4 39
0 44
1 34
2 34
3 34
3 10
1 17
4 48
4 10
2 19
4 20
0 29
0 45
3 19
1 48
2 17
1 45
4 19
1 29
1 44
0 27
2 29
4 34
0 31
2 27
0 28
1 27
4 44
3 27
0 2
3 30
0 38
1 31
2 31
4 27
3 24
3 29
2 45
3 17
3 31
0 5
4 31
4 32
2 49
1 28
0 0
1 5
0 37
3 49
2 28
1 2
3 45
0 26
4 30
0 43
1 26
2 5
0 13
0 33
2 12
4 29
1 0
1 37
2 0
4 24
3 0
0 12
1 33
1 13
2 37
2 13
1 38
0 22
2 38
1 43
2 43
2 33
2 2
3 37
2 22
4 37
1 12
0 41
3 33
3 13
3 43
4 33
0 6
0 42
0 3
1 22
4 45
2 3
4 0
3 12
4 43
1 42
2 42
0 23
3 2
1 41
3 22
4 12
0 21
1 21
0 47
4 13
3 38
0 8
1 23
2 21
0 15
2 18
3 21
4 21
2 4
1 8
0 49
3 42
1 6
0 4
2 8
1 47
0 7
3 28
4 2
1 15
1 49
2 15
0 1
4 28
2 23
1 16
2 41
1 7
0 11
1 1
2 1
3 15
4 17
3 8
0 14
3 41
0 18
4 42
4 49
4 8
2 35
4 41
3 35
2 6
1 14
1 18
4 38
2 7
1 4
3 6
2 16
3 18
4 22
0 40
3 7
3 16
4 7
4 15
1 11
2 47
1 40
4 16
2 11
2 14
3 14
3 11
4 6
0 9
3 1
3 47
2 25
3 4
1 9
4 18
3 5
4 14
2 40
4 47
4 1
4 5
2 9
1 3
4 4
3 3
3 9
0 25
3 40
0 35
3 23
1 25
4 3
4 35
1 35
4 23
3 25
4 9
4 40
4 11
4 25

Score: 121.2999999999993