0
0
1
3
5
6
7
10
11
13
14
16
19
21
22
24
26
28
29
31
32
36
37
38
40
41
42
44
47
52
55
58
60
64
66
67
70
71
72
74
79
81
85
88
89
92
93
95
97
99
100
102
104
105
107
110
113
118
119
120
122
125
130
133
136
137
139
141
147
152
161
165
166
167
168
175
178
181
186
188
190
193
195
199
201
204
205
206
208
211
218
219
225
229
234
236
239
244
274
277
278
280
282
285
287
293
295
296
298
300
301
305
307
310
313
316
318
320
322
323
325
326
327
329
331
332
333
336
337
338
339
340
341
346
347
349
350
351
354
356
357
359
360
362
364
365
371
373
381
396
410
427
428
438
448
455
461
462
465
468
471
475
479
481
482
483
484
485
488
490
491
495
497
499
500
502
504
506
508
509
510
514
515
516
520
521
524
527
528
532
538
539
543
546
549
550
551
554
555
557
558
564
566
567
568
569
572
573
574
575
577
579
582
583
585
587
588
592
594
596
600
604
606
608
609
611
612
613
615
616
618
620
623
631
632
634
635
638
646
647
648
649
650
652
654
655
656
658
661
666
668
672
675
677
678
679
684
686
687
692
694
695
697
702
707
709
712
714
715
717
718
720
722
725
727
729
730
732
738
739
741
743
749
752
754
755
757
758
759
761
764
768
769
771
772
773
780
781
782
784
788
791
792
794
797
799
800
802
806
807
808
809
812
813
815
816
819
821
823
826
828
832
835
837
838
841
843
844
845
846
847
849
850
851
854
856
858
860
867
871
874
875
877
879
880
881
882
885
887
888
890
894
898
903
904
905
906
909
914
919
920
921
923
926
930
932
936
937
939
940
941
944
945
947
952
953
956
957
959
960
961
966
967
975
976
977
983
986
990
991
994
995
996
997
1003
1004
1005
1007
1008
1009
1010
1011
1015
1018
1019
1020
1023
1025
1026
1028
1030
1031
1032
1033
1034
1036
1037
1038
1040
1041
1043
1048
1050
1052
1053
1055
1058
1059
1062
1064
1066
1068
1069
1070
1072
1075
1077
1079
1081
1082
1084
1085
1087
1088
1089
1091
1093
1094
1095
1099
1102
1103
1105
1110
1111
1112
1117
1118
1119
1123
1126
1130
1132
1133
1135
1136
1139
1143
1144
1145
1148
1149
1150
1151
1153
1155
1158
1160
1161
1165
1167
1168
1174
1178
1180
1182
1183
1185
1187
1196
1198
1201
1203
1204
1205
1209
1210
1212
1213
1215
1217
1219
1221
1225
1226
1228
1229
1230
1233
1235
1237
1239
1240
1243
1245
1248
1249
1252
1254
1257
1258
1260
1261
1262
1264
1266
1267
1268
1275
1276
1279
1283
1286
1289
1292
1295
1296
1297
1299
1303
1305
1307
1310
1311
1312
1316
1317
1320
1321
1324
1325
1327
1328
1330
1336
1337
1339
1340
1342
1344
1345
1348
1349
1353
1355
1359
1361
1364
1366
1369
1370
1371
1372
1374
1375
1378
1379
1380
1382
1384
1386
1388
1390
1391
1394
1399
1406
1410
1413
1414
1416
1417
1418
1419
1423
1425
1427
1429
1431
1432
1434
1436
1439
1442
1443
1445
1448
1452
1455
1458
1461
1462
1465
1470
1471
1472
1474
1476
1479
1482
1484
1485
1487
1490
1492
1494
1498
1500
1504
1509
1510
1513
1514
1517
1519
1523
1529
1533
1534
1538
1542
1547
1549
1553
1557
1562
1563
1564
1567
1569
1573
1574
1575
1580
1581
1591
1592
1594
1596
1600
1601
1602
1604
1605
1618
1619
1621
1622
1624
1625
1626
1628
1630
1631
1632
1633
1635
1638
1642
1643
1644
1647
1650
1653
1655
1660
1662
1666
1669
1671
1673
1674
1697
1709
1714
1717
1722
1731
1744
1746
1751
1754
1755
1756
1763
1765
1768
1773
1776
1779
1781
1784
1785
1789
1791
1793
1795
1796
1799
1801
1805
1806
1807
1811
1817
1819
1822
1824
1826
1828
1829
1831
1834
1835
1836
1840
1841
1843
1846
1849
1851
1853
1855
1857
1861
1863
1866
1867
1870
1871
1873
1874
1876
1881
1883
1884
1886
1890
1895
1900
1901
1902
1905
1908
1910
1919
1921
1927
1929
1934
1936
1941
1943
1945
1951
1957
1960
1962
1964
1970
1971
1975
1980
1984
1991
1992
1993
1994
1995
1996
2009
2010
2012
2014
2015
2017
2018
2019
2023
2024
2027
2030
2033
2034
2037
2039
2043
2045
2047
2049
2050
2053
2054
2056
2059
2060
2061
2063
2066
2068
2069
2070
2076
2078
2079
2088
2089
2091
2092
2093
2096
2099
2103
2105
2106
2109
2110
2114
2116
2117
2124
2125
2127
2130
2132
2134
2135
2136
2144
2147
2150
2153
2154
2156
2159
2161
2162
2163
2164
2168
2170
2171
2172
2173
2174
2176
2179
2181
2182
2185
2187
2189
2190
2192
2195
2196
2201
2202
2203
2206
2208
2209
2213
2215
2217
2222
2226
2227
2230
2231
2232
2233
2235
2237
2240
2241
2244
2259
2262
2265
2268
2272
2279
2284
2287
2293
2295
2297
2300
2301
2302
2305
2307
2309
2311
2314
2318
2320
2323
2324
2325
2326
2329
2330
2331
2332
2354
2356
2359
2360
2361
2367
2378
2381
2384
2387
2392
2393
2394
2402
2405
2407
2408
2413
2414
2418
2419
2421
2424
2426
2433
2437
2440
2444
2448
2453
2459
2462
2463
2466
2468
2469
2471
2473
2477
2478
2482
2484
2487
2490
2491
2493
2494
2499
2503
2504
2507
2509
2510
2513
2515
2517
2520
2522
2525
2527
2529
2530
2531
2532
2535
2536
2537
2538
2540
2543
2551
2552
2557
2558
2571
2572
2575
2591
2594
2613
2620
2624
2625
2629
2631
2633
2636
2637
2641
2645
2646
2647
2648
2649
2651
2653
2654
2656
2658
2660
2663
2664
2667
2668
2671
2673
2675
2677
2685
2686
2687
2689
2690
2691
2694
2696
2697
2698
2700
2701
2704
2705
2706
2709
2711
2715
2716
2718
2720
2723
2727
2728
2734
2735
2736
2739
2740
2741
2742
2746
2747
2748
2751
2752
2754
2758
2762
2765
2768
2770
2771
2773
2775
2776
2777
2778
2782
2784
2785
2786
2789
2791
2794
2798
2803
2805
2806
2807
2809
2810
2813
2814
2820
2824
2825
2826
2828
2832
2833
2835
2841
2843
2846
2848
2849
2850
2853
2855
2858
2860
2861
2864
2866
2868
2869
2871
2876
2879
2881
2882
2884
2887
2889
2892
2893
2894
2899
2905
2907
2912
2916
2918
2919
2921
2923
2924
2929
2930
2934
2937
2938
2946
2947
2949
2953
2954
2955
2959
2961
2968
2970
2971
2977
2980
2981
2988
2990
2992
2994
2998
3004
3007
3009
3011
3013
3015
3016
3018
3023
3025
3027
3028
3035
3036
3038
3039
3041
3044
3047
3048
3051
3053
3062
3064
3065
3067
3068
3070
3071
3072
3076
3078
3079
3080
3081
3082
3084
3086
3087
3088
3089
3097
3099
3100
3103
3125
3128
3131
3133
3139
3146
3156
3157
3162
3164
3165
3168
3170
3171
3174
3175
3183
3184
3185
3187
3189
3192
3193
3199
3200
3201
3202
3204
3206
3210
3212
3216
3219
3225
3227
3232
3233
3236
3241
3242
3248
3251
3253
3255
3257
3259
3262
3265
3268
3269
3270
3271
3275
3276
3279
3283
3287
3293
3299
3301
3303
3307
3308
3309
3318
3320
3328
3330
3331
3334
3335
3336
3337
3338
3339
3340
3341
3344
3347
3350
3355
3360
3364
3367
3373
3378
3379
3380
3384
3386
3391
3393
3398
3399
3402
3406
3410
3413
3415
3416
3419
3429
3434
3437
3441
3444
3445
3447
3449
3450
3453
3456
3458
3459
3461
3463
3465
3468
3469
3473
3474
3475
3478
3485
3490
3494
3499
3500
3501
3502
3504
3505
3507
3511
3512
3515
3519
3522
3525
3528
3534
3546
3552
3554
3560
3561
3564
3565
3566
3567
3568
3570
3571
3574
3575
3576
3579
3580
3581
3582
3583
3585
3588
3589
3592
3593
3596
3597
3599
3600
3602
3605
3606
3608
3612
3615
3619
3620
3623
3626
3628
3629
3633
3634
3637
3638
3644
3650
3653
3656
3657
3658
3664
3667
3670
3672
3673
3674
3676
3678
3679
3681
3684
3686
3687
3690
3693
3695
3696
3699
3700
3703
3710
3712
3713
3715
3716
3720
3722
3730
3731
3735
3736
3737
3743
3746
3751
3752
3753
3759
3760
3762
3763
3765
3766
3767
3769
3770
3773
3774
3775
3779
3781
3784
3785
3790
3794
3796
3798
3799
3800
3806
3807
3810
3818
3821
3823
3830
3838
3860
3865
3866
3868
3874
3875
3881
3883
3897
3898
3903
3910
3929
3934
3936
3942
3948
3950
3958
3963
3964
3966
3969
3970
3972
3974
3977
3985
3988
3990
3993
3997
4005
4014
4029
4040
4047
4072
4080
4085
4088
4089
4092
4094
4100
4101
4104
4107
4109
4112
4115
4118
4122
4124
4125
4126
4128
4130
4131
4136
4137
4138
4140
4143
4145
4146
4148
4151
4152
4154
4157
4159
4168
4169
4170
4173
4176
4178
4182
4183
4187
4189
4191
4192
4193
4195
4203
4205
4208
4212
4213
4214
4215
4216
4218
4220
4223
4224
4229
4231
4232
4234
4238
4239
4240
4241
4244
4245
4246
4247
4249
4250
4256
4257
4258
4260
4261
4265
4271
4275
4278
4283
4284
4286
4287
4289
4292
4297
4301
4303
4309
4310
4311
4314
4322
4330
4331
4334
4336
4337
4339
4343
4346
4347
4351
4354
4362
4363
4368
4369
4370
4373
4374
4375
4378
4380
4381
4382
4384
4385
4390
4392
4394
4395
4396
4398
4399
4400
4405
4409
4412
4415
4417
4419
4420
4422
4424
4426
4428
4429
4431
4432
4434
4439
4441
4442
4445
4448
4450
4454
4458
4462
4467
4468
4473
4475
4476
4478
4479
4483
4484
4487
4490
4492
4495
4498
4499
4502
4503
4504
4506
4511
4512
4513
4515
4516
4518
4522
4523
4526
4528
4531
4533
4534
4535
4536
4539
4540
4542
4543
4545
4547
4548
4550
4551
4554
4558
4560
4562
4563
4566
4570
4571
4572
4574
4580
4581
4582
4583
4586
4590
4593
4595
4597
4598
4599
4600
4603
4607
4608
4609
4611
4613
4615
4616
4619
4621
4622
4624
4627
4629
4633
4635
4636
4638
4643
4646
4653
4659
4662
4664
4667
4670
4672
4673
4676
4677
4678
4679
4680
4681
4685
4688
4699
4700
4701
4703
4707
4710
4711
4714
4715
4717
4718
4722
4723
4726
4728
4729
4731
4734
4735
4737
4738
4739
4741
4742
4744
4746
4754
4755
4757
4759
4763
4767
4768
4771
4773
4775
4777
4778
4779
4786
4790
4799
4800
4803
4806
4810
4813
4815
4818
4819
4823
4827
4830
4835
4836
4837
4839
4840
4858
4867
4898
4900
4901
4904
4905
4909
4910
4911
4914
4917
4919
4921
4924
4925
4929
4931
4933
4938
4942
4944
4947
4948
4949
4950
4953
4955
4959
4963
4964
4965
4966
4967
4969
4970
4972
4978
4980
4981
4986
4988
4989
4993
4995
4997
5000
5002
5010
5028
5033
5036
5042
5044
5050
5053
5057
5061
5062
5064
5066
5069
5070
5071
5075
5076
5078
5079
5084
5088
5089
5092
5093
5097
5100
5102
5104
5110
5112
5114
5116
5117
5118
5121
5125
5127
5128
5134
5135
5139
5146
5152
5153
5156
5162
5172
5179
5182
5183
5195
5206
5207
5214
5235
5250
5258
5261
5263
5265
5267
5268
5271
5273
5274
5276
5278
5279
5280
5288
5291
5292
5294
5297
5298
5301
5303
5304
5306
5307
5312
5314
5315
5316
5320
5324
5325
5326
5327
5330
5333
5334
5368
5388
5401
5402
5403
5407
5409
5412
5415
5418
5419
5421
5425
5426
5431
5433
5436
5437
5439
5440
5442
5444
5449
5454
5456
5457
5458
5459
5460
5461
5462
5463
5465
5466
5469
5470
5474
5476
5479
5480
5481
5483
5484
5486
5488
5493
5496
5498
5499
5500
5510
5511
5520
5524
5527
5528
5532
5535
5538
5539
5540
5543
5544
5546
5547
5549
5552
5553
5555
5556
5558
5559
5561
5565
5567
5568
5569
5574
5576
5578
5582
5583
5584
5586
5590
5591
5595
5597
5600
5603
5604
5607
5610
5611
5612
5615
5616
5618
5620
5621
5622
5624
5625
5626
5627
5631
5633
5640
5642
5647
5650
5651
5654
5659
5660
5661
5666
5669
5672
5674
5675
5678
5680
5681
5684
5687
5688
5690
5691
5692
5695
5699
5701
5702
5706
5709
5710
5712
5714
5717
5719
5721
5722
5723
5724
5725
5729
5731
5733
5735
5737
5740
5741
5746
5748
5753
5756
5757
5758
5760
5761
5764
5765
5767
5769
5771
5772
5777
5781
5784
5786
5789
5792
5793
5795
5796
5799
5801
5802
5803
5804
5806
5807
5808
5811
5812
5817
5818
5821
5824
5827
5829
5830
5831
5836
5837
5839
5841
5842
5845
5846
5852
5853
5855
5858
5860
5863
5865
5866
5867
5868
5880
5882
5884
5888
5892
5894
5896
5897
5899
5902
5905
5908
5909
5910
5912
5915
5919
5922
5926
5933
5935
5937
5939
5941
5942
5944
5945
5946
5947
5948
5950
5951
5952
5955
5958
5961
5962
5963
5965
5970
5972
5976
5979
5981
5983
5984
5986
5989
5990
5991
5993
5996
5998
5999
6000
6003
6004
6008
6012
6013
6016
6017
6018
6020
6021
6025
6026
6028
6030
6031
6032
6035
6037
6039
6041
6043
6045
6048
6052
6054
6058
6060
6062
6064
6066
6069
6071
6073
6074
6075
6079
6083
6088
6093
6096
6098
6099
6104
6111
6112
6114
6116
6117
6118
6119
6120
6122
6125
6126
6130
6132
6133
6134
6135
6136
6140
6148
6150
6157
6159
6161
6162
6163
6164
6167
6168
6170
6172
6181
6182
6183
6186
6188
6189
6191
6193
6195
6196
6201
6202
6204
6208
6211
6214
6219
6221
6223
6225
6226
6228
6229
6232
6236
6240
6241
6243
6244
6249
6250
6254
6256
6259
6260
6265
6267
6270
6271
6274
6276
6278
6284
6285
6288
6292
6293
6294
6295
6296
6297
6301
6302
6303
6304
6305
6307
6309
6310
6311
6312
6314
6316
6317
6320
6321
6324
6325
6327
6329
6330
6332
6333
6335
6336
6343
6344
6345
6348
6351
6354
6355
6358
6359
6360
6361
6363
6365
6369
6372
6373
6378
6383
6385
6387
6390
6391
6392
6397
6398
6400
6404
6406
6407
6408
6411
6412
6414
6415
6417
6418
6420
6423
6424
6429
6430
6435
6436
6441
6444
6446
6448
6450
6457
6464
6465
6467
6468
6470
6474
6479
6482
6484
6487
6490
6491
6493
6499
6500
6503
6504
6511
6515
6516
6524
6527
6532
6537
6540
6541
6542
6545
6548
6552
6554
6559
6560
6563
6571
6576
6580
6585
6586
6587
6591
6593
6596
6598
6600
6602
6607
6610
6612
6613
6615
6618
6620
6623
6626
6627
6628
6630
6631
6632
6633
6636
6642
6644
6647
6648
6651
6657
6658
6659
6660
6661
6663
6665
6669
6670
6671
6672
6673
6677
6681
6684
6685
6689
6692
6696
6697
6700
6704
6705
6706
6708
6713
6716
6717
6721
6722
6724
6725
6728
6730
6732
6738
6744
6747
6749
6752
6754
6762
6763
6765
6768
6770
6772
6774
6779
6787
6789
6790
6792
6795
6800
6801
6804
6807
6809
6810
6815
6818
6819
6822
6824
6826
6828
6829
6831
6833
6836
6837
6841
6845
6846
6849
6851
6854
6858
6859
6861
6863
6864
6867
6869
6870
6872
6874
6875
6882
6883
6887
6889
6890
6895
6896
6901
6907
6910
6914
6917
6922
6923
6924
6926
6928
6930
6932
6934
6935
6937
6941
6943
6949
6951
6955
6956
6958
6962
6964
6971
6975
6977
6979
6980
6983
6988
6990
6992
6995
6996
6998
7000
7001
7003
7010
7012
7014
7016
7020
7022
7025
7026
7029
7030
7031
7035
7041
7044
7045
7055
7058
7059
7060
7061
7063
7066
7067
7070
7071
7073
7074
7076
7079
7081
7083
7084
7086
7089
7090
7091
7092
7094
7098
7099
7100
7103
7106
7107
7108
7117
7147
7157
7164
7166
7170
7173
7174
7175
7181
7183
7184
7185
7191
7200
7213
7222
7224
7232
7242
7259
7264
7265
7268
7272
7274
7277
7289
7291
7294
7296
7299
7300
7301
7308
7311
7312
7317
7321
7323
7328
7333
7335
7338
7342
7343
7345
7348
7361
7373
7381
7382
7385
7387
7390
7392
7394
7396
7407
7410
7412
7413
7414
7418
7420
7421
7422
7426
7431
7434
7435
7436
7441
7443
7451
7453
7464
7468
7470
7471
7472
7474
7475
7477
7482
7484
7485
7486
7488
7490
7494
7495
7496
7498
7500
7503
7506
7510
7511
7517
7518
7519
7521
7526
7535
7536
7540
7545
7547
7548
7552
7554
7556
7558
7560
7564
7567
7571
7572
7575
7576
7577
7579
7581
7583
7584
7585
7586
7587
7591
7592
7593
7594
7596
7599
7600
7601
7602
7603
7606
7609
7610
7611
7612
7614
7615
7616
7617
7618
7620
7623
7627
7628
7629
7632
7635
7637
7640
7645
7648
7649
7651
7652
7653
7657
7660
7661
7662
7663
7664
7665
7666
7667
7669
7671
7672
7674
7675
7676
7677
7678
7679
7681
7683
7684
7687
7689
7690
7693
7695
7699
7701
7704
7707
7709
7713
7714
7717
7719
7720
7723
7729
7730
7731
7732
7733
7739
7741
7742
7743
7745
7751
7758
7760
7761
7765
7766
7768
7769
7770
7771
7773
7777
7779
7781
7784
7786
7792
7793
7796
7797
7798
7799
7801
7803
7806
7809
7815
7816
7818
7820
7822
7825
7826
7828
7830
7832
7833
7835
7836
7843
7844
7848
7852
7853
7858
7861
7863
7868
7872
7874
7876
7880
7882
7902
7914
7916
7922
7926
7928
7930
7931
8001
8002
8004
8007
8008
8011
8012
8015
8018
8022
8025
8026
8028
8029
8032
8034
8038
8040
8043
8044
8048
8052
8054
8056
8057
8076
8078
8080
8081
8083
8085
8086
8087
8088
8089
8093
8100
8101
8102
8103
8109
8117
8121
8123
8126
8127
8128
8129
8130
8133
8134
8138
8140
8141
8142
8145
8146
8147
8150
8152
8153
8155
8157
8161
8162
8165
8166
8168
8170
8175
8176
8177
8178
8179
8181
8183
8184
8185
8186
8187
8189
8191
8194
8195
8197
8202
8204
8207
8210
8214
8215
8218
8220
8222
8225
8227
8231
8232
8234
8238
8240
8244
8246
8247
8270
8271
8299
8301
8302
8305
8306
8307
8309
8310
8312
8316
8319
8320
8321
8325
8333
8338
8339
8343
8345
8350
8353
8357
8359
8388
8394
8398
8400
8404
8406
8408
8410
8412
8414
8417
8419
8420
8425
8428
8429
8430
8431
8432
8433
8437
8438
8441
8442
8447
8449
8452
8456
8457
8459
8460
8462
8463
8464
8466
8470
8471
8473
8476
8480
8482
8483
8485
8487
8491
8496
8498
8500
8504
8507
8510
8512
8517
8518
8520
8523
8527
8529
8531
8540
8543
8544
8549
8551
8555
8557
8559
8560
8564
8572
8573
8574
8583
8587
8589
8590
8596
8597
8598
8600
8604
8605
8609
8617
8619
8620
8623
8626
8627
8631
8633
8637
8639
8645
8651
8663
8664
8667
8686
8689
8691
8695
8699
8702
8704
8707
8709
8712
8715
8716
8720
8725
8731
8732
8749
8761
8764
8765
8768
8769
8771
8774
8775
8777
8780
8784
8785
8787
8789
8790
8793
8794
8796
8803
8808
8811
8814
8817
8823
8829
8831
8835
8837
8838
8839
8840
8841
8848
8855
8857
8859
8861
8864
8865
8875
8877
8883
8884
8890
8894
8897
8899
8900
8904
8905
8909
8910
8914
8917
8921
8928
8932
8936
8946
8947
8958
8959
8960
8963
8965
8972
8974
8976
8978
8979
8982
8987
8989
8993
8994
8995
8999
9002
9006
9009
9012
9014
9015
9018
9019
9020
9023
9025
9030
9031
9036
9037
9038
9042
9044
9045
9047
9048
9049
9050
9052
9055
9057
9062
9063
9064
9065
9068
9069
9071
9074
9077
9079
9080
9081
9082
9083
9086
9091
9094
9095
9096
9097
9100
9101
9104
9107
9110
9111
9116
9118
9120
9121
9123
9135
9140
9142
9147
9160
9165
9173
9178
9180
9183
9185
9188
9189
9194
9196
9201
9203
9206
9208
9213
9214
9219
9220
9224
9228
9231
9233
9234
9236
9238
9240
9241
9243
9262
9268
9270
9274
9277
9278
9282
9284
9287
9288
9291
9294
9296
9299
9300
9302
9305
9307
9313
9316
9320
9322
9327
9329
9331
9333
9336
9338
9340
9344
9346
9348
9351
9353
9354
9358
9362
9365
9371
9390
9395
9402
9410
9413
9416
9417
9418
9419
9422
9427
9428
9430
9433
9438
9443
9445
9450
9452
9453
9455
9457
9461
9466
9470
9483
9486
9493
9495
9498
9499
9500
9502
9504
9507
9508
9513
9515
9520
9521
9523
9524
9526
9529
9531
9532
9537
9541
9543
9544
9546
9548
9549
9553
9560
9562
9569
9574
9578
9580
9582
9590
9592
9594
9602
9607
9608
9625
9631
9635
9642
9647
9653
9654
9658
9661
9663
9664
9666
9674
9686
9699
9708
9718
9730
9736
9747
9749
9756
9759
9760
9762
9774
9777
9778
9784
9792
9794
9797
9801
9802
9804
9806
9807
9810
9811
9815
9816
9818
9820
9828
9829
9837
9841
9843
9844
9846
9847
9849
9850
9852
9853
9855
9860
9861
9862
9864
9866
9867
9868
9875
9876
9877
9879
9880
9881
9882
9885
9886
9888
9891
9893
9894
9896
9897
9900
9902
9904
9906
9907
9908
9911
9913
9917
9919
9921
9927
9930
9934
9937
9939
9941
9946
9949
9950
9951
9952
9955
9956
9957
9959
9960
9961
9963
9966
9967
9970
9971
9973
9977
9978
9979
9980
9982
9986
9988
9990
9996
9997
10003
10004
10007
10009
10010
10012
10015
10017
10018
10019
10023
10025
10026
10031
10033
10035
10040
10044
10046
10053
10059
10062
10065
10067
10068
10069
10070
10072
10077
10080
10083
10085
10088
10089
10093
10096
10099
10101
10104
10106
10108
10110
10115
10116
10119
10121
10122
10123
10124
10128
10131
10132
10134
10141
10143
10144
10147
10149
10153
10156
10158
10159
10160
10162
10167
10168
10169
10173
10174
10175
10176
10181
10183
10185
10188
10190
10192
10198
10202
10217
10218
10220
10221
10224
10225
10227
10229
10233
10234
10235
10236
10238
10244
10246
10247
10248
10250
10254
10256
10257
10259
10261
10262
10266
10268
10271
10272
10273
10278
10279
10280
10281
10282
10284
10288
10290
10293
10302
10303
10305
10306
10308
10309
10314
10316
10319
10320
10322
10323
10325
10327
10330
10334
10335
10337
10340
10343
10345
10348
10352
10353
10355
10357
10358
10364
10369
10370
10371
10373
10383
10384
10388
10395
10397
10404
10406
10411
10412
10419
10420
10422
10425
10429
10439
10442
10443
10471
10474
10476
10477
10482
10483
10484
10485
10487
10489
10491
10493
10494
10496
10498
10501
10506
10507
10511
10512
10514
10515
10516
10517
10519
10521
10525
10527
10529
10533
10536
10537
10539
10546
10548
10549
10550
10551
10554
10556
10558
10559
10561
10562
10567
10571
10572
10573
10575
10579
10581
10582
10622
10623
10625
10631
10633
10634
10637
10640
10642
10644
10645
10654
10655
10658
10670
10677
10681
10695
10700
10701
10702
10707
10719
10730
10734
10735
10736
10737
10739
10740
10743
10748
10751
10755
10756
10759
10760
10763
10767
10772
10774
10778
10779
10780
10782
10785
10786
10788
10792
10796
10797
10798
10812
10814
10815
10818
10822
10824
10828
10829
10830
10832
10835
10836
10838
10839
10845
10846
10847
10852
10855
10857
10858
10859
10861
10864
10867
10871
10873
10874
10875
10878
10879
10884
10885
10887
10890
10895
10896
10900
10902
10904
10907
10908
10910
10912
10916
10917
10919
10921
10922
10924
10925
10927
10931
10932
10934
10937
10940
10941
10943
10945
10949
10952
10953
10959
10963
10965
10968
10973
10974
10977
10978
10980
10982
10986
10988
10990
10998
10999
11000
11002
11003
11005
11007
11009
11015
11017
11020
11021
11024
11025
11027
11029
11031
11034
11035
11037
11039
11041
11043
11046
11048
11049
11050
11053
11055
11057
11059
11061
11064
11068
11072
11076
11081
11086
11087
11097
11099
11105
11106
11108
11110
11114
11118
11120
11122
11125
11126
11128
11130
11131
11132
11134
11136
11137
11138
11139
11140
11141
11147
11148
11149
11152
11156
11157
11158
11159
11161
11164
11167
11168
11171
11172
11175
11179
11181
11182
11187
11188
11192
11193
11202
11219
11221
11225
11234
11237
11242
11245
11246
11247
11249
11261
11263
11276
11312
11325
11328
11335
11344
11355
11366
11367
11374
11375
11378
11380
11382
11383
11386
11390
11393
11400
11401
11403
11409
11419
11422
11423
11438
11440
11445
11446
11452
11454
11456
11458
11459
11462
11467
11468
11469
11470
11473
11475
11479
11485
11486
11489
11493
11496
11497
11499
11501
11503
11505
11507
11509
11510
11517
11519
11526
11529
11531
11532
11533
11540
11542
11543
11544
11546
11549
11550
11552
11553
11555
11561
11563
11564
11566
11567
11568
11571
11575
11579
11581
11582
11585
11589
11591
11593
11594
11596
11597
11598
11604
11613
11624
11629
11637
11639
11642
11644
11668
11678
11679
11686
11690
11693
11697
11699
11701
11702
11704
11706
11713
11718
11720
11721
11725
11728
11732
11735
11736
11738
11740
11742
11744
11745
11750
11752
11754
11755
11756
11760
11762
11763
11764
11773
11776
11778
11782
11785
11787
11789
11790
11794
11798
11806
11807
11808
11809
11814
11816
11818
11820
11821
11822
11823
11827
11829
11832
11833
11835
11838
11839
11841
11842
11844
11846
11847
11848
11849
11850
11853
11855
11856
11858
11860
11862
11863
11868
11870
11874
11878
11880
11882
11885
11886
11890
11895
11898
11899
11902
11903
11904
11906
11908
11910
11911
11912
11913
11917
11923
11925
11926
11927
11930
11932
11934
11935
11939
11942
11945
11948
11949
11950
11952
11953
11954
11957
11958
11960
11961
11964
11966
11973
11975
11976
11981
11984
11988
11994
11996
11998
12000
12001
12003
12004
12010
12012
12014
12017
12019
12020
12022
12023
12026
12030
12031
12058
12060
12063
12064
12071
12075
12084
12089
12091
12092
12094
12095
12097
12099
12104
12107
12108
12111
12114
12117
12122
12127
12130
12131
12138
12141
12143
12145
12152
12153
12154
12164
12165
12167
12168
12171
12174
12180
12182
12185
12186
12189
12190
12194
12197
12198
12202
12206
12208
12209
12213
12214
12217
12220
12221
12222
12226
12228
12229
12233
12236
12239
12240
12242
12243
12247
12253
12254
12256
12258
12261
12263
12264
12266
12269
12272
12273
12276
12278
12280
12283
12284
12286
12287
12289
12291
12293
12298
12300
12301
12302
12304
12309
12314
12315
12316
12317
12322
12324
12327
12331
12332
12336
12339
12341
12343
12347
12351
12353
12355
12356
12359
12366
12367
12369
12370
12372
12373
12376
12377
12378
12379
12380
12381
12387
12389
12396
12398
12402
12405
12406
12412
12415
12425
12428
12431
12438
12445
12446
12449
12452
12458
12467
12472
12479
12505
12528
12532
12538
12543
12549
12554
12556
12558
12568
12571
12574
12579
12582
12583
12586
12592
12594
12597
12599
12603
12608
12609
12611
12615
12617
12623
12625
12628
12630
12634
12636
12637
12639
12643
12645
12651
12655
12662
12702
12704
12708
12709
12710
12712
12713
12717
12720
12721
12723
12724
12725
12728
12734
12737
12741
12743
12746
12749
12753
12758
12760
12761
12764
12765
12772
12778
12782
12783
12787
12788
12789
12790
12791
12793
12795
12796
12799
12800
12802
12806
12810
12813
12815
12816
12821
12822
12829
12832
12840
12846
12849
12852
12855
12856
12860
12872
12882
12898
12913
12958
12959
12973
12976
12977
12979
12981
12982
12984
12985
12987
12989
12993
12995
12997
13000
13003
13005
13007
13009
13010
13017
13018
13020
13023
13024
13026
13028
13031
13033
13035
13041
13042
13044
13047
13052
13053
13055
13056
13058
13059
13060
13062
13063
13064
13066
13067
13069
13070
13072
13075
13078
13080
13081
13084
13085
13086
13088
13089
13092
13093
13094
13097
13100
13104
13105
13107
13109
13111
13112
13113
13114
13116
13117
13119
13120
13126
13133
13135
13143
13144
13146
13148
13153
13154
13156
13157
13158
13168
13176
13178
13181
13184
13193
13195
13198
13200
13202
13204
13208
13213
13214
13219
13220
13221
13223
13224
13226
13230
13231
13234
13244
13245
13248
13251
13256
13258
13260
13266
13267
13270
13273
13275
13277
13281
13283
13285
13286
13288
13290
13292
13295
13297
13298
13319
13339
13341
13345
13347
13348
13349
13353
13354
13355
13356
13362
13366
13375
13379
13385
13386
13388
13389
13390
13393
13398
13399
13404
13405
13407
13408
13411
13413
13417
13419
13423
13424
13428
13429
13432
13434
13435
13439
13440
13444
13447
13448
13450
13469
13470
13471
13473
13474
13476
13478
13485
13487
13490
13493
13496
13498
13499
13500
13503
13504
13506
13508
13510
13513
13515
13518
13521
13524
13529
13531
13534
13538
13539
13540
13545
13546
13547
13548
13553
13556
13559
13561
13563
13565
13567
13569
13570
13571
13574
13587
13590
13593
13598
13604
13605
13607
13632
13643
13649
13651
13652
13660
13661
13666
13686
13695
13720
13734
13743
13744
13745
13747
13751
13756
13757
13758
13763
13765
13767
13769
13771
13772
13773
13775
13778
13779
13784
13785
13786
13789
13792
13794
13795
13798
13799
13800
13802
13804
13805
13806
13808
13812
13813
13816
13817
13819
13821
13823
13831
13835
13840
13842
13846
13847
13849
13850
13852
13853
13854
13857
13859
13861
13865
13878
13885
13887
13893
13895
13899
13901
13902
13904
13906
13908
13910
13912
13915
13918
13921
13930
13931
13932
13935
13941
13946
13950
13952
13955
13957
13958
13959
13962
13966
13970
13971
13974
13975
13978
13982
13985
13986
13987
13988
13990
13996
14002
14005
14006
14016
14018
14022
14027
14029
14031
14032
14033
14034
14035
14037
14038
14039
14045
14047
14049
14052
14054
14056
14059
14062
14063
14065
14066
14070
14072
14074
14075
14077
14078
14086
14087
14088
14090
14092
14094
14100
14104
14106
14107
14111
14113
14117
14120
14122
14124
14125
14129
14131
14134
14138
14140
14142
14143
14148
14149
14151
14155
14156
14160
14161
14162
14165
14166
14168
14171
14172
14173
14175
14176
14177
14178
14180
14181
14184
14185
14192
14194
14195
14197
14201
14203
14205
14208
14211
14214
14216
14219
14221
14222
14224
14227
14229
14231
14234
14236
14238
14241
14244
14245
14249
14255
14259
14260
14264
14266
14272
14273
14275
14276
14281
14285
14288
14290
14292
14293
14294
14295
14299
14300
14305
14308
14309
14311
14312
14315
14316
14317
14318
14322
14324
14329
14334
14336
14341
14343
14345
14346
14347
14351
14356
14357
14360
14362
14366
14368
14370
14374
14375
14378
14379
14383
14388
14389
14391
14393
14394
14399
14404
14408
14410
14411
14414
14416
14418
14421
14422
14425
14426
14432
14433
14436
14438
14439
14441
14450
14451
14453
14459
14462
14463
14464
14467
14469
14473
14474
14476
14481
14486
14488
14495
14496
14499
14505
14508
14509
14516
14517
14519
14522
14536
14542
14543
14551
14557
14559
14563
14565
14567
14568
14571
14572
14573
14575
14578
14579
14581
14585
14586
14588
14589
14590
14593
14596
14598
14600
14601
14603
14607
14611
14612
14617
14619
14621
14625
14629
14633
14634
14636
14638
14640
14641
14644
14646
14649
14653
14656
14662
14663
14666
14668
14670
14672
14674
14681
14682
14684
14691
14692
14693
14698
14702
14705
14712
14716
14721
14726
14729
14732
14733
14735
14737
14739
14740
14741
14742
14743
14746
14748
14749
14750
14755
14758
14761
14763
14765
14766
14767
14770
14773
14775
14777
14783
14784
14786
14788
14789
14794
14796
14797
14800
14825
14848
14852
14860
14862
14864
14865
14871
14899
14900
14920
14923
14947
14949
14972
14974
14984
14986
14987
14992
14994
14996
14999
15002
15005
15008
15010
15012
15014
15015
15020
15024
15026
15027
15029
15031
15035
15037
15042
15044
15046
15049
15055
15057
15058
15063
15067
15068
15070
15078
15082
15104
15108
15119
15129
15131
15132
15136
15140
15142
15151
15163
15165
15172
15175
15177
15181
15182
15185
15187
15190
15194
15197
15198
15199
15202
15204
15206
15208
15209
15217
15219
15220
15224
15228
15231
15235
15241
15243
15244
15245
15246
15268
15271
15276
15282
15287
15293
15302
15313
15327
15329
15332
15351
15359
15362
15366
15367
15374
15375
15377
15378
15385
15387
15389
15394
15395
15397
15398
15400
15401
15405
15406
15410
15411
15413
15419
15421
15425
15429
15430
15433
15434
15438
15441
15443
15445
15446
15448
15451
15453
15455
15460
15462
15473
15475
15478
15484
15485
15487
15493
15495
15498
15499
15519
15522
15537
15547
15550
15554
15556
15562
15571
15572
15574
15577
15580
15581
15585
15586
15587
15593
15595
15596
15599
15601
15606
15607
15611
15612
15613
15615
15616
15617
15618
15619
15620
15622
15624
15627
15631
15634
15635
15642
15643
15657
15658
15659
15660
15663
15669
15674
15675
15680
15681
15683
15684
15686
15687
15688
15689
15690
15692
15693
15696
15701
15702
15703
15706
15714
15718
15720
15721
15723
15725
15726
15730
15731
15732
15734
15735
15736
15739
15740
15741
15743
15748
15749
15754
15756
15757
15759
15760
15768
15769
15770
15772
15779
15787
15789
15791
15796
15798
15805
15807
15808
15812
15814
15820
15830
15835
15838
15839
15841
15844
15848
15855
15857
15860
15862
15866
15869
15874
15875
15879
15881
15883
15884
15885
15887
15890
15893
15902
15910
15912
15929
15934
15936
15938
15939
15940
15945
15946
15948
15954
15956
15959
15960
15963
15965
15967
15968
15969
15971
15973
15977
15978
15983
15986
15989
15990
15992
15994
16000
16002
16004
16007
16008
16013
16015
16016
16017
16019
16020
16023
16024
16025
16026
16027
16028
16031
16034
16035
16038
16039
16047
16048
16052
16053
16054
16056
16057
16058
16059
16061
16064
16066
16068
16075
16076
16080
16084
16086
16087
16088
16089
16092
16096
16098
16104
16107
16109
16111
16114
16115
16120
16124
16126
16127
16129
16131
16132
16134
16135
16138
16141
16147
16149
16151
16153
16154
16156
16160
16166
16171
16173
16178
16180
16183
16184
16187
16188
16191
16192
16193
16195
16197
16198
16200
16201
16203
16206
16207
16211
16212
16214
16216
16217
16219
16221
16225
16226
16227
16229
16230
16233
16234
16238
16240
16242
16243
16244
16251
16255
16261
16262
16263
16264
16268
16270
16272
16276
16278
16280
16284
16286
16288
16289
16290
16293
16295
16296
16297
16298
16300
16303
16304
16305
16309
16312
16316
16319
16322
16323
16324
16327
16328
16329
16331
16333
16335
16337
16339
16340
16341
16342
16345
16346
16347
16358
16360
16363
16366
16367
16376
16383
16384
16386
16387
16391
16393
16394
16395
16397
16399
16403
16406
16407
16408
16410
16433
16436
16440
16442
16454
16455
16460
16461
16463
16467
16468
16471
16475
16478
16482
16484
16485
16486
16489
16497
16498
16500
16502
16504
16509
16511
16512
16514
16516
16517
16520
16522
16524
16525
16529
16537
16538
16541
16544
16545
16547
16548
16554
16555
16556
16557
16559
16560
16562
16565
16566
16570
16576
16578
16579
16581
16583
16584
16585
16586
16589
16592
16594
16596
16597
16598
16599
16601
16603
16605
16606
16609
16612
16613
16616
16617
16618
16620
16622
16623
16626
16627
16631
16633
16634
16635
16637
16638
16640
16643
16644
16648
16650
16654
16655
16656
16657
16658
16660
16661
16663
16667
16668
16672
16673
16674
16680
16681
16682
16686
16689
16692
16694
16695
16697
16698
16699
16702
16705
16708
16713
16715
16717
16724
16726
16728
16732
16735
16736
16739
16740
16742
16744
16745
16748
16749
16751
16755
16758
16759
16760
16761
16763
16766
16770
16773
16775
16779
16780
16788
16795
16798
16801
16803
16804
16805
16806
16808
16809
16811
16812
16815
16816
16819
16827
16881
16885
16931
16956
16961
16977
16983
16996
17054
17062
17067
17068
17074
17078
17079
17082
17084
17085
17094
17100
17102
17105
17121
17126
17129
17142
17172
17179
17184
17190
17191
17193
17195
17196
17198
17201
17203
17205
17206
17210
17211
17212
17214
17216
17217
17219
17221
17225
17229
17232
17233
17236
17239
17243
17245
17246
17249
17254
17259
17262
17267
17268
17273
17277
17281
17285
17289
17290
17291
17295
17303
17305
17308
17310
17315
17321
17326
17327
17353
17358
17361
17378
17433
17434
17456
17469
17471
17489
17492
17493
17495
17500
17501
17503
17508
17510
17513
17514
17515
17517
17519
17520
17521
17525
17526
17527
17533
17535
17537
17538
17539
17543
17545
17547
17548
17549
17551
17555
17556
17558
17559
17561
17564
17574
17575
17576
17577
17580
17581
17584
17587
17588
17589
17595
17601
17617
17618
17621
17625
17632
17634
17643
17644
17654
17666
17668
17670
17672
17675
17681
17693
17697
17698
17702
17705
17716
17719
17728
17733
17734
17735
17740
17752
17777
17781
17785
17792
17794
17805
17807
17810
17811
17814
17822
17824
17827
17831
17834
17835
17838
17840
17841
17846
17849
17854
17855
17856
17859
17861
17862
17864
17869
17871
17873
17881
17882
17883
17884
17886
17887
17891
17895
17896
17897
17898
17901
17902
17906
17907
17909
17911
17912
17913
17914
17917
17920
17921
17924
17929
17930
17931
17933
17937
17940
17952
17953
17954
17955
17956
17958
17963
17965
17976
17977
17979
17981
17983
17987
17989
17991
17994
17995
17998
18001
18003
18005
18007
18009
18010
18012
18016
18017
18018
18020
18023
18025
18026
18030
18033
18036
18039
18042
18046
18050
18052
18054
18059
18060
18062
18063
18065
18068
18071
18072
18073
18074
18077
18079
18080
18082
18083
18087
18089
18091
18094
18096
18099
18100
18104
18110
18113
18114
18116
18119
18120
18121
18124
18126
18130
18137
18140
18147
18151
18158
18159
18162
18163
18167
18169
18173
18177
18188
18192
18195
18196
18200
18201
18204
18205
18208
18209
18211
18213
18218
18220
18221
18222
18229
18231
18233
18234
18238
18243
18244
18245
18246
18247
18250
18256
18261
18263
18266
18308
18320
18326
18334
18346
18357
18365
18366
18380
18382
18401
18418
18419
18421
18426
18429
18436
18440
18443
18448
18450
18454
18458
18462
18465
18467
18469
18485
18487
18489
18490
18491
18508
18524
18544
18559
18571
18573
18587
18589
18590
18594
18598
18599
18602
18608
18609
18613
18617
18619
18621
18625
18628
18629
18630
18633
18636
18637
18638
18642
18652
18654
18656
18657
18658
18662
18663
18664
18670
18672
18678
18682
18684
18687
18690
18697
18699
18703
18705
18706
18721
18727
18732
18733
18735
18736
18749
18751
18755
18758
18770
18771
18772
18788
18789
18792
18800
18807
18808
18813
18816
18819
18822
18823
18827
18830
18831
18836
18840
18842
18845
18847
18849
18851
18852
18864
18868
18869
18877
18881
18886
18890
18893
18896
18900
18903
18904
18905
18906
18910
18912
18918
18919
18921
18922
18924
18932
18933
18935
18937
18938
18943
18950
18953
18955
18958
18959
18961
18962
18963
18965
18967
18970
18971
18972
18973
18977
18978
18983
18984
18989
18990
18992
18996
19031
19039
19040
19042
19043
19044
19047
19052
19057
19059
19061
19070
19074
19081
19082
19085
19090
19095
19097
19098
19099
19101
19104
19105
19107
19110
19116
19123
19132
19134
19139
19142
19143
19145
19146
19150
19156
19157
19161
19166
19171
19173
19175
19176
19178
19182
19188
19190
19197
19201
19203
19208
19235
19242
19247
19259
19262
19264
19306
19308
19328
19331
19334
19336
19341
19360
19369
19370
19373
19377
19379
19397
19401
19407
19409
19413
19414
19416
19418
19419
19425
19428
19429
19431
19433
19441
19443
19446
19447
19449
19451
19452
19454
19456
19458
19459
19464
19465
19467
19473
19477
19479
19482
19483
19485
19487
19488
19489
19493
19496
19497
19499
19503
19505
19512
19515
19520
19521
19522
19523
19525
19526
19530
19532
19533
19536
19537
19540
19541
19543
19544
19545
19546
19548
19549
19550
19553
19554
19555
19556
19559
19560
19565
19566
19569
19570
19572
19580
19581
19584
19590
19591
19593
19604
19608
19610
19612
19614
19616
19617
19619
19623
19626
19627
19628
19629
19631
19633
19636
19638
19640
19645
19646
19648
19649
19651
19653
19654
19655
19658
19659
19660
19662
19665
19667
19670
19674
19677
19678
19681
19682
19683
19684
19688
19691
19692
19693
19695
19697
19698
19699
19700
19701
19702
19706
19708
19711
19714
19717
19723
19732
19734
19736
19737
19743
19748
19753
19758
19770
19774
19785
19792
19795
19802
19806
19808
19827
19828
19831
19852
19876
19889
19916
19922
19923
19924
19927
19930
19931
19936
19937
19944
19969
19972
19983
19986
19987
19988
19989
19992
19995
19996
19998
20000
20001
20003
20005
20010
20014
20017
20021
20025
20027
20032
20033
20035
20036
20039
20041
20045
20049
20050
20051
20057
20059
20063
20064
20067
20070
20072
20082
20088
20090
20092
20095
20097
20101
20105
20107
20108
20109
20117
20120
20121
20127
20135
20137
20142
20143
20145
20146
20150
20151
20153
20155
20157
20161
20162
20165
20166
20168
20176
20178
20185
20197
20208
20241
20250
20253
20255
20269
20271
20279
20290
20303
20312
20315
20343
20385
20389
20404
20410
20420
20427
20431
20435
20436
20439
20442
20443
20445
20453
20459
20460
20462
20463
20469
20476
20480
20486
20488
20493
20497
20502
20503
20520
20547
20560
20561
20570
20572
20578
20580
20582
20584
20585
20586
20596
20598
20609
20617
20636
20643
20649
20652
20684
20693
20695
20710
20712
20716
20717
20719
20723
20724
20725
20728
20729
20730
20731
20737
20739
20740
20742
20745
20746
20757
20760
20763
20765
20766
20767
20769
20775
20776
20778
20779
20780
20792
20797
20798
20805
20806
20810
20812
20815
20816
20818
20821
20823
20824
20827
20834
20835
20836
20838
20839
20849
20857
20875
20887
20912
20917
20920
20924
20925
20927
20928
20931
20939
20942
20946
20951
20953
20957
20961
20966
20968
20970
20972
20978
20990
20992
20999
21009
21016
21023
21026
21029
21030
21032
21034
21040
21041
21044
21046
21047
21050
21056
21057
21059
21065
21067
21068
21069
21073
21075
21076
21079
21082
21084
21087
21090
21091
21092
21099
21100
21101
21107
21110
21114
21115
21119
21120
21124
21137
21138
21142
21148
21150
21151
21153
21155
21157
21159
21164
21165
21169
21172
21173
21178
21185
21187
21188
21190
21191
21192
21193
21208
21209
21210
21211
21213
21217
21226
21228
21238
21242
21244
21245
21250
21254
21261
21262
21263
21275
21278
21279
21285
21286
21289
21291
21293
21295
21297
21299
21303
21305
21307
21308
21309
21311
21312
21314
21316
21318
21319
21322
21323
21327
21329
21332
21334
21335
21337
21340
21345
21347
21352
21354
21355
21358
21361
21365
21366
21368
21370
21373
21375
21376
21377
21379
21383
21384
21390
21391
21395
21404
21405
21406
21407
21409
21415
21421
21428
21482
21484
21486
21489
21491
21504
21505
21508
21509
21512
21514
21518
21519
21521
21524
21526
21529
21530
21532
21536
21542
21544
21547
21549
21551
21556
21559
21560
21561
21571
21572
21574
21576
21577
21578
21580
21581
21582
21584
21587
21590
21591
21593
21595
21597
21601
21605
21606
21607
21610
21613
21614
21616
21618
21619
21621
21623
21628
21629
21633
21636
21637
21639
21641
21645
21647
21649
21652
21654
21656
21658
21659
21662
21666
21669
21670
21671
21673
21676
21679
21680
21685
21687
21691
21693
21696
21699
21701
21702
21704
21708
21709
21710
21713
21714
21717
21719
21720
21722
21723
21727
21729
21732
21737
21738
21740
21743
21745
21746
21748
21749
21752
21754
21755
21757
21763
21765
21768
21770
21780
21803
21804
21805
21808
21815
21827
21832
21836
21840
21841
21843
21844
21848
21849
21850
21855
21861
21866
21871
21875
21882
21884
21888
21889
21891
21896
21899
21905
21913
21914
21915
21918
21922
21926
21932
21946
21958
21964
21968
21969
21970
21975
21977
21979
21982
22003
22006
22016
22019
22020
22021
22023
22025
22027
22031
22032
22035
22038
22042
22044
22046
22047
22051
22054
22057
22061
22063
22068
22072
22073
22078
22084
22086
22090
22092
22093
22099
22101
22103
22104
22105
22108
22111
22114
22116
22117
22121
22125
22128
22131
22133
22135
22138
22143
22146
22149
22150
22160
22166
22172
22173
22174
22175
22184
22185
22188
22189
22193
22195
22197
22198
22200
22208
22210
22213
22216
22218
22219
22221
22225
22230
22233
22235
22236
22238
22240
22244
22246
22247
22248
22251
22253
22255
22257
22259
22264
22268
22276
22281
22283
22289
22291
22292
22295
22298
22304
22308
22310
22311
22313
22314
22315
22316
22323
22325
22328
22331
22332
22337
22343
22375
22378
22388
22411
22439
22441
22447
22449
22507
22520
22535
22556
22612
22635
22673
22675
22677
22680
22681
22691
22692
22713
22737
22754
22772
22781
22787
22792
22794
22795
22797
22802
22809
22811
22812
22813
22814
22818
22819
22821
22822
22823
22824
22827
22830
22836
22838
22839
22841
22845
22850
22857
22859
22862
22865
22866
22868
22870
22873
22874
22878
22893
22898
22900
22911
22912
22916
22920
22926
22929
22931
22936
22937
22947
22951
22954
22958
22962
22965
22976
22991
22993
23001
23008
23011
23021
23027
23029
23030
23037
23038
23041
23043
23047
23049
23058
23060
23061
23064
23065
23067
23072
23074
23076
23078
23079
23081
23085
23086
23087
23104
23108
23113
23119
23122
23125
23134
23139
23145
23152
23161
23165
23168
23169
23177
23180
23182
23184
23185
23188
23192
23195
23200
23201
23203
23204
23207
23209
23212
23221
23225
23226
23228
23229
23235
23239
23241
23242
23246
23249
23250
23257
23258
23260
23262
23264
23266
23274
23275
23278
23281
23285
23287
23293
23296
23297
23298
23299
23303
23306
23308
23310
23319
23320
23326
23330
23333
23335
23340
23341
23347
23348
23351
23355
23357
23360
23363
23366
23374
23378
23381
23384
23387
23389
23390
23392
23399
23400
23403
23405
23407
23409
23410
23412
23413
23418
23420
23423
23424
23425
23436
23442
23443
23452
23488
23491
23492
23495
23499
23504
23505
23507
23510
23518
23533
23597
23604
23612
23616
23625
23631
23634
23635
23638
23639
23641
23642
23644
23648
23650
23654
23656
23658
23662
23667
23673
23732
23735
23738
23777
23779
23782
23783
23785
23787
23788
23791
23793
23794
23799
23802
23809
23811
23814
23816
23823
23825
23826
23827
23829
23830
23837
23840
23843
23852
23855
23860
23863
23864
23867
23868
23870
23874
23877
23898
23910
23930
23931
23933
23936
23937
23938
23941
23942
23970
23972
23977
23978
23984
23989
23992
24002
24010
24013
24016
24078
24081
24112
24140
24166
24175
24191
24207
24209
24227
24290
24322
24335
24360
24432
24443
24463
24520
24527
24555
24557
24560
24563
24565
24566
24569
24571
24575
24578
24581
24584
24585
24594
24599
24604
24606
24611
24639
24703
24711
24713
24719
24722
24724
24725
24726
24727
24728
24729
24733
24737
24740
24741
24759
24764
24769
24771
24772
24776
24780
24782
24785
24787
24789
24790
24794
24796
24800
24801
24804
24807
24817
24819
24820
24825
24827
24830
24831
24838
24841
24843
24844
24845
24847
24849
24852
24853
24854
24857
24862
24864
24867
24871
24872
24874
24877
24881
24884
24886
24887
24888
24893
24897
24898
24899
24901
24903
24906
24908
24911
24912
24915
24916
24918
24920
24922
24923
24924
24927
24932
24934
24935
24940
24942
24943
24945
24948
24951
24953
24956
24960
24965
24971
24973
24977
24978
24981
24984
24986
25005
25009
25010
25012
25035
25045
25048
25049
25050
25053
25055
25057
25063
25068
25071
25075
25077
25079
25085
25087
25088
25089
25118
25127
25136
25142
25152
25155
25156
25163
25165
25166
25169
25172
25174
25176
25183
25185
25191
25197
25199
25202
25204
25205
25206
25208
25210
25213
25215
25218
25222
25224
25227
25228
25233
25236
25239
25240
25242
25244
25245
25289
25307
25327
25340
25359
25360
25361
25377
25392
25400
25402
25410
25412
25418
25419
25421
25423
25425
25427
25428
25429
25432
25434
25437
25440
25441
25443
25445
25450
25451
25452
25453
25455
25456
25459
25462
25463
25464
25466
25468
25469
25470
25471
25473
25475
25476
25480
25482
25486
25490
25493
25495
25497
25501
25503
25506
25509
25512
25514
25515
25519
25520
25524
25525
25526
25528
25529
25537
25538
25541
25543
25544
25545
25548
25550
25553
25554
25555
25560
25561
25563
25566
25574
25579
25580
25581
25583
25584
25587
25590
25591
25592
25594
25596
25598
25600
25605
25606
25607
25609
25610
25612
25613
25614
25617
25618
25620
25621
25624
25625
25628
25630
25631
25635
25637
25646
25669
25670
25672
25674
25678
25679
25682
25687
25690
25693
25696
25701
25702
25706
25707
25718
25723
25731
25748
25762
25765
25768
25769
25776
25815
25840
25857
25869
25886
25896
25898
25900
25905
25908
25910
25911
25913
25914
25917
25921
25924
25926
25927
25937
25939
25943
25947
25950
25953
25954
25955
25959
25964
25969
25970
25975
25978
25982
25986
25987
25990
25996
25999
26004
26024
26027
26028
26029
26033
26055
26064
26096
26103
26104
26108
26109
26142
26148
26161
26180
26183
26186
26188
26189
26191
26198
26201
26203
26207
26209
26214
26249
26274
26279
26285
26317
26319
26320
26322
26327
26330
26333
26353
26360
26368
26401
26407
26411
26414
26435
26454
26457
26458
26460
26463
26470
26472
26473
26475
26476
26480
26490
26491
26492
26494
26495
26497
26501
26503
26508
26513
26515
26516
26518
26522
26525
26526
26527
26529
26531
26535
26536
26538
26543
26544
26549
26551
26553
26556
26558
26568
26572
26574
26578
26579
26583
26585
26594
26596
26600
26601
26604
26606
26607
26611
26613
26614
26618
26621
26622
26623
26626
26627
26630
26631
26635
26638
26642
26643
26645
26647
26649
26650
26659
26661
26662
26664
26665
26667
26671
26673
26674
26676
26688
26708
26714
26719
26734
26739
26749
26770
26779
26842
26851
26861
26871
26889
26894
26896
26897
26898
26899
26902
26904
26905
26908
26914
26925
26928
26930
26935
26938
26942
26943
26945
26947
26950
26960
26963
26964
26967
26969
26973
26976
26978
26982
26992
26993
26995
26997
27000
27002
27005
27007
27009
27012
27014
27016
27018
27024
27027
27030
27031
27033
27037
27040
27043
27044
27046
27047
27049
27050
27052
27055
27057
27060
27062
27064
27065
27067
27068
27069
27073
27074
27076
27077
27079
27082
27085
27090
27093
27095
27096
27097
27098
27105
27106
27107
27108
27110
27112
27117
27119
27120
27123
27126
27128
27129
27130
27131
27132
27135
27137
27139
27142
27143
27144
27145
27146
27147
27148
27150
27151
27156
27158
27165
27167
27171
27172
27174
27179
27181
27184
27185
27188
27189
27190
27193
27198
27199
27204
27205
27210
27215
27216
27217
27220
27224
27227
27232
27237
27239
27240
27243
27245
27249
27253
27258
27261
27262
27264
27268
27272
27275
27278
27280
27282
27286
27287
27293
27295
27298
27301
27302
27304
27305
27309
27310
27311
27313
27318
27319
27320
27322
27324
27326
27333
27340
27342
27344
27349
27372
27381
27397
27407
27428
27434
27446
27450
27451
27489
27494
27496
27498
27501
27502
27504
27505
27509
27511
27516
27517
27535
27547
27561
27562
27564
27566
27568
27569
27570
27571
27574
27576
27581
27585
27587
27590
27595
27598
27600
27602
27603
27605
27606
27607
27614
27616
27624
27628
27629
27631
27633
27638
27650
27668
27704
27751
27762
27766
27805
27818
27820
27830
27831
27836
27854
27858
27866
27869
27871
27874
27875
27876
27883
27884
27885
27887
27889
27894
27896
27899
27901
27903
27904
27912
27913
27916
27918
27928
27930
27931
27932
27936
27941
27944
27949
27954
27956
27960
27967
27970
27974
27975
27979
28007
28012
28014
28016
28022
28025
28026
28027
28028
28033
28075
28077
28087
28105
28111
28117
28143
28150
28159
28189
28214
28223
28235
28238
28240
28250
28269
28279
28352
28368
28374
28377
28378
28379
28380
28382
28385
28387
28389
28395
28398
28405
28451
28453
28455
28458
28459
28460
28466
28467
28470
28522
28547
28588
28593
28613
28614
28616
28618
28619
28622
28623
28625
28627
28629
28634
28636
28638
28639
28641
28643
28646
28654
28655
28656
28659
28661
28662
28665
28666
28669
28670
28671
28673
28675
28680
28681
28684
28711
28713
28729
28730
28770
28779
28799
28803
28804
28805
28822
28828
28840
28867
28902
28904
28960
28964
28983
29017
29018
29020
29026
29027
29028
29090
29091
29093
29096
29112
29162
29170
29175
29177
29213
29246
29261
29268
29273
29295
29302
29305
29338
29347
29372
29375
29388
29402
29406
29408
29409
29411
29414
29419
29421
29425
29426
29430
29433
29434
29438
29440
29443
29445
29446
29447
29448
29451
29452
29453
29458
29462
29464
29469
29470
29474
29478
29481
29483
29488
29489
29494
29496
29499
29500
29502
29505
29509
29512
29513
29516
29519
29522
29529
29532
29533
29540
29542
29545
29547
29554
29561
29564
29565
29566
29568
29569
29570
29575
29578
29580
29583
29585
29589
29590
29592
29593
29596
29597
29600
29601
29602
29607
29608
29610
29611
29615
29616
29617
29622
29624
29627
29629
29633
29636
29639
29643
29644
29648
29688
29748
29773
29793
29801
29810
29826
29829
29831
29833
29835
29836
29837
29839
29841
29842
29845
29847
29850
29851
29856
29881
29917
29949
29953
29955
29966
29967
29976
29977
29978
29980
29981
29983
29984
29986
29988
29991
29993
29995
29996
29999
30004
30013
30018
30021
30023
30024
30026
30028
30031
30034
30037
30040
30041
30054
30057
30059
30062
30068
30069
30073
30074
30077
30080
30084
30095
30099
30100
30101
30106
30107
30110
30112
30113
30115
30116
30124
30128
30142
30144
30146
30150
30161
30166
30168
30172
30173
30175
30176
30178
30179
30180
30181
30182
30184
30185
30186
30192
30194
30195
30197
30199
30201
30203
30205
30207
30208
30210
30211
30213
30214
30216
30219
30222
30223
30225
30227
30229
30231
30233
30238
30239
30240
30243
30247
30249
30252
30254
30256
30259
30262
30287
30309
30332
30341
30359
30387
30388
30391
30392
30395
30396
30398
30456
30459
30467
30482
30523
30529
30557
30560
30563
30566
30577
30595
30608
30614
30617
30619
30622
30626
30629
30650
30657
30679
30681
30682
30692
30719
30740
30766
30768
30773
30775
30776
30778
30781
30782
30785
30791
30793
30794
30808
30809
30810
30812
30814
30817
30824
30827
30832
30837
30840
30844
30853
30854
30860
30863
30865
30867
30869
30870
30872
30874
30875
30877
30881
30883
30885
30887
30888
30891
30892
30894
30895
30897
30898
30899
30903
30905
30910
30915
30916
30919
30921
30923
30925
30930
30931
30935
30941
30942
30944
30948
30951
30958
30965
30992
31008
31014
31018
31021
31023
31027
31030
31036
31042
31044
31047
31049
31050
31052
31056
31057
31059
31062
31064
31070
31076
31080
31082
31084
31087
31088
31091
31092
31099
31101
31107
31109
31112
31114
31116
31117
31119
31122
31124
31126
31128
31132
31134
31136
31138
31140
31150
31152
31153
31156
31160
31162
31167
31169
31170
31172
31174
31175
31178
31179
31180
31181
31182
31183
31188
31192
31193
31195
31197
31199
31200
31201
31203
31206
31208
31236
31246
31248
31249
31250
31255
31259
31263
31269
31270
31273
31278
31282
31286
31288
31289
31293
31301
31304
31316
31319
31321
31322
31324
31327
31328
31344
31355
31372
31377
31404
31406
31408
31412
31413
31415
31416
31417
31419
31425
31426
31427
31432
31434
31437
31438
31441
31452
31453
31460
31465
31468
31477
31481
31488
31490
31491
31492
31494
31498
31499
31504
31507
31514
31521
31528
31529
31531
31532
31616
31623
31667
31682
31684
31685
31688
31690
31694
31695
31696
31699
31701
31704
31706
31709
31716
31719
31723
31724
31725
31728
31729
31731
31738
31745
31750
31755
31756
31757
31759
31766
31771
31774
31775
31776
31785
31788
31789
31793
31795
31797
31798
31802
31808
31809
31815
31816
31822
31826
31829
31839
31843
31848
31850
31852
31855
31859
31861
31863
31865
31867
31868
31870
31872
31876
31881
31882
31883
31884
31887
31904
31916
31920
31921
31925
31926
31928
31929
31930
31932
31933
31934
31936
31937
31938
31940
31942
31945
31946
31947
31948
31952
31954
31956
31957
31963
31975
31985
31989
31990
31992
31994
31996
32000
32001
32003
32004
32006
32007
32011
32015
32016
32017
32022
32024
32026
32027
32030
32031
32033
32034
32035
32037
32039
32041
32043
32047
32048
32049
32061
32067
32081
32082
32084
32085
32088
32090
32092
32096
32097
32100
32102
32105
32108
32110
32113
32116
32120
32122
32123
32125
32128
32130
32133
32134
32135
32136
32139
32142
32143
32144
32145
32147
32150
32151
32154
32156
32162
32168
32170
32176
32179
32182
32186
32187
32198
32205
32212
32217
32220
32222
32228
32238
32241
32245
32251
32252
32254
32256
32259
32265
32266
32289
32290
32300
32317
32320
32355
32383
32415
32419
32423
32427
32428
32431
32434
32438
32483
32492
32530
32537
32552
32559
32560
32571
32572
32574
32578
32581
32583
32584
32585
32589
32591
32595
32602
32604
32606
32613
32614
32615
32618
32620
32621
32624
32625
32627
32628
32629
32631
32634
32636
32637
32640
32641
32642
32649
32650
32654
32657
32661
32662
32668
32670
32671
32676
32679
32690
32697
32699
32702
32704
32705
32708
32710
32711
32714
32718
32719
32722
32723
32729
32730
32732
32735
32740
32741
32742
32749
32751
32753
32755
32756
32757
32759
32760
32768
32771
32775
32782
32786
32789
32791
32792
32793
32794
32800
32801
32802
32805
32806
32811
32821
32823
32826
32829
32835
32842
32844
32845
32852
32867
32871
32872
32873
32875
32876
32877
32879
32884
32888
32894
32896
32899
32904
32906
32909
32910
32914
32915
32917
32918
32924
32926
32931
32933
32934
32937
32938
32941
32947
32949
32952
32953
32956
32961
32962
32964
32966
32967
32969
32970
32971
32974
32979
32981
32982
32984
32987
32988
32989
32990
32992
32996
32998
33000
33002
33004
33006
33008
33011
33013
33015
33018
33019
33020
33024
33025
33028
33031
33034
33035
33038
33039
33040
33042
33044
33045
33047
33049
33050
33051
33055
33058
33059
33060
33063
33066
33068
33070
33071
33072
33074
33075
33077
33079
33080
33084
33101
33126
33129
33130
33134
33136
33137
33145
33146
33156
33184
33214
33257
33266
33270
33285
33309
33320
33333
33337
33353
33355
33363
33365
33369
33373
33377
33378
33380
33381
33383
33385
33388
33390
33395
33399
33401
33404
33408
33409
33411
33413
33414
33416
33422
33470
33505
33524
33527
33538
33548
33569
33570
33577
33579
33583
33615
33698
33713
33715
33726
33727
33745
33751
33792
33869
33880
33890
33966
34033
34075
34077
34084
34085
34087
34089
34092
34097
34104
34105
34114
34117
34118
34123
34126
34128
34129
34130
34131
34191
34230
34256
34293
34302
34377
34387
34396
34430
34436
34446
34449
34452
34463
34470
34472
34477
34494
34502
34503
34507
34512
34513
34516
34517
34519
34521
34524
34526
34527
34528
34530
34532
34534
34536
34537
34540
34542
34543
34545
34548
34574
34579
34581
34583
34587
34618
34631
34670
34674
34690
34701
34706
34708
34727
34741
34769
34789
34892
34900
34924
34932
34941
34953
34954
34969
34972
34989
34992
35031
35043
35047
35058
35064
35070
35072
35073
35074
35081
35082
35084
35085
35088
35090
35093
35095
35096
35101
35104
35105
35110
35111
35112
35113
35119
35121
35125
35128
35129
35142
35145
35147
35149
35151
35160
35161
35164
35168
35169
35178
35180
35187
35191
35201
35203
35206
35209
35211
35215
35216
35227
35238
35241
35255
35261
35277
35278
35280
35281
35282
35285
35286
35289
35291
35294
35296
35299
35301
35302
35303
35305
35308
35314
35316
35319
35320
35327
35328
35334
35337
35338
35340
35348
35369
35374
35376
35379
35385
35387
35394
35395
35397
35399
35403
35404
35405
35406
35411
35412
35413
35415
35418
35420
35428
35432
35434
35435
35437
35439
35441
35442
35448
35509
35518
35520
35522
35527
35531
35555
35556
35557
35567
35593
35594
35603
35616
35622
35626
35684
35695
35705
35708
35710
35711
35712
35713
35715
35716
35723
35743
35757
35761
35825
35828
35829
35834
35841
35843
35879
35911
35916
35919
35920
35921
35922
35926
35927
35928
35938
35940
35941
35944
35946
35950
35951
35953
35956
35974
36023
36026
36101
36103
36119
36121
36125
36149
36156
36163
36174
36186
36203
36214
36221
36276
36283
36284
36288
36289
36292
36295
36297
36301
36303
36327
36348
36356
36376
36387
36417
36504
36506
36507
36542
36548
36572
36599
36600
36605
36610
36611
36616
36622
36627
36629
36631
36634
36636
36643
36700
36714
36715
36789
36820
36821
36827
36913
36937
36984
37032
37049
37081
37109
37119
37146
37172
37208
37217
37248
37252
37254
37259
37261
37269
37271
37273
37298
37299
37303
37314
37342
37363
37379
37420
37458
37471
37478
37479
37515
37554
37555
37559
37614
37636
37667
37672
37675
37690
37727
37736
37749
37761
37771
37783
37815
37820
37822
37868
37902
37932
37941
37952
37956
37967
37989
38010
38011
38013
38015
38016
38020
38022
38026
38028
38029
38031
38036
38038
38044
38048
38050
38054
38058
38059
38064
38065
38069
38077
38081
38083
38085
38086
38092
38117
38122
38150
38151
38167
38169
38175
38178
38187
38191
38194
38199
38205
38211
38213
38217
38227
38230
38231
38233
38240
38241
38246
38272
38273
38275
38280
38287
38295
38297
38300
38305
38316
38317
38319
38320
38323
38324
38330
38332
38334
38377
38412
38425
38448
38464
38477
38481
38483
38485
38487
38491
38492
38494
38497
38500
38502
38504
38506
38508
38512
38514
38515
38519
38520
38522
38525
38527
38531
38535
38536
38538
38542
38545
38552
38554
38555
38558
38566
38569
38572
38576
38579
38581
38583
38584
38585
38591
38594
38596
38599
38600
38603
38604
38606
38609
38614
38616
38617
38620
38623
38625
38636
38643
38646
38649
38657
38662
38664
38670
38700
38704
38708
38711
38713
38716
38718
38719
38736
38737
38741
38743
38747
38748
38749
38750
38754
38756
38757
38764
38766
38767
38772
38773
38774
38776
38780
38783
38788
38791
38797
38801
38806
38814
38816
38820
38822
38824
38825
38827
38828
38830
38834
38839
38845
38846
38850
38851
38854
38859
38860
38863
38868
38873
38875
38878
38885
38889
38891
38896
38899
38901
38907
38908
38909
38911
38915
38921
38922
38926
38927
38929
38930
38931
38936
38941
38942
38943
38944
38945
38947
38950
38951
38952
38953
38959
38962
38964
38965
38966
38967
38968
38969
38971
38972
38973
38978
38979
38982
38984
38985
38986
38987
38994
38996
38998
38999
39005
39006
39008
39015
39018
39021
39023
39030
39032
39033
39045
39050
39056
39061
39069
39106
39117
39155
39170
39203
39232
39303
39320
39350
39365
39377
39380
39484
39485
39486
39490
39493
39505
39520
39527
39530
39532
39534
39537
39539
39546
39566
39613
39616
39658
39664
39688
39690
39695
39697
39699
39701
39707
39708
39709
39716
39718
39723
39726
39728
39735
39736
39738
39739
39743
39744
39746
39753
39755
39756
39759
39769
39802
39824
39850
39875
39878
39880
39882
39894
39898
39901
39902
39906
39909
39911
39917
39929
39937
39948
39952
39954
39956
39960
39971
39974
39975
39994
40001
40002
40013
40024
40026
40029
40033
40058
40084
40144
40147
40157
40160
40198
40202
40204
40206
40209
40210
40214
40222
40224
40226
40230
40233
40235
40239
40255
40258
40260
40264
40269
40271
40275
40279
40347
40348
40355
40356
40358
40369
40371
40388
40399
40410
40427
40468
40521
40580
40583
40588
40596
40601
40652
40658
40663
40678
40683
40701
40703
40711
40717
40727
40731
40774
40809
40855
40896
40915
41001
41034
41039
41041
41042
41045
41046
41049
41050
41054
41057
41063
41065
41067
41072
41074
41076
41077
41079
41085
41087
41092
41096
41098
41099
41111
41114
41117
41119
41121
41122
41123
41187
41221
41274
41275
41280
41311
41352
41429
41432
41434
41435
41440
41441
41443
41449
41452
41456
41458
41466
41469
41470
41472
41475
41476
41481
41484
41485
41489
41490
41493
41496
41498
41503
41505
41508
41509
41513
41519
41523
41525
41527
41529
41530
41531
41532
41535
41541
41544
41547
41551
41552
41554
41561
41562
41563
41572
41665
41685
41693
41776
41779
41821
41822
41824
41826
41830
41849
41892
41916
41962
42010
42035
42043
42051
42062
42064
42069
42071
42072
42073
42076
42080
42082
42085
42092
42109
42132
42170
42209
42217
42224
42238
42241
42273
42299
42317
42372
42374
42377
42382
42413
42420
42446
42455
42459
42464
42465
42467
42469
42470
42474
42476
42481
42484
42485
42487
42489
42493
42497
42499
42503
42505
42506
42507
42509
42511
42517
42519
42521
42524
42528
42530
42534
42538
42539
42542
42543
42548
42550
42552
42556
42558
42559
42565
42569
42575
42578
42579
42581
42582
42591
42593
42596
42597
42603
42606
42608
42611
42614
42618
42620
42621
42623
42628
42630
42632
42634
42640
42643
42645
42650
42651
42652
42656
42658
42659
42662
42666
42668
42670
42673
42675
42679
42682
42687
42695
42697
42698
42705
42708
42709
42711
42712
42718
42722
42724
42732
42736
42739
42743
42748
42754
42761
42762
42763
42765
42770
42772
42774
42776
42779
42780
42784
42790
42791
42792
42794
42796
42798
42803
42806
42808
42809
42812
42813
42815
42816
42818
42825
42827
42829
42836
42838
42841
42846
42847
42853
42856
42857
42859
42862
42863
42865
42867
42871
42872
42875
42876
42880
42881
42885
42891
42894
42896
42897
42900
42903
42904
42906
42908
42910
42914
42918
42929
42943
42946
42967
42989
42994
43007
43098
43102
43106
43107
43145
43154
43165
43185
43201
43238
43241
43243
43259
43298
43307
43315
43336
43370
43410
43467
43504
43516
43556
43585
43617
43637
43658
43659
43685
43697
43701
43703
43705
43707
43715
43720
43723
43730
43731
43737
43738
43739
43747
43755
43760
43764
43767
43769
43774
43777
43781
43790
43794
43795
43798
43807
43808
43813
43816
43825
43826
43827
43828
43832
43833
43835
43836
43840
43844
43847
43851
43852
43857
43859
43864
43868
43869
43870
43871
43875
43878
43880
43885
43888
43891
43895
43899
43901
43903
43906
43908
43909
43912
43913
43915
43918
43920
43923
43927
43936
43937
43939
43943
43945
43947
43949
43952
43954
43956
43959
43960
43964
43970
43971
43975
43976
43980
43985
43986
43988
43989
43990
43992
43993
43995
43999
44004
44008
44010
44011
44012
44014
44015
44017
44021
44023
44024
44025
44032
44037
44038
44042
44047
44049
44051
44052
44055
44057
44064
44098
44102
44105
44146
44174
44218
44226
44233
44237
44243
44254
44256
44309
44359
44375
44407
44410
44450
44478
44522
44560
44653
44662
44775
44805
44822
44863
44873
44875
44876
44877
44879
44881
44882
44890
44935
44943
44948
44997
45001
45007
45033
45038
45044
45050
45072
45093
45095
45098
45102
45118
45123
45131
45146
45147
45149
45157
45160
45163
45168
45181
45218
45223
45234
45239
45262
45283
45292
45299
45302
45332
45343
45351
45446
45479
45525
45556
45568
45609
45611
45723
45736
45850
45852
45877
45878
45889
45890
45892
45894
45905
45921
45923
45926
45932
45938
46046
46047
46049
46052
46055
46056
46057
46062
46069
46073
46074
46076
46079
46081
46083
46089
46116
46123
46127
46128
46213
46216
46217
46227
46229
46230
46238
46242
46243
46250
46275
46459
46492
46529
46534
46537
46540
46545
46559
46560
46585
46612
46648
46722
46772
46788
46806
46810
46813
46823
46914
46957
46966
47046
47097
47098
47105
47106
47108
47142
47195
47236
47260
47265
47284
47310
47313
47352
47364
47395
47413
47414
47453
47506
47537
47542
47571
47573
47603
47630
47636
47684
47723
47752
47767
47826
47853
47857
47940
47945
47956
47981
48002
48023
48036
48041
48049
48050
48074
48106
48111
48138
48144
48154
48174
48177
48212
48261
48287
48288
48292
48299
48307
48308
48309
48311
48317
48323
48330
48331
48334
48335
48338
48349
48434
48436
48446
48459
48495
48499
48501
48514
48536
48539
48579
48594
48621
48667
48670
48671
48679
48681
48684
48690
48693
48696
48697
48698
48703
48704
48705
48758
48765
48825
48836
48839
48915
48926
48937
48939
48967
48977
48986
48996
49165
49190
49220
49243
49261
49307
49333
49351
49376
49418
49421
49456
49480
49503
49510
49517
49518
49533
49572
49597
49608
49614
49634
49648
49673
49679
49703
49708
49790
49801
49856
49945
49950
49954
49958
49962
49963
49965
49968
49969
49971
49976
49985
49986
49991
49994
49996
50004
50005
50007
50009
50010
50013
50020
50023
50027
50029
50031
50035
50037
50039
50041
50044
50048
50051
50053
50055
50056
50059
50062
50086
50179
50271
50300
50305
50322
50326
50337
50358
50363
50375
50376
50405
50452
50508
50510
50514
50541
50553
50573
50576
50577
50590
50597
50611
50615
50634
50638
50639
50642
50670
50677
50689
50791
50792
50811
50813
50817
50818
50871
50883
50940
50956
50994
51101
51181
51230
51241
51244
51281
51294
51343
51344
51345
51346
51354
51359
51366
51397
51429
51431
51434
51521
51533
51611
51634
51646
51647
51656
51662
51664
51665
51699
51713
51719
51731
51753
51776
51791
51800
51810
51816
51820
51834
51851
51882
51885
51895
51898
51902
51913
51915
51918
51920
51923
51927
51933
51937
51940
51941
51947
51949
51951
51957
51960
51967
51972
51973
51984
51988
51989
52007
52011
52013
52016
52215
52238
52244
52257
52358
52396
52483
52562
52567
52633
52655
52678
52723
52737
52764
52778
52813
52913
52944
52979
53076
53110
53118
53196
53274
53306
53412
53445
53460
53499
53502
53509
53522
53543
53590
53740
53746
53767
53771
53772
53773
53779
53796
53804
53805
53808
53815
53850
53859
53872
53900
53904
53912
53973
53990
54004
54009
54012
54021
54051
54080
54093
54137
54240
54246
54264
54346
54380
54408
54430
54445
54448
54451
54454
54456
54458
54460
54462
54465
54467
54468
54469
54471
54473
54484
54522
54555
54561
54575
54602
54607
54646
54654
54659
54705
54708
54729
54745
54750
54753
54754
54755
54758
54761
54762
54763
54768
54794
54878
54987
55010
55028
55043
55112
55113
55133
55173
55177
55193
55215
55217
55244
55371
55401
55403
55405
55428
55453
55520
55527
55529
55530
55542
55575
55582
55726
55779
55792
55805
55812
55824
55825
55826
55882
55885
55955
56013
56089
56106
56107
56170
56173
56217
56253
56254
56256
56259
56288
56289
56293
56295
56296
56300
56308
56309
56317
56320
56323
56330
56331
56333
56345
56356
56357
56372
56460
56482
56487
56488
56491
56499
56502
56503
56507
56513
56514
56516
56520
56522
56594
56597
56636
56640
56666
56684
56721
56764
56796
56811
56823
56857
56966
57000
57026
57029
57096
57105
57124
57126
57137
57215
57265
57286
57340
57428
57442
57473
57546
57587
57618
57641
57666
57691
57728
57739
57842
57845
57859
57898
57909
57912
57921
57922
58027
58054
58087
58096
58119
58150
58181
58214
58229
58284
58409
58421
58424
58425
58444
58447
58451
58474
58486
58494
58507
58509
58517
58528
58531
58534
58537
58548
58550
58551
58557
58560
58565
58567
58569
58570
58572
58593
58605
58608
58623
58659
58697
58752
58761
58767
58769
58789
58792
58796
58798
58810
58902
58992
59007
59037
59086
59115
59153
59183
59197
59260
59329
59366
59385
59397
59402
59404
59406
59407
59413
59417
59418
59451
59481
59484
59513
59543
59553
59561
59682
59715
59751
59752
59780
59785
59787
59790
59791
59797
59799
59800
59801
59897
59962
60117
60131
60139
60142
60146
60147
60148
60150
60151
60155
60162
60167
60168
60172
60173
60175
60189
60271
60371
60417
60426
60437
60519
60555
60614
60657
60662
60668
60672
60675
60689
60691
60706
60709
60720
60724
60741
60746
60760
60766
60775
60778
60780
60783
60784
60786
60795
60800
60804
60818
60828
60830
60845
60852
60900
60910
60936
60978
60988
61032
61214
61231
61268
61305
61368
61411
61443
61529
61606
61607
61610
61689
61690
61697
61733
61739
61748
61765
61783
61808
61822
61839
61975
61981
62081
62186
62218
62246
62264
62281
62328
62336
62378
62395
62404
62406
62540
62541
62560
62621
62724
62761
62800
62840
62871
63008
63012
63026
63034
63063
63108
63123
63201
63232
63269
63371
63418
63448
63460
63501
63509
63522
63614
63687
63716
63765
63786
63797
63876
63950
63951
63977
63983
64036
64042
64052
64101
64123
64202
64207
64455
64487
64518
64614
64632
64638
64730
64749
64785
64817
64874
64913
64918
64940
65152
65233
65266
65270
65273
65275
65277
65282
65286
65292
65298
65300
65302
65305
65306
65312
65313
65315
65318
65319
65326
65331
65335
65336
65343
65347
65350
65366
65417
65611
65634
65763
65866
65910
65912
65972
65992
65996
65998
65999
66015
66043
66054
66123
66169
66217
66267
66308
66310
66313
66319
66321
66323
66326
66330
66331
66335
66409
66472
66483
66549
66584
66585
66587
66631
66635
66657
66691
66831
66845
66936
67025
67061
67103
67257
67282
67297
67343
67462
67621
67707
67805
67837
67844
67846
67849
67855
67865
67867
68138
68194
68232
68265
68490
68520
68581
68582
68589
68683
68845
68946
68984
69024
69032
69091
69131
69183
69220
69258
69294
69429
69443
69556
69567
69568
69570
69579
69580
69603
69634
69640
69745
69747
69807
69909
70084
70211
70226
70262
70288
70313
70321
70327
70330
70331
70348
70349
70352
70353
70365
70396
70427
70434
70497
70499
70500
70502
70541
70562
70594
70623
70631
70632
70693
70927
70929
70962
70993
71009
71012
71023
71029
71030
71051
71081
71111
71150
71305
71393
71486
71612
71651
71748
71754
71768
71796
71966
71974
71976
71977
71978
72099
72102
72158
72269
72272
72275
72276
72413
72557
72736
72776
72781
72782
72784
72785
72787
72789
72792
72793
72794
72796
72981
73057
73060
73061
73062
73064
73066
73067
73078
73083
73086
73088
73266
73281
73306
73383
73395
73396
73458
73471
73535
73619
73704
73769
73779
73781
73783
73788
73790
73794
73797
73799
73801
73804
73805
73818
73824
73832
73921
73995
74057
74060
74141
74188
74204
74252
74305
74309
74320
74322
74324
74328
74330
74333
74334
74337
74341
74347
74349
74351
74354
74355
74356
74358
74361
74362
74368
74369
74372
74377
74443
74465
74542
74600
74646
74882
74892
75013
75120
75161
75207
75225
75247
75336
75375
75533
75725
76047
76106
76110
76258
76551
76552
76555
76559
76565
76569
76583
76586
76593
76599
76603
76608
76610
76612
76613
76614
76617
76620
76623
76625
76632
76636
76648
76652
76683
76706
76899
77115
77147
77300
77461
77515
77553
77588
77608
77664
77778
77814
77822
77904
78078
78150
78268
78351
78429
78601
78681
78685
78689
78691
78693
78698
78700
78703
78707
78714
78716
78722
78731
78732
78736
78738
78739
78741
78745
78749
78750
78752
78753
78755
78757
78877
79192
79395
79450
79474
79475
79476
79486
79493
79642
79644
79817
79984
