0
0
6
8
10
47
51
57
59
66
71
72
76
78
79
80
166
172
189
192
195
204
214
215
217
219
221
222
223
229
230
234
238
239
242
246
276
282
407
417
420
474
554
570
581
630
666
675
691
698
705
737
739
741
743
745
747
748
752
753
757
758
760
790
791
792
793
795
797
802
803
804
806
810
817
821
823
826
827
830
831
834
837
839
843
846
847
849
859
860
861
865
866
868
869
871
872
877
880
882
883
886
890
892
893
895
898
899
905
907
908
911
912
917
918
919
923
924
927
931
934
939
940
944
947
949
956
958
962
963
965
973
984
1001
1036
1039
1073
1088
1091
1103
1104
1108
1109
1113
1114
1116
1117
1119
1120
1121
1127
1134
1146
1180
1181
1182
1184
1188
1190
1191
1194
1195
1197
1200
1202
1211
1215
1217
1219
1220
1233
1287
1296
1297
1308
1341
1348
1354
1364
1366
1367
1370
1372
1374
1377
1380
1381
1385
1386
1388
1391
1394
1398
1400
1401
1405
1407
1412
1418
1419
1423
1424
1426
1428
1429
1433
1436
1439
1440
1442
1444
1446
1449
1453
1454
1459
1460
1461
1465
1471
1472
1476
1484
1485
1487
1490
1493
1495
1497
1498
1500
1503
1505
1508
1509
1511
1513
1516
1518
1520
1521
1522
1523
1524
1529
1531
1532
1535
1537
1538
1541
1543
1545
1546
1554
1559
1560
1562
1567
1575
1577
1580
1583
1584
1585
1587
1590
1595
1598
1599
1602
1603
1604
1617
1621
1623
1625
1626
1630
1633
1634
1636
1639
1641
1646
1649
1654
1656
1658
1659
1661
1664
1666
1668
1671
1672
1676
1677
1680
1682
1683
1686
1689
1690
1692
1695
1697
1700
1705
1707
1710
1712
1714
1726
1727
1730
1732
1733
1741
1742
1745
1747
1748
1760
1775
1776
1778
1780
1786
1790
1793
1794
1795
1821
1822
1847
1865
1869
1871
1875
1879
1880
1882
1883
1891
1892
1895
1898
1903
1910
1913
1915
1916
1917
1922
1924
1925
1963
1995
2008
2009
2015
2017
2018
2021
2023
2025
2027
2034
2036
2037
2081
2116
2122
2123
2125
2127
2128
2130
2133
2135
2136
2138
2142
2144
2145
2147
2148
2151
2152
2154
2155
2158
2161
2162
2168
2169
2173
2177
2179
2181
2184
2185
2187
2189
2193
2194
2196
2201
2203
2205
2207
2208
2210
2212
2213
2214
2217
2220
2221
2222
2224
2225
2227
2228
2231
2234
2236
2237
2239
2242
2244
2247
2248
2249
2252
2254
2255
2256
2257
2258
2261
2265
2270
2274
2276
2278
2280
2282
2288
2289
2291
2292
2294
2296
2298
2299
2300
2309
2310
2311
2312
2313
2320
2322
2323
2325
2326
2328
2330
2332
2333
2335
2338
2343
2347
2348
2351
2353
2357
2359
2361
2363
2364
2367
2368
2372
2374
2377
2379
2380
2382
2383
2386
2392
2418
2422
2449
2460
2477
2495
2517
2518
2539
2541
2560
2562
2567
2573
2575
2578
2579
2580
2588
2617
2651
2666
2681
2688
2740
2745
2751
2757
2764
2768
2770
2771
2778
2779
2782
2787
2792
2796
2800
2804
2806
2807
2810
2814
2815
2818
2820
2825
2826
2829
2832
2833
2839
2844
2845
2846
2847
2848
2849
2851
2854
2856
2859
2865
2876
2891
2896
2897
2904
2907
2910
2913
2920
2928
2931
2936
2937
2943
2953
2958
2960
2963
2993
3001
3014
3016
3020
3023
3026
3033
3047
3049
3052
3067
3069
3075
3077
3078
3084
3086
3088
3090
3092
3093
3095
3100
3102
3105
3107
3108
3110
3115
3121
3160
3162
3163
3176
3189
3205
3214
3219
3229
3245
3252
3264
3266
3298
3302
3335
3368
3370
3372
3392
3395
3396
3403
3406
3408
3413
3416
3418
3425
3433
3435
3437
3449
3451
3453
3455
3491
3505
3506
3508
3510
3512
3513
3516
3517
3519
3550
3551
3552
3553
3555
3560
3564
3568
3575
3577
3579
3580
3588
3590
3618
3635
3640
3642
3643
3644
3645
3648
3649
3651
3655
3658
3659
3662
3663
3666
3668
3669
3670
3673
3676
3678
3680
3682
3684
3686
3687
3696
3724
3745
3775
3791
3792
3795
3807
3820
3829
3842
3865
3906
3959
3982
4046
4047
4048
4080
4093
4104
4154
4156
4165
4167
4221
4223
4225
4231
4233
4239
4289
4295
4336
4337
4349
4352
4355
4358
4360
4365
4368
4370
4371
4374
4377
4378
4379
4384
4385
4387
4388
4389
4393
4396
4397
4401
4404
4405
4409
4410
4411
4413
4414
4416
4420
4421
4422
4425
4426
4435
4436
4439
4443
4444
4447
4450
4453
4454
4458
4460
4464
4466
4468
4469
4471
4475
4477
4479
4487
4488
4489
4491
4493
4495
4496
4498
4499
4500
4503
4527
4558
4581
4597
4599
4600
4603
4604
4605
4607
4659
4660
4663
4670
4672
4676
4678
4680
4681
4696
4715
4723
4753
4783
4790
4812
4851
4853
4854
4856
4857
4859
4863
4864
4867
4902
4916
4956
4963
4965
4967
4969
4974
4979
4981
4982
4984
4987
4988
4990
4991
4996
4998
5001
5012
5013
5014
5017
5018
5028
5033
5054
5060
5064
5119
5124
5126
5131
5139
5143
5147
5158
5165
5198
5204
5207
5208
5210
5212
5219
5260
5269
5316
5331
5332
5338
5342
5343
5349
5361
5378
5491
5494
5499
5501
5503
5505
5506
5508
5509
5510
5511
5527
5528
5564
5566
5569
5571
5574
5582
5583
5585
5588
5590
5597
5598
5600
5601
5603
5604
5605
5609
5610
5612
5616
5618
5619
5621
5623
5624
5627
5630
5631
5632
5634
5636
5637
5642
5643
5646
5679
5683
5690
5693
5696
5699
5703
5705
5707
5712
5715
5723
5725
5727
5731
5737
5740
5741
5745
5753
5755
5759
5760
5761
5763
5771
5778
5782
5785
5787
5789
5790
5793
5797
5804
5805
5808
5809
5811
5812
5816
5820
5822
5823
5824
5826
5828
5829
5830
5831
5833
5845
5855
5859
5860
5862
5864
5865
5868
5871
5872
5874
5892
5916
5929
5933
5946
5967
5988
6028
6054
6055
6060
6061
6064
6065
6066
6068
6069
6070
6072
6076
6078
6079
6081
6083
6084
6088
6089
6095
6098
6100
6101
6102
6105
6106
6110
6111
6115
6116
6120
6121
6123
6124
6126
6127
6128
6130
6132
6134
6137
6140
6142
6146
6147
6150
6152
6156
6157
6159
6160
6161
6162
6164
6165
6168
6171
6173
6176
6178
6179
6180
6181
6184
6188
6189
6192
6195
6197
6198
6199
6200
6202
6204
6208
6210
6211
6215
6219
6221
6224
6225
6229
6276
6281
6300
6301
6305
6308
6310
6324
6330
6333
6334
6336
6337
6446
6463
6475
6515
6526
6548
6561
6577
6585
6587
6588
6592
6593
6601
6602
6603
6604
6609
6613
6627
6633
6634
6646
6708
6739
6746
6751
6752
6753
6754
6783
6812
6815
6817
6826
6884
6889
6890
6896
6905
6906
6986
6988
6990
6992
6994
6995
6997
7000
7002
7005
7008
7009
7011
7013
7014
7015
7017
7019
7022
7025
7027
7029
7030
7031
7036
7037
7038
7040
7042
7043
7045
7048
7049
7052
7053
7055
7058
7060
7061
7062
7065
7066
7067
7070
7072
7075
7078
7081
7111
7123
7127
7133
7134
7141
7150
7155
7158
7168
7179
7212
7245
7247
7250
7274
7276
7277
7280
7283
7286
7293
7296
7300
7309
7314
7318
7321
7322
7328
7330
7334
7336
7342
7349
7354
7357
7369
7380
7401
7402
7403
7405
7416
7421
7426
7427
7431
7437
7443
7444
7445
7447
7448
7452
7453
7455
7456
7458
7460
7472
7501
7502
7535
7548
7549
7552
7556
7557
7564
7566
7582
7622
7632
7653
7656
7658
7660
7661
7664
7665
7666
7668
7679
7680
7688
7748
7802
7835
7891
7907
7954
7998
8010
8053
8071
8073
8075
8076
8077
8080
8083
8084
8090
8099
8125
8132
8135
8139
8140
8142
8143
8146
8149
8151
8155
8156
8159
8162
8166
8168
8171
8172
8174
8176
8178
8182
8183
8186
8194
8198
8199
8202
8208
8209
8227
8247
8261
8269
8270
8272
8279
8306
8310
8313
8316
8317
8369
8389
8403
8417
8422
8426
8433
8438
8446
8449
8493
8494
8496
8498
8539
8543
8554
8556
8558
8560
8563
8566
8567
8607
8611
8614
8615
8651
8672
8684
8739
8745
8765
8776
8778
8780
8785
8788
8795
8801
8802
8803
8805
8808
8811
8815
8816
8823
8824
8826
8830
8833
8837
8843
8845
8850
8853
8855
8856
8858
8860
8862
8864
8865
8867
8871
8875
8879
8892
8896
8909
8910
8911
8931
8936
8943
8944
8958
8961
9011
9012
9018
9021
9026
9029
9032
9033
9036
9041
9044
9047
9053
9056
9065
9071
9072
9075
9077
9078
9079
9081
9083
9084
9085
9087
9088
9092
9094
9095
9098
9099
9111
9113
9116
9140
9156
9157
9159
9162
9165
9167
9194
9196
9200
9202
9204
9213
9215
9216
9223
9226
9231
9233
9236
9240
9241
9243
9246
9247
9251
9255
9260
9261
9264
9265
9269
9270
9273
9275
9276
9277
9282
9284
9286
9296
9301
9305
9307
9308
9309
9351
9370
9375
9431
9435
9442
9444
9445
9449
9451
9455
9457
9461
9463
9467
9469
9472
9475
9478
9481
9483
9484
9490
9494
9504
9507
9513
9514
9518
9521
9522
9527
9529
9532
9534
9538
9558
9568
9621
9628
9629
9631
9632
9642
9646
9650
9658
9659
9660
9662
9665
9666
9668
9670
9678
9683
9684
9688
9694
9695
9696
9697
9700
9704
9706
9709
9710
9712
9714
9719
9724
9735
9736
9737
9738
9742
9744
9747
9749
9751
9754
9755
9756
9758
9759
9760
9765
9767
9771
9773
9782
9783
9789
9792
9795
9797
9801
9803
9804
9808
9810
9814
9821
9823
9830
9831
9832
9835
9836
9838
9840
9842
9844
9846
9850
9851
9852
9855
9858
9859
9860
9862
9864
9870
9871
9874
9877
9880
9881
9885
9892
9896
9901
9902
9904
9912
9921
9924
9932
9934
9936
9940
9942
9943
9947
9948
9949
9951
9953
9955
9958
9961
9963
9965
9966
9967
9975
9977
9979
9981
9982
9990
10003
10006
10008
10016
10017
10019
10023
10024
10029
10030
10037
10038
10039
10040
10043
10107
10116
10152
10163
10165
10166
10167
10169
10170
10172
10175
10181
10184
10187
10188
10191
10197
10199
10200
10202
10204
10205
10206
10207
10208
10211
10214
10216
10217
10219
10223
10226
10228
10231
10232
10234
10238
10239
10240
10242
10244
10248
10249
10251
10254
10258
10259
10265
10266
10267
10268
10269
10271
10272
10291
10307
10373
10404
10405
10409
10416
10419
10420
10481
10527
10528
10532
10533
10535
10537
10540
10544
10546
10551
10552
10554
10555
10559
10566
10573
10576
10577
10579
10581
10584
10593
10599
10601
10602
10717
10718
10719
10723
10724
10726
10727
10728
10737
10741
10744
10747
10755
10759
10760
10761
10763
10767
10768
10781
10785
10787
10788
10789
10792
10795
10798
10815
10836
10838
10839
10843
10845
10847
10851
10854
10857
10861
10864
10868
10871
10874
10895
10940
10944
10945
10946
11054
11079
11107
11117
11126
11131
11137
11147
11176
11177
11181
11191
11192
11195
11198
11202
11204
11205
11206
11209
11211
11213
11215
11219
11220
11222
11227
11228
11229
11232
11234
11237
11240
11242
11243
11244
11247
11249
11250
11255
11259
11262
11269
11275
11276
11278
11279
11281
11283
11285
11289
11291
11294
11295
11297
11298
11300
11305
11309
11310
11312
11314
11316
11320
11323
11324
11340
11370
11371
11386
11408
11410
11420
11460
11473
11488
11491
11495
11497
11499
11502
11503
11504
11506
11507
11509
11533
11536
11550
11587
11588
11620
11642
11644
11646
11732
11795
11809
11828
11836
11844
11900
11923
11953
11997
12024
12025
12045
12051
12053
12056
12063
12064
12066
12067
12078
12084
12179
12243
12254
12340
12376
12379
12381
12404
12456
12458
12465
12468
12470
12472
12474
12476
12479
12480
12481
12489
12493
12495
12496
12497
12503
12513
12518
12531
12532
12534
12536
12538
12539
12544
12549
12552
12553
12555
12557
12562
12563
12566
12568
12572
12574
12578
12586
12667
12682
12684
12687
12692
12694
12710
12714
12741
12817
12824
12828
12832
12834
12835
12840
12841
12844
12856
12878
12883
12885
12898
12921
12944
12951
12964
12969
12985
13007
13017
13133
13153
13190
13192
13194
13197
13199
13206
13208
13209
13212
13214
13215
13220
13224
13227
13228
13229
13234
13242
13248
13336
13349
13362
13429
13435
13441
13450
13481
13558
13597
13625
13630
13631
13633
13652
13665
13678
13696
13756
13783
13786
13787
13790
13795
13888
13922
13961
14001
14009
14039
14041
14052
14055
14061
14063
14064
14076
14174
14179
14183
14187
14193
14196
14199
14204
14205
14209
14212
14214
14279
14280
14284
14310
14313
14376
14378
14380
14384
14403
14425
14459
14460
14466
14467
14477
14489
14506
14563
14564
14567
14573
14575
14580
14633
14635
14653
14661
14662
14663
14664
14680
14712
14714
14717
14724
14726
14728
14730
14731
14738
14755
14762
14777
14854
14855
14860
14866
14868
14870
14872
14875
14887
14888
14890
14892
14894
14896
14897
14901
14903
14920
14925
14926
14929
14930
14934
14969
14986
15046
15048
15057
15060
15061
15064
15093
15107
15116
15118
15120
15134
15149
15165
15201
15224
15227
15229
15263
15277
15281
15290
15293
15302
15308
15312
15316
15318
15319
15320
15321
15323
15324
15329
15330
15333
15336
15339
15342
15343
15347
15349
15350
15353
15355
15358
15359
15376
15377
15378
15389
15402
15432
15438
15441
15444
15447
15448
15449
15451
15454
15470
15473
15520
15561
15575
15583
15590
15599
15603
15610
15612
15614
15619
15632
15633
15677
15679
15682
15691
15695
15704
15710
15713
15715
15717
15721
15723
15725
15731
15734
15736
15737
15758
15780
15799
15840
15841
15912
15969
15970
15978
15984
15986
16029
16068
16108
16125
16127
16128
16135
16136
16137
16143
16148
16151
16153
16155
16162
16167
16170
16173
16182
16183
16186
16190
16191
16193
16194
16196
16197
16204
16209
16225
16227
16241
16247
16250
16252
16253
16255
16262
16264
16265
16271
16273
16347
16383
16384
16386
16401
16405
16410
16411
16414
16416
16417
16421
16424
16428
16430
16433
16437
16439
16484
16530
16597
16614
16622
16629
16631
16638
16640
16641
16643
16648
16650
16653
16655
16661
16664
16667
16668
16671
16673
16675
16676
16678
16679
16682
16683
16685
16689
16691
16696
16697
16711
16715
16720
16725
16729
16733
16734
16735
16737
16743
16762
16813
16819
16854
16877
16879
16881
16883
16886
16890
16892
16897
16900
16902
16906
16909
16913
16914
16917
16920
16921
16960
16961
16963
16964
16966
17007
17010
17035
17055
17074
17103
17109
17110
17113
17115
17125
17186
17198
17214
17246
17321
17330
17336
17464
17501
17599
17601
17617
17660
17662
17666
17671
17674
17678
17681
17683
17684
17686
17688
17689
17693
17695
17701
17704
17706
17708
17714
17716
17720
17722
17723
17726
17727
17730
17732
17739
17742
17743
17745
17747
17750
17754
17758
17763
17771
17775
17791
17800
17821
17822
17859
17922
17923
17935
17946
17969
17982
18056
18083
18089
18095
18128
18155
18215
18222
18225
18230
18231
18237
18240
18241
18243
18247
18251
18252
18255
18256
18259
18261
18265
18266
18268
18270
18275
18276
18340
18341
18343
18345
18355
18356
18379
18402
18436
18442
18444
18502
18512
18534
18564
18599
18615
18619
18632
18724
18774
18804
18848
18892
18951
18975
19101
19108
19109
19111
19112
19142
19144
19145
19163
19351
19354
19424
19428
19434
19494
19588
19598
19615
19620
19622
19624
19627
19629
19631
19634
19646
19647
19649
19650
19651
19654
19690
19735
19764
19836
19879
19918
19932
19956
19975
20003
20020
20138
20235
20260
20270
20275
20329
20368
20375
20423
20425
20428
20431
20458
20477
20512
20561
20620
20629
20630
20688
20755
20784
20785
20788
20793
20795
20803
20836
20849
20865
20921
20944
20951
21075
21110
21141
21143
21148
21213
21340
21344
21363
21365
21368
21373
21377
21379
21405
21407
21409
21448
21449
21451
21453
21454
21455
21457
21558
21566
21567
21671
21674
21683
21755
21801
21824
21831
21845
21877
21899
21918
21993
22182
22219
22245
22285
22325
22379
22414
22427
22428
22429
22436
22437
22440
22441
22446
22447
22461
22467
22484
22486
22488
22603
22606
22611
22624
22656
22657
22669
22729
22766
22767
22805
22813
22840
22885
22889
22891
22895
22899
22904
22905
22928
22931
22956
23019
23084
23132
23179
23294
23346
23389
23461
23468
23600
23647
23657
23682
23725
23761
23812
23861
23879
24071
24120
24141
24218
24244
24248
24252
24256
24257
24258
24292
24319
24384
24397
24408
24411
24440
24477
24517
24520
24694
24722
24729
24790
24903
24992
25014
25017
25085
25099
25149
25181
25184
25242
25322
25411
25515
25530
25583
25656
25659
25662
25665
25669
25673
25676
25681
25762
25782
25812
25815
25885
25893
25919
25934
26036
26055
26100
26129
26146
26213
26329
26337
26346
26350
26477
26546
26548
26551
26556
26565
26628
26629
26656
26729
26775
26813
26815
26824
26826
26830
26868
26876
26878
26899
26913
26927
26929
26930
26932
26935
27020
27038
27242
27247
27252
27300
27316
27376
27465
27513
27515
27544
27636
27644
27647
27666
27698
27770
27800
27836
27837
27840
27859
27860
27861
27907
27920
28018
28081
28085
28087
28090
28092
28098
28100
28103
28105
28106
28107
28110
28112
28117
28119
28126
28131
28156
28158
28160
28167
28177
28179
28182
28185
28186
28187
28190
28195
28197
28200
28202
28206
28211
28222
28237
28241
28245
28249
28254
28255
28256
28259
28264
28266
28268
28301
28315
28323
28338
28354
28381
28387
28395
28401
28407
28409
28469
28482
28607
28610
28627
28631
28691
28741
28794
28812
28858
28860
28864
28865
28866
28867
28868
28870
28970
28991
29014
29075
29124
29129
29195
29196
29197
29201
29203
29205
29208
29210
29212
29214
29216
29221
29225
29229
29236
29238
29241
29242
29247
29249
29251
29252
29257
29259
29261
29262
29265
29267
29271
29274
29275
29279
29280
29282
29285
29288
29290
29295
29296
29298
29300
29307
29309
29311
29379
29386
29433
29460
29461
29467
29469
29470
29478
29493
29515
29518
29521
29523
29526
29535
29590
29622
29625
29633
29635
29638
29641
29643
29645
29648
29649
29654
29655
29656
29657
29659
29664
29670
29671
29673
29675
29677
29678
29680
29693
29696
29706
29739
29756
29780
29862
30024
30051
30053
30083
30120
30166
30198
30199
30216
30243
30247
30251
30264
30344
30446
30467
30493
30517
30588
30640
30735
30858
31008
31065
31143
31167
31173
31175
31176
31177
31178
31181
31182
31185
31194
31391
31393
31398
31402
31462
31554
31627
31648
31651
31653
31660
31684
31803
31814
31876
31880
31881
31901
31937
31942
31955
32029
32067
32120
32129
32137
32154
32246
32266
32416
32439
32705
32743
32749
