0
2086
2098
2119
2139
2170
2186
2194
2207
2210
2227
2233
2234
2254
2279
2280
2282
2286
2287
2289
2321
2331
2338
2347
2350
2353
2368
2379
2382
2385
2393
2421
2427
2452
2458
2504
2512
2525
2539
2551
2555
2579
2580
2585
2599
2611
2622
2632
2635
2647
2653
2671
2672
2675
2680
2684
2688
2693
2701
2706
2721
2732
2752
2756
2772
2777
2797
2809
2817
2818
2822
2830
2831
2839
2899
2911
2918
2965
2975
2984
2991
2999
3001
3007
3013
3025
3038
3039
3040
3046
3058
3066
3073
3084
3090
3103
3111
3116
3122
3123
3124
3132
3148
3160
3182
3187
3195
3205
3210
3215
3234
3252
3255
3256
3271
3278
3293
3298
3302
3325
3332
3336
3338
3341
3400
3402
3414
3426
3448
3458
3461
3493
3498
3514
3516
3517
3520
3528
3541
3553
3554
3563
3584
3591
3602
3639
3646
3651
3695
3705
3707
3712
3733
3749
3797
3805
3816
3819
3843
3879
3914
3932
3963
3965
3969
3996
4014
4030
4043
4051
4066
4072
4081
4086
4101
4134
4147
4182
4200
4212
4219
4228
4230
4253
4262
4286
4301
4335
4358
4361
4362
4393
4397
4398
4412
4429
4432
4472
4487
4490
4494
4496
4497
4499
4500
4536
4549
4551
4553
4563
4590
4598
4604
4610
4615
4656
4681
4684
4697
4699
4718
4730
4756
4760
4768
4831
4832
4888
4911
4912
4916
4925
4937
4944
4949
4977
4981
4991
4995
5008
5019
5021
5045
5048
5061
5063
5073
5086
5121
5162
5181
5185
5188
5224
5259
5261
5277
5279
5291
5312
5334
5364
5377
5382
5413
5428
5448
5454
5466
5487
5488
5495
5499
5505
5506
5518
5535
5537
5550
5587
5590
5623
5630
5635
5655
5666
5688
5724
5781
5815
5863
5887
5902
5920
5938
5970
6009
6089
6110
6120
6164
6165
6181
6193
6198
6213
6246
6261
6262
6268
6284
6287
6334
6364
6376
6383
6416
6474
6527
6528
6553
6568
6577
6629
6650
6703
6724
6727
6738
6789
6862
6866
6908
6910
6915
6937
6964
6996
7004
7014
7027
7030
7052
7063
7067
7146
7170
7177
7185
7197
7220
7259
7299
7333
7393
7449
7466
7517
7525
7534
7634
7651
7674
7726
7751
7752
7763
7824
7864
7900
