0
4
43
57
87
88
89
101
115
117
119
133
137
138
142
146
153
164
173
174
185
191
197
208
220
226
232
272
276
333
334
337
364
381
416
426
431
475
499
510
511
519
523
530
549
552
571
578
644
645
650
687
701
704
721
729
752
755
758
772
779
794
829
837
845
871
887
896
900
901
904
907
961
970
972
975
1018
1021
1022
1029
1032
1042
1051
1054
1058
1073
1100
1105
1120
1130
1148
1176
1207
1220
1242
1252
1302
1315
1318
1319
1325
1328
1329
1335
1336
1339
1340
1346
1372
1374
1410
1471
1475
1507
1533
1544
1557
1568
1574
1582
1590
1614
1620
1622
1623
1626
1638
1643
1677
1685
1698
1701
1702
1714
1730
1735
1740
1750
1753
1791
1807
1827
1845
1873
1911
1915
1917
1920
1928
1942
1960
1983
1991
2016
2019
2031
2032
2034
2049
2072
2074
2093
2096
2136
2156
2162
2165
2202
2210
2215
2235
2266
2273
2299
2346
2351
2432
2436
2438
2514
2537
2578
2588
2591
2624
2633
2661
2689
2746
2747
2779
2783
2786
2834
2852
2859
2874
2881
2904
2916
3007
3009
3035
3068
3070
3082
3087
3124
3164
3192
3199
3222
3243
3279
3303
3304
3328
3344
3347
3380
3399
3422
3434
3446
3523
3573
3641
3689
3694
3697
3711
3748
3789
3802
3804
3809
3813
3828
3873
3925
3937
3972
4000
4010
4068
4092
4112
4196
4210
4225
4228
4269
4346
4350
4418
4556
4570
4628
4659
4665
4668
4682
4688
4707
4723
4738
4762
4910
4952
4958
5037
5173
5216
