0
1
2
5
7
10
15
16
18
19
21
23
24
25
26
33
37
43
73
80
106
118
120
188
196
202
204
219
240
295
318
372
391
419
538
540
542
545
547
576
611
620
629
683
733
735
747
760
872
886
926
933
949
969
1048
1061
1081
1123
1159
1162
1177
1178
1179
1210
1230
1246
1248
1256
1258
1259
1261
1295
1302
1315
1325
1384
1402
1463
1488
1503
1516
1548
1570
1576
1591
1592
1593
1598
1627
1645
1648
1649
1653
1656
1684
1746
1774
1787
1794
1801
1811
1825
1903
1919
1926
1943
1979
1980
1981
2026
2028
2077
2095
2143
2170
2240
2378
2389
2404
2431
2448
2491
2519
2526
2540
2617
2690
2701
2748
2771
2812
2830
2895
2906
2945
3081
3113
3119
3120
3121
3142
3167
3229
3315
3417
3518
3598
3619
