0 31
0 43
1 43
2 21
1 31
2 43
0 3
2 17
0 13
2 31
0 45
3 43
2 47
1 3
1 13
2 13
1 45
0 47
2 45
2 3
0 46
3 45
3 3
3 21
0 9
1 9
1 46
0 16
2 46
0 11
0 28
2 9
1 11
0 30
3 46
0 15
2 11
1 47
3 9
3 11
1 28
3 13
1 16
1 30
2 30
3 17
2 7
0 2
0 35
0 17
3 30
2 36
2 28
0 20
3 7
1 17
1 15
0 37
0 27
0 21
0 18
1 2
3 36
1 35
3 47
1 20
2 35
0 7
1 37
0 33
2 37
3 31
0 0
0 12
1 18
1 33
1 27
1 7
2 18
1 0
2 27
3 35
0 44
1 21
2 2
1 12
0 5
3 2
2 0
2 12
3 28
2 49
1 5
0 25
1 44
2 5
0 48
0 42
0 32
2 33
1 48
2 10
0 40
1 42
2 42
0 6
0 23
0 1
3 42
1 40
2 40
3 40
3 18
3 5
0 34
2 4
3 27
1 32
2 16
0 26
0 41
2 32
3 33
1 1
2 20
0 49
1 34
3 20
3 49
1 25
3 32
3 0
1 26
1 6
0 39
2 6
3 37
3 6
1 23
2 25
2 26
2 23
0 14
0 8
1 41
0 36
3 23
3 4
0 22
3 25
2 48
1 22
2 15
2 22
2 1
0 29
3 22
0 38
2 34
1 39
3 12
1 36
3 15
0 24
1 14
0 10
1 29
2 44
2 41
3 1
1 24
1 49
1 38
2 14
3 34
2 29
1 8
1 10
2 24
3 24
3 14
0 19
3 26
3 44
3 10
2 8
1 19
0 4
3 48
3 16
3 29
2 19
1 4
3 19
2 38
3 8
2 39
3 39
3 38
3 41

Score: 140.42999999999768