0
0
1
4
7
8
14
15
17
18
20
22
23
24
30
34
36
39
40
41
44
48
49
55
56
57
58
59
61
62
66
68
69
73
74
76
79
81
82
85
86
87
89
92
95
100
101
102
105
107
108
111
114
124
127
133
137
138
140
144
145
147
148
151
152
153
156
160
161
162
166
168
169
172
179
181
182
183
188
189
190
192
193
194
197
200
201
203
206
211
214
217
219
221
225
226
227
230
233
234
236
238
243
247
276
278
281
285
293
295
298
302
303
305
308
309
310
313
322
325
327
329
334
337
353
357
362
365
368
378
383
386
387
391
403
408
410
413
415
417
419
421
423
426
428
442
446
447
448
451
453
454
456
458
459
467
470
477
478
481
487
488
489
494
495
496
498
502
505
506
509
512
514
516
521
523
524
527
528
532
533
537
540
543
545
547
549
553
556
561
564
565
570
572
576
579
580
584
587
589
590
591
592
593
595
597
598
600
602
605
608
610
611
614
616
617
621
622
624
625
627
630
632
635
637
638
639
642
645
647
649
650
651
652
655
656
661
662
663
664
666
670
671
677
683
684
686
694
695
696
697
698
700
703
704
705
706
708
709
711
713
715
718
721
722
724
726
727
728
733
734
736
739
741
742
743
744
747
748
751
752
754
755
757
759
761
763
767
771
772
776
777
779
781
782
787
789
791
792
793
794
796
797
800
801
803
804
807
808
809
811
812
817
827
829
834
835
836
839
840
841
845
846
848
849
850
853
854
859
860
862
864
865
866
868
869
871
873
877
880
881
883
886
889
890
892
894
895
898
901
904
907
909
910
913
915
917
918
919
920
922
926
927
928
929
932
934
938
939
943
946
948
949
951
957
959
960
962
974
975
976
977
978
982
983
987
988
989
990
994
996
997
999
1002
1003
1025
1028
1029
1030
1033
1034
1036
1037
1038
1039
1042
1043
1044
1048
1050
1053
1056
1065
1066
1067
1070
1071
1072
1076
1078
1083
1084
1086
1089
1090
1093
1095
1096
1097
1098
1100
1101
1105
1107
1108
1110
1114
1116
1118
1119
1120
1124
1126
1127
1129
1131
1138
1140
1143
1144
1146
1147
1149
1152
1153
1155
1157
1159
1160
1161
1169
1170
1171
1172
1177
1178
1181
1183
1184
1187
1191
1192
1193
1199
1202
1205
1206
1209
1211
1212
1214
1217
1221
1222
1223
1224
1225
1228
1230
1233
1235
1237
1238
1242
1243
1244
1247
1249
1251
1253
1256
1257
1258
1261
1262
1264
1267
1268
1270
1272
1274
1275
1276
1277
1278
1279
1281
1282
1284
1287
1289
1290
1291
1294
1295
1296
1297
1299
1300
1303
1305
1308
1310
1312
1313
1314
1315
1316
1317
1322
1323
1324
1328
1329
1332
1333
1334
1335
1337
1338
1339
1367
1369
1370
1372
1376
1378
1379
1381
1391
1394
1402
1403
1407
1409
1411
1413
1414
1416
1418
1423
1427
1429
1434
1436
1438
1441
1443
1445
1447
1448
1450
1453
1455
1456
1460
1461
1467
1468
1471
1473
1475
1476
1479
1483
1485
1486
1488
1489
1492
1497
1499
1500
1504
1505
1510
1511
1515
1516
1524
1525
1526
1529
1530
1531
1537
1538
1539
1540
1543
1544
1547
1549
1550
1552
1555
1559
1564
1565
1566
1569
1570
1571
1572
1574
1575
1576
1577
1580
1584
1587
1589
1590
1591
1592
1595
1596
1597
1599
1601
1604
1606
1609
1612
1615
1618
1619
1621
1622
1623
1624
1626
1632
1633
1636
1638
1640
1641
1642
1643
1646
1648
1650
1651
1654
1655
1659
1660
1661
1663
1664
1700
1713
1716
1717
1719
1721
1723
1726
1727
1730
1732
1738
1739
1741
1743
1745
1747
1750
1754
1757
1762
1764
1767
1770
1771
1775
1780
1781
1793
1797
1803
1809
1812
1813
1814
1818
1820
1823
1828
1831
1832
1834
1836
1839
1841
1843
1844
1847
1848
1851
1852
1854
1857
1860
1862
1863
1866
1868
1870
1872
1875
1878
1880
1881
1883
1886
1887
1889
1890
1930
1937
1941
1943
1975
1981
1983
1986
1991
1993
1999
2003
2011
2018
2021
2022
2027
2028
2029
2030
2032
2034
2036
2038
2040
2045
2047
2052
2056
2057
2062
2063
2066
2068
2070
2075
2079
2084
2085
2087
2089
2090
2094
2098
2102
2108
2110
2112
2115
2118
2120
2124
2131
2133
2135
2138
2141
2143
2144
2147
2148
2149
2154
2155
2159
2161
2163
2164
2167
2168
2170
2172
2175
2176
2177
2178
2182
2184
2186
2187
2189
2192
2193
2194
2195
2200
2201
2202
2238
2247
2253
2259
2264
2266
2270
2272
2273
2276
2281
2283
2284
2285
2286
2291
2292
2293
2295
2296
2300
2301
2303
2307
2308
2310
2312
2314
2316
2319
2321
2322
2323
2327
2329
2330
2332
2335
2336
2341
2345
2347
2348
2349
2351
2353
2356
2357
2362
2364
2365
2367
2370
2371
2373
2374
2375
2378
2381
2383
2387
2388
2389
2391
2392
2394
2395
2397
2401
2404
2407
2408
2412
2413
2417
2420
2422
2427
2428
2429
2431
2432
2434
2438
2440
2443
2444
2450
2453
2456
2459
2460
2463
2465
2466
2467
2468
2470
2472
2474
2515
2544
2550
2551
2558
2578
2600
2609
2614
2618
2628
2629
2631
2632
2635
2638
2639
2640
2641
2643
2644
2646
2657
2683
2686
2705
2733
2741
2775
2786
2793
2801
2805
2806
2808
2810
2811
2817
2844
2845
2847
2848
2850
2854
2862
2863
2864
2903
2904
2911
2916
2919
2924
2928
2932
2934
2937
2942
2944
2945
2946
2952
2956
2958
2960
2962
2963
2966
2967
2969
2972
2973
2976
2977
2978
2979
2982
2984
2987
2989
2992
2998
3000
3011
3013
3014
3018
3022
3024
3029
3030
3031
3032
3033
3034
3035
3036
3038
3039
3040
3042
3043
3044
3049
3053
3055
3063
3064
3069
3072
3074
3075
3076
3077
3079
3080
3085
3086
3087
3090
3092
3094
3098
3101
3103
3104
3106
3111
3112
3113
3115
3116
3122
3123
3127
3130
3134
3138
3140
3142
3146
3148
3150
3152
3159
3161
3165
3170
3174
3175
3178
3182
3184
3187
3190
3191
3193
3194
3197
3198
3199
3207
3250
3263
3265
3266
3268
3269
3284
3285
3286
3289
3291
3292
3294
3297
3305
3312
3315
3316
3317
3318
3319
3327
3328
3334
3335
3339
3341
3344
3346
3347
3348
3350
3351
3357
3361
3366
3381
3387
3388
3390
3392
3393
3396
3403
3404
3407
3409
3411
3413
3414
3415
3423
3424
3426
3427
3429
3430
3432
3436
3437
3438
3439
3440
3467
3479
3483
3487
3490
3504
3505
3506
3507
3534
3584
3594
3600
3605
3610
3613
3617
3618
3620
3622
3624
3625
3629
3631
3632
3637
3643
3647
3648
3651
3654
3655
3675
3677
3681
3684
3686
3691
3692
3694
3696
3699
3701
3706
3710
3711
3715
3718
3721
3724
3727
3728
3729
3732
3736
3740
3741
3747
3748
3750
3752
3754
3755
3778
3781
3786
3787
3788
3789
3792
3796
3797
3798
3802
3805
3806
3807
3810
3815
3818
3821
3822
3825
3826
3828
3829
3831
3837
3841
3842
3846
3847
3849
3852
3854
3857
3858
3863
3864
3866
3869
3870
3871
3872
3873
3874
3876
3879
3882
3885
3886
3890
3892
3893
3896
3897
3899
3906
3908
3911
3914
3917
3918
3919
3920
3922
3925
3929
3930
3932
3933
3936
3938
3939
3941
3943
3944
3949
3950
3951
3952
3958
3959
3960
3962
3966
3967
3969
3970
3976
3977
3980
3981
3983
3987
3989
3991
3994
3995
3996
3999
4000
4002
4014
4017
4022
4028
4031
4035
4036
4038
4039
4040
4043
4045
4047
4049
4052
4054
4058
4059
4062
4066
4068
4071
4074
4076
4077
4078
4079
4080
4082
4083
4085
4086
4088
4090
4091
4094
4098
4101
4104
4106
4107
4108
4113
4115
4117
4118
4119
4121
4125
4127
4131
4137
4138
4139
4141
4142
4145
4146
4148
4155
4156
4157
4159
4160
4162
4163
4166
4167
4170
4177
4182
4184
4185
4202
4204
4209
4210
4211
4213
4215
4217
4219
4220
4221
4222
4223
4226
4227
4229
4230
4233
4234
4236
4238
4245
4247
4252
4254
4256
4258
4259
4263
4269
4270
4272
4273
4278
4286
4291
4292
4296
4298
4301
4302
4304
4305
4309
4317
4323
4325
4328
4332
4334
4335
4338
4340
4341
4343
4344
4345
4347
4349
4351
4352
4354
4355
4356
4362
4364
4367
4368
4369
4371
4373
4375
4377
4378
4379
4380
4381
4386
4390
4391
4395
4397
4398
4406
4414
4417
4418
4420
4422
4424
4426
4428
4432
4435
4436
4437
4442
4444
4445
4448
4449
4450
4453
4454
4455
4458
4459
4460
4462
4463
4465
4466
4468
4471
4472
4474
4477
4478
4484
4486
4488
4492
4493
4496
4497
4500
4503
4504
4508
4510
4512
4514
4516
4518
4519
4523
4524
4526
4528
4533
4536
4537
4539
4541
4543
4564
4572
4576
4578
4583
4584
4587
4593
4594
4597
4603
4608
4609
4611
4612
4613
4617
4622
4623
4624
4626
4630
4635
4638
4639
4641
4642
4646
4648
4651
4652
4659
4661
4662
4663
4665
4670
4673
4674
4676
4677
4681
4682
4683
4685
4688
4689
4694
4696
4699
4701
4703
4704
4706
4708
4710
4712
4718
4725
4726
4728
4731
4734
4735
4737
4738
4739
4743
4745
4747
4748
4750
4751
4752
4754
4758
4759
4760
4761
4763
4767
4768
4770
4771
4772
4773
4774
4775
4776
4783
4788
4790
4794
4797
4800
4804
4805
4814
4817
4822
4823
4825
4827
4828
4829
4832
4834
4837
4840
4844
4849
4850
4852
4854
4858
4861
4863
4865
4869
4870
4873
4876
4879
4881
4882
4884
4886
4888
4889
4893
4895
4899
4900
4901
4903
4905
4907
4908
4910
4913
4915
4917
4919
4920
4921
4925
4926
4931
4932
4936
4938
4943
4947
4951
4955
4964
4965
4966
4969
4971
4972
4974
4979
4990
4992
4995
4996
4999
5011
5016
5019
5023
5024
5025
5058
5075
5076
5086
5114
5120
5121
5124
5125
5127
5128
5131
5132
5135
5138
5139
5175
5209
5211
5215
5221
5222
5224
5225
5226
5235
5238
5240
5241
5246
5247
5248
5250
5251
5253
5256
5262
5264
5269
5271
5274
5275
5277
5285
5288
5291
5292
5297
5300
5301
5302
5304
5307
5309
5310
5314
5317
5318
5319
5323
5324
5326
5328
5330
5331
5333
5334
5338
5339
5342
5343
5346
5350
5351
5353
5354
5355
5356
5358
5362
5364
5366
5370
5371
5372
5377
5380
5383
5387
5390
5402
5404
5407
5412
5414
5415
5416
5417
5419
5420
5423
5431
5434
5436
5438
5443
5462
5487
5488
5491
5494
5495
5498
5501
5503
5541
5545
5546
5549
5554
5557
5558
5603
5608
5609
5610
5611
5664
5665
5668
5671
5673
5676
5677
5682
5684
5685
5686
5687
5689
5743
5798
5807
5828
5834
5843
5850
5909
5922
5924
5952
5972
5975
5982
5984
5986
5990
5991
5992
5993
5994
5997
5998
5999
6000
6001
6005
6008
6009
6011
6014
6017
6020
6024
6030
6033
6034
6037
6039
6042
6046
6047
6049
6054
6059
6060
6062
6066
6068
6070
6074
6075
6078
6080
6083
6084
6093
6094
6097
6099
6100
6102
6104
6111
6112
6115
6123
6125
6126
6129
6131
6134
6136
6138
6139
6141
6143
6145
6151
6152
6154
6155
6160
6162
6164
6165
6170
6171
6173
6174
6175
6180
6181
6183
6184
6185
6186
6187
6193
6194
6195
6199
6202
6204
6206
6210
6211
6212
6214
6215
6227
6228
6229
6233
6234
6243
6245
6248
6253
6255
6257
6259
6261
6263
6269
6270
6272
6274
6275
6280
6281
6287
6288
6291
6296
6299
6300
6302
6305
6308
6312
6313
6314
6316
6318
6322
6324
6325
6328
6330
6331
6334
6338
6339
6340
6344
6345
6346
6348
6349
6351
6352
6354
6355
6357
6359
6361
6362
6366
6368
6369
6371
6373
6378
6379
6380
6382
6385
6386
6389
6391
6395
6397
6398
6400
6401
6402
6407
6430
6433
6434
6436
6438
6439
6443
6445
6446
6449
6456
6458
6459
6461
6463
6466
6467
6469
6471
6476
6478
6480
6481
6483
6487
6492
6494
6496
6499
6501
6505
6506
6507
6549
6566
6597
6613
6623
6631
6632
6635
6636
6641
6642
6644
6645
6647
6649
6651
6652
6653
6656
6657
6661
6662
6663
6664
6665
6666
6667
6668
6669
6670
6672
6673
6674
6681
6695
6697
6699
6701
6704
6708
6710
6712
6713
6714
6715
6721
6722
6723
6725
6726
6727
6731
6734
6737
6739
6740
6742
6743
6745
6747
6751
6753
6757
6761
6762
6763
6766
6768
6770
6775
6782
6784
6788
6791
6792
6793
6795
6798
6802
6808
6809
6810
6811
6816
6819
6828
6855
6860
6891
6894
6902
6908
6912
6919
6925
6930
6958
6964
6965
6969
6986
6987
6989
6990
6992
6993
6997
6998
7011
7012
7013
7015
7017
7018
7020
7025
7027
7029
7030
7031
7034
7036
7037
7039
7043
7048
7051
7054
7056
7058
7060
7064
7093
7094
7099
7101
7103
7110
7111
7116
7118
7120
7123
7125
7128
7130
7133
7134
7135
7139
7140
7141
7143
7145
7146
7149
7159
7163
7165
7167
7171
7173
7177
7180
7181
7185
7186
7192
7193
7196
7198
7200
7202
7205
7208
7212
7214
7216
7217
7219
7220
7224
7225
7226
7229
7233
7235
7237
7239
7240
7245
7246
7248
7249
7250
7251
7254
7257
7259
7262
7263
7265
7267
7271
7274
7275
7278
7279
7280
7281
7283
7284
7286
7287
7289
7292
7293
7295
7297
7298
7300
7304
7305
7306
7308
7309
7310
7311
7315
7317
7323
7324
7325
7326
7329
7330
7335
7337
7348
7349
7354
7356
7358
7359
7360
7362
7366
7368
7373
7374
7377
7381
7383
7385
7389
7390
7392
7393
7394
7397
7399
7400
7402
7403
7405
7408
7411
7413
7415
7417
7420
7423
7424
7427
7430
7432
7452
7455
7462
7463
7468
7477
7483
7485
7489
7491
7494
7495
7496
7497
7503
7519
7535
7537
7538
7541
7543
7548
7552
7555
7556
7560
7563
7567
7568
7570
7573
7577
7579
7582
7583
7586
7589
7590
7594
7595
7598
7603
7604
7605
7606
7611
7612
7616
7619
7621
7623
7625
7628
7630
7634
7637
7638
7641
7642
7647
7648
7653
7654
7655
7656
7657
7659
7660
7663
7667
7668
7672
7677
7684
7685
7686
7687
7688
7692
7694
7696
7697
7699
7701
7702
7703
7704
7709
7711
7713
7716
7721
7727
7729
7730
7733
7736
7737
7739
7742
7744
7746
7748
7749
7752
7755
7758
7761
7762
7766
7767
7774
7779
7780
7781
7785
7787
7789
7790
7791
7793
7794
7797
7798
7799
7803
7804
7805
7808
7810
7812
7819
7822
7823
7825
7827
7831
7838
7844
7845
7846
7847
7850
7855
7856
7863
7864
7865
7870
7875
7879
7893
7913
7916
7917
7921
7929
7931
7934
7937
7939
7945
7946
7949
7953
7957
7961
7968
7973
7977
7980
7992
7999
8008
8024
8026
8027
8030
8034
8035
8041
8042
8050
8059
8060
8061
8066
8076
8081
8086
8087
8089
8092
8093
8095
8096
8098
8099
8100
8109
8112
8119
8127
8129
8131
8132
8137
8141
8143
8144
8149
8154
8158
8159
8168
8171
8173
8178
8181
8183
8193
8194
8196
8198
8200
8205
8211
8214
8221
8223
8225
8227
8235
8240
8242
8246
8249
8261
8262
8264
8267
8269
8274
8276
8277
8278
8282
8286
8289
8290
8291
8292
8293
8294
8296
8298
8299
8303
8304
8306
8309
8311
8312
8313
8315
8316
8317
8318
8320
8322
8323
8325
8326
8328
8329
8331
8333
8334
8336
8340
8342
8345
8347
8352
8355
8365
8367
8370
8371
8374
8379
8381
8384
8389
8391
8437
8445
8450
8454
8460
8462
8463
8465
8470
8472
8477
8481
8482
8483
8490
8521
8523
8538
8546
8552
8553
8557
8558
8559
8560
8561
8562
8564
8571
8591
8605
8629
8631
8656
8685
8690
8691
8693
8711
8725
8729
8732
8733
8743
8745
8748
8751
8753
8756
8761
8763
8764
8765
8769
8772
8775
8777
8778
8787
8792
8797
8798
8801
8802
8803
8805
8818
8821
8826
8834
8836
8840
8850
8852
8853
8854
8857
8860
8866
8872
8873
8877
8879
8883
8885
8890
8892
8893
8894
8896
8898
8901
8902
8904
8905
8906
8910
8912
8913
8915
8919
8921
8922
8924
8927
8929
8931
8933
8935
8939
8940
8944
8946
8948
8950
8955
8957
8959
8962
8963
8967
8968
8970
8973
8976
8977
8979
8983
8984
8987
8992
8996
8997
8999
9001
9005
9007
9008
9011
9012
9015
9019
9022
9024
9025
9027
9028
9031
9032
9034
9035
9036
9039
9043
9044
9045
9047
9051
9052
9058
9059
9061
9063
9064
9065
9066
9069
9074
9082
9087
9091
9097
9098
9100
9103
9106
9108
9114
9121
9124
9126
9140
9141
9151
9154
9160
9165
9171
9173
9176
9178
9179
9184
9188
9192
9198
9204
9208
9213
9220
9224
9226
9227
9230
9236
9237
9239
9241
9242
9244
9246
9249
9251
9252
9253
9254
9256
9258
9260
9262
9267
9268
9269
9270
9272
9274
9276
9278
9281
9283
9284
9285
9287
9290
9294
9295
9296
9298
9300
9303
9304
9307
9308
9310
9313
9317
9321
9322
9323
9324
9325
9328
9333
9340
9341
9344
9346
9349
9350
9352
9353
9363
9371
9414
9422
9426
9428
9434
9440
9446
9447
9451
9452
9455
9458
9459
9461
9463
9465
9466
9468
9470
9474
9475
9476
9477
9480
9481
9485
9486
9490
9491
9499
9501
9502
9503
9506
9507
9512
9514
9516
9528
9553
9565
9568
9569
9572
9579
9580
9585
9590
9641
9653
9658
9665
9669
9670
9677
9685
9687
9690
9696
9698
9699
9704
9706
9707
9711
9713
9714
9720
9728
9740
9749
9805
9831
9833
9836
9838
9839
9841
9842
9844
9845
9848
9849
9850
9852
9853
9856
9864
9865
9868
9872
9877
9878
9879
9882
9885
9887
9889
9890
9895
9897
9901
9909
9910
9915
9917
9919
9923
9924
9925
9926
9933
9938
9941
9942
9946
9947
9951
9953
9954
9955
9956
9958
9964
9966
9972
9973
9977
9983
9984
9986
9988
9989
9990
9995
9996
9998
10004
10009
10013
10014
10017
10021
10024
10026
10032
10038
10039
10043
10048
10050
10052
10054
10056
10057
10058
10062
10064
10065
10067
10068
10070
10073
10076
10081
10084
10085
10088
10090
10092
10093
10094
10099
10103
10104
10107
10111
10112
10116
10120
10121
10124
10126
10130
10133
10136
10138
10143
10150
10171
10177
10182
10184
10187
10188
10194
10196
10197
10200
10201
10208
10211
10224
10231
10245
10249
10254
10262
10272
10287
10288
10293
10295
10296
10298
10302
10307
10308
10312
10313
10314
10315
10316
10321
10325
10338
10339
10342
10346
10348
10352
10356
10360
10363
10367
10368
10373
10375
10378
10379
10381
10389
10391
10392
10393
10396
10405
10407
10409
10412
10416
10418
10421
10423
10425
10426
10428
10429
10431
10435
10437
10438
10440
10442
10443
10448
10451
10452
10455
10457
10460
10462
10464
10465
10467
10470
10471
10472
10476
10478
10482
10483
10485
10489
10492
10495
10496
10498
10503
10504
10505
10507
10508
10509
10512
10514
10516
10517
10520
10521
10524
10526
10528
10530
10531
10535
10537
10547
10548
10549
10553
10555
10557
10559
10560
10566
10567
10569
10570
10571
10572
10574
10578
10579
10581
10583
10584
10586
10588
10590
10594
10597
10601
10605
10610
10613
10614
10620
10630
10633
10634
10638
10640
10642
10643
10646
10648
10649
10653
10654
10656
10657
10658
10662
10663
10664
10665
10667
10670
10673
10681
10683
10685
10709
10724
10751
10759
10761
10821
10822
10825
10829
10830
10836
10841
10842
10844
10848
10850
10852
10855
10856
10860
10862
10869
10870
10873
10874
10877
10878
10880
10882
10883
10884
10887
10890
10892
10896
10901
10915
10916
10919
10925
10926
10929
10935
10936
10939
10940
10942
10944
10946
10949
10951
10952
10957
10958
10962
10963
10966
10970
10971
10977
10978
10985
11009
11018
11057
11063
11069
11071
11073
11074
11076
11077
11104
11107
11116
11118
11120
11124
11125
11134
11143
11146
11149
11152
11153
11154
11157
11160
11161
11166
11168
11176
11177
11181
11183
11184
11188
11190
11202
11205
11207
11208
11211
11213
11214
11226
11231
11244
11254
11255
11257
11260
11268
11270
11271
11276
11282
11283
11285
11288
11290
11293
11294
11295
11299
11302
11306
11339
11343
11344
11348
11351
11353
11356
11359
11361
11363
11365
11367
11368
11374
11375
11378
11379
11380
11382
11387
11388
11389
11413
11441
11473
11505
11558
11560
11563
11566
11568
11569
11572
11574
11576
11578
11585
11587
11589
11590
11591
11593
11596
11598
11600
11604
11606
11607
11608
11610
11612
11618
11620
11621
11624
11625
11627
11628
11633
11634
11636
11641
11642
11643
11647
11649
11651
11652
11656
11658
11659
11660
11662
11665
11667
11668
11670
11673
11675
11676
11682
11686
11687
11688
11692
11699
11700
11712
11714
11715
11724
11726
11728
11730
11733
11743
11744
11745
11746
11747
11757
11761
11762
11765
11768
11770
11773
11776
11777
11779
11781
11785
11787
11788
11790
11791
11795
11798
11804
11806
11808
11811
11814
11818
11822
11823
11828
11830
11831
11841
11842
11843
11844
11848
11852
11855
11856
11860
11861
11863
11865
11866
11870
11872
11876
11878
11880
11885
11887
11888
11889
11891
11893
11894
11895
11897
11899
11901
11905
11910
11911
11912
11913
11914
11920
11921
11922
11925
11926
11928
11931
11933
11935
11937
11941
11942
11945
11949
11951
11952
11953
11960
11963
11964
11965
11969
11970
11973
11974
11977
12005
12006
12007
12009
12010
12011
12017
12019
12021
12023
12024
12027
12031
12032
12033
12034
12036
12040
12041
12044
12045
12050
12051
12052
12054
12057
12062
12063
12066
12067
12068
12071
12073
12075
12077
12080
12081
12083
12090
12092
12108
12110
12112
12115
12116
12119
12120
12122
12123
12127
12129
12132
12133
12134
12137
12138
12139
12146
12148
12151
12155
12158
12159
12163
12164
12166
12167
12168
12170
12171
12173
12176
12177
12178
12181
12183
12185
12186
12191
12193
12194
12196
12197
12199
12202
12205
12209
12212
12215
12216
12219
12220
12223
12225
12228
12229
12231
12235
12236
12240
12242
12244
12245
12246
12249
12250
12251
12253
12260
12261
12263
12264
12266
12267
12270
12271
12275
12276
12278
12280
12281
12282
12285
12287
12288
12289
12291
12292
12295
12297
12368
12373
12390
12391
12392
12397
12423
12447
12477
12484
12486
12488
12493
12495
12498
12500
12501
12504
12507
12508
12511
12528
12551
12553
12556
12557
12562
12564
12565
12568
12571
12575
12579
12584
12586
12587
12589
12591
12594
12596
12597
12600
12602
12605
12607
12610
12611
12613
12617
12625
12670
12671
12675
12676
12683
12693
12697
12716
12729
12735
12756
12758
12761
12764
12768
12771
12775
12779
12781
12785
12786
12789
12790
12791
12795
12800
12801
12803
12805
12807
12810
12811
12816
12817
12819
12821
12822
12823
12825
12829
12840
12846
12862
12864
12865
12868
12871
12872
12873
12877
12878
12881
12883
12890
12892
12894
12896
12897
12899
12900
12901
12902
12903
12922
12933
12940
12945
12947
12963
12972
12975
12977
12978
12979
12984
12990
12991
12995
12997
12999
13000
13001
13002
13020
13022
13023
13026
13028
13029
13035
13037
13038
13039
13043
13049
13050
13051
13056
13057
13061
13064
13065
13069
13072
13076
13079
13082
13083
13086
13088
13095
13096
13103
13135
13138
13140
13149
13164
13168
13172
13174
13193
13203
13207
13208
13216
13219
13225
13227
13234
13235
13240
13244
13245
13249
13254
13256
13257
13260
13270
13271
13278
13281
13283
13285
13286
13299
13334
13335
13338
13339
13341
13342
13343
13345
13356
13376
13377
13382
13388
13390
13393
13395
13396
13406
13407
13415
13418
13422
13427
13443
13445
13446
13457
13460
13461
13462
13465
13467
13469
13472
13473
13479
13480
13481
13482
13487
13488
13490
13491
13493
13496
13498
13500
13507
13508
13510
13511
13513
13517
13520
13523
13525
13526
13527
13528
13531
13534
13535
13537
13543
13550
13551
13554
13557
13558
13561
13562
13563
13565
13566
13570
13572
13574
13575
13577
13578
13582
13584
13586
13592
13600
13602
13604
13608
13621
13622
13623
13641
13658
13670
13694
13740
13773
13780
13836
13839
13858
13860
13862
13869
13876
13877
13880
13882
13883
13885
13889
13891
13893
13897
13899
13900
13902
13904
13905
13908
13912
13915
13917
13923
13932
13953
13972
13977
13978
13980
13984
13986
13987
13988
13989
13991
13993
13994
13996
13997
13999
14004
14008
14011
14012
14013
14015
14021
14022
14026
14029
14031
14032
14033
14038
14041
14043
14044
14047
14049
14050
14051
14054
14055
14056
14059
14060
14064
14065
14066
14069
14070
14074
14075
14078
14079
14081
14082
14085
14090
14091
14094
14098
14101
14103
14109
14110
14111
14113
14119
14123
14126
14127
14138
14142
14143
14145
14146
14149
14150
14151
14154
14157
14161
14164
14166
14168
14175
14177
14181
14185
14190
14192
14195
14197
14198
14199
14206
14207
14210
14211
14213
14214
14216
14220
14223
14226
14228
14232
14236
14238
14239
14244
14247
14248
14253
14256
14258
14266
14269
14275
14278
14280
14282
14287
14290
14293
14294
14295
14296
14297
14299
14302
14304
14305
14307
14309
14310
14314
14316
14318
14319
14320
14323
14327
14328
14330
14332
14334
14340
14341
14344
14347
14350
14355
14358
14361
14366
14367
14368
14373
14376
14390
14391
14392
14394
14395
14398
14401
14402
14404
14405
14408
14411
14415
14421
14425
14429
14431
14444
14469
14480
14482
14484
14486
14488
14490
14497
14498
14503
14505
14508
14509
14510
14511
14514
14515
14520
14522
14523
14525
14529
14531
14533
14537
14539
14540
14548
14556
14557
14563
14575
14580
14590
14592
14599
14602
14613
14615
14617
14618
14623
14680
14682
14687
14689
14691
14692
14693
14694
14695
14701
14702
14704
14705
14711
14712
14717
14720
14726
14730
14731
14736
14739
14746
14751
14756
14759
14765
14768
14771
14776
14778
14783
14786
14788
14792
14797
14801
14804
14805
14808
14811
14814
14815
14817
14819
14820
14821
14825
14828
14829
14831
14832
14834
14836
14837
14838
14841
14843
14849
14850
14852
14853
14854
14861
14865
14869
14871
14879
14885
14889
14896
14910
14911
14912
14927
14930
14935
14937
14939
14944
14948
14949
14951
14954
14956
14961
14963
14972
14974
14977
14982
14985
14987
14990
14993
14994
14996
14998
15003
15068
15072
15079
15080
15082
15090
15117
15121
15134
15159
15169
15170
15173
15178
15179
15182
15184
15188
15192
15193
15199
15204
15207
15209
15213
15215
15220
15228
15231
15234
15236
15237
15239
15243
15247
15249
15254
15255
15259
15261
15263
15264
15265
15266
15268
15273
15276
15280
15287
15288
15289
15290
15295
15296
15298
15299
15300
15301
15308
15309
15310
15311
15313
15315
15316
15317
15321
15323
15325
15327
15330
15333
15335
15339
15341
15342
15343
15344
15346
15347
15350
15354
15355
15357
15358
15360
15362
15367
15371
15372
15374
15375
15378
15379
15381
15385
15386
15387
15389
15394
15396
15409
15419
15462
15478
15479
15482
15484
15491
15532
15536
15558
15559
15564
15566
15587
15590
15592
15594
15599
15600
15613
15615
15619
15622
15640
15643
15645
15647
15648
15650
15651
15653
15656
15658
15662
15663
15665
15668
15670
15673
15678
15680
15681
15682
15689
15691
15734
15736
15737
15781
15802
15803
15805
15814
15817
15818
15824
15826
15827
15830
15853
15870
15873
15877
15883
15888
15890
15895
15897
15900
15905
15908
15911
15914
15915
15917
15919
15921
15928
15929
15933
15940
15943
15953
15957
15959
15962
15963
15972
15984
15990
15992
15997
15999
16007
16012
16039
16041
16059
16061
16070
16080
16105
16139
16192
16199
16202
16208
16231
16232
16238
16242
16246
16248
16250
16251
16253
16256
16259
16261
16264
16267
16268
16269
16272
16279
16282
16283
16286
16288
16297
16298
16304
16309
16313
16320
16321
16323
16325
16328
16335
16337
16340
16347
16352
16354
16356
16359
16361
16362
16364
16366
16367
16369
16371
16372
16376
16378
16380
16382
16383
16387
16388
16391
16393
16396
16397
16398
16401
16403
16404
16405
16407
16408
16412
16415
16416
16417
16421
16423
16424
16427
16430
16432
16436
16443
16444
16445
16449
16451
16452
16459
16463
16465
16467
16469
16470
16478
16482
16485
16488
16489
16494
16496
16499
16509
16512
16518
16523
16529
16530
16534
16537
16544
16547
16551
16555
16556
16559
16561
16563
16564
16568
16570
16571
16573
16576
16579
16585
16589
16591
16598
16599
16608
16626
16640
16643
16656
16685
16687
16688
16693
16696
16698
16699
16701
16707
16710
16711
16716
16727
16729
16731
16735
16739
16742
16745
16748
16750
16751
16752
16758
16760
16761
16765
16772
16774
16779
16783
16785
16786
16790
16791
16794
16798
16799
16802
16803
16805
16808
16810
16812
16814
16821
16824
16830
16835
16836
16840
16845
16851
16858
16867
16872
16873
16876
16879
16881
16884
16902
16924
16949
16956
16973
16984
17004
17018
17020
17021
17023
17024
17025
17031
17032
17036
17039
17040
17042
17048
17050
17053
17056
17066
17074
17076
17077
17090
17093
17095
17096
17098
17099
17102
17103
17115
17122
17130
17132
17134
17135
17139
17141
17143
17148
17150
17151
17152
17160
17174
17178
17179
17180
17181
17192
17194
17201
17205
17206
17210
17215
17220
17222
17223
17226
17228
17229
17231
17236
17239
17245
17255
17256
17258
17259
17262
17270
17272
17274
17275
17276
17281
17283
17287
17288
17291
17295
17301
17304
17307
17309
17311
17312
17316
17317
17322
17340
17348
17351
17355
17357
17360
17366
17367
17374
17380
17382
17383
17385
17388
17389
17391
17393
17394
17397
17398
17401
17405
17414
17416
17417
17421
17422
17425
17427
17430
17433
17436
17439
17442
17447
17453
17454
17455
17456
17458
17460
17468
17469
17473
17475
17476
17480
17481
17486
17489
17495
17496
17501
17502
17505
17507
17531
17555
17582
17602
17636
17637
17641
17646
17655
17660
17662
17677
17711
17714
17715
17717
17720
17724
17728
17750
17755
17757
17772
17806
17808
17809
17812
17813
17818
17819
17834
17848
17854
17861
17862
17865
17866
17870
17871
17873
17876
17877
17878
17879
17881
17882
17886
17889
17890
17892
17896
17897
17899
17901
17902
17904
17906
17909
17911
17913
17914
17917
17919
17920
17923
17924
17928
17932
17933
17934
17938
17942
17946
17949
17951
17952
17955
17957
17959
17981
17982
17986
18002
18004
18016
18027
18039
18041
18045
18047
18049
18050
18055
18057
18061
18063
18064
18069
18071
18072
18073
18074
18080
18082
18084
18088
18090
18092
18093
18097
18100
18101
18103
18105
18107
18110
18114
18118
18119
18121
18123
18129
18131
18134
18136
18141
18142
18146
18147
18150
18152
18153
18155
18157
18160
18162
18166
18169
18171
18174
18182
18184
18187
18193
18194
18197
18198
18199
18202
18204
18205
18206
18207
18276
18289
18309
18323
18360
18361
18362
18371
18382
18384
18385
18386
18390
18451
18453
18455
18456
18458
18460
18462
18465
18469
18475
18478
18480
18482
18486
18488
18492
18494
18495
18499
18501
18543
18544
18552
18556
18558
18575
18576
18579
18608
18614
18620
18624
18626
18627
18630
18633
18635
18636
18638
18639
18640
18643
18646
18651
18653
18655
18656
18677
18684
18699
18703
18709
18710
18712
18725
18728
18770
18777
18792
18793
18831
18844
18918
18919
18934
18937
18940
18946
18951
18952
18956
18957
18960
18967
18968
18971
18977
18979
18983
18987
18989
18990
18996
19002
19003
19006
19008
19009
19033
19034
19045
19080
19082
19088
19093
19095
19099
19117
19118
19119
19124
19125
19127
19130
19135
19136
19137
19139
19141
19142
19145
19186
19199
19264
19270
19288
19289
19326
19347
19359
19377
19394
19397
19401
19407
19408
19409
19423
19430
19435
19436
19441
19442
19444
19447
19450
19454
19455
19458
19462
19463
19464
19465
19473
19474
19476
19479
19482
19484
19488
19492
19494
19496
19497
19498
19500
19504
19506
19509
19512
19516
19519
19520
19522
19526
19527
19528
19532
19534
19535
19537
19539
19541
19545
19548
19551
19571
19581
19598
19640
19641
19660
19663
19666
19669
19696
19710
19722
19731
19744
19747
19754
19756
19762
19765
19768
19773
19777
19780
19782
19783
19786
19788
19859
19890
19910
19918
19920
19921
19927
19928
19930
19934
19948
19949
19969
19975
19997
19999
20014
20028
20030
20035
20038
20041
20044
20047
20049
20052
20053
20054
20055
20058
20064
20080
20084
20104
20109
20113
20114
20115
20119
20122
20123
20128
20129
20130
20134
20135
20136
20137
20146
20148
20153
20154
20155
20157
20158
20160
20162
20164
20170
20172
20174
20175
20180
20184
20186
20198
20200
20203
20207
20208
20214
20216
20218
20220
20223
20226
20228
20231
20232
20234
20235
20239
20240
20241
20245
20247
20250
20251
20254
20256
20258
20259
20261
20316
20354
20355
20362
20363
20365
20366
20369
20370
20371
20372
20373
20374
20375
20376
20381
20383
20388
20392
20396
20440
20465
20467
20486
20489
20490
20493
20495
20498
20499
20500
20504
20506
20510
20512
20518
20522
20524
20527
20529
20531
20536
20539
20540
20544
20546
20549
20550
20561
20563
20567
20569
20572
20573
20575
20576
20577
20579
20580
20584
20585
20587
20590
20592
20593
20597
20598
20605
20608
20609
20612
20617
20618
20619
20622
20626
20630
20634
20639
20641
20642
20644
20646
20648
20649
20651
20655
20659
20660
20663
20665
20667
20668
20669
20670
20677
20678
20682
20690
20691
20693
20697
20698
20700
20702
20704
20705
20706
20709
20711
20714
20717
20718
20721
20724
20728
20729
20731
20736
20741
20744
20745
20746
20749
20753
20754
20755
20758
20759
20766
20769
20770
20771
20772
20774
20776
20779
20784
20788
20789
20791
20794
20795
20797
20799
20814
20824
20825
20827
20829
20830
20834
20836
20838
20840
20846
20847
20849
20852
20853
20854
20855
20861
20865
20915
20973
20976
20981
20985
20998
21013
21019
21020
21022
21024
21025
21028
21033
21035
21041
21045
21048
21049
21052
21089
21091
21093
21106
21117
21124
21127
21145
21160
21167
21175
21197
21206
21208
21215
21217
21233
21280
21361
21379
21381
21382
21385
21393
21404
21430
21431
21433
21434
21436
21441
21444
21445
21449
21453
21454
21455
21471
21477
21480
21482
21542
21546
21565
21571
21588
21609
21610
21611
21615
21644
21654
21657
21661
21663
21667
21669
21670
21673
21678
21679
21680
21681
21684
21686
21688
21691
21696
21697
21698
21700
21701
21704
21709
21714
21715
21716
21734
21764
21814
21835
21838
21841
21843
21846
21849
21851
21853
21855
21860
21862
21863
21865
21869
21872
21874
21877
21878
21880
21881
21883
21884
21885
21886
21888
21897
21902
21904
21905
21911
21913
21915
21917
21919
21920
21922
21925
21927
21928
21930
21931
21933
21935
21938
21941
21944
21945
21947
21951
21953
21954
21955
21957
21963
21966
21967
21968
21970
21972
21975
21977
21978
21981
21982
21984
21985
21988
21991
21992
21993
21994
21998
22002
22004
22005
22007
22012
22015
22018
22024
22025
22026
22028
22029
22031
22036
22039
22045
22050
22052
22083
22092
22105
22136
22155
22157
22164
22169
22173
22175
22177
22178
22179
22180
22183
22184
22201
22250
22270
22300
22305
22307
22321
22341
22344
22377
22383
22475
22487
22490
22492
22496
22498
22500
22501
22502
22503
22509
22516
22520
22526
22529
22532
22534
22540
22542
22549
22552
22555
22557
22559
22560
22609
22616
22623
22625
22630
22631
22634
22637
22638
22641
22643
22646
22647
22648
22652
22653
22659
22660
22661
22662
22669
22687
22713
22733
22734
22735
22739
22740
22744
22745
22747
22795
22808
22828
22894
22903
22968
22996
22999
23002
23003
23004
23007
23011
23012
23013
23016
23018
23022
23023
23027
23028
23030
23032
23033
23034
23035
23036
23040
23041
23042
23044
23047
23049
23051
23052
23053
23055
23056
23059
23060
23061
23065
23068
23069
23073
23074
23079
23083
23085
23089
23093
23095
23097
23098
23103
23104
23106
23108
23118
23133
23136
23137
23140
23146
23147
23152
23153
23156
23160
23161
23163
23170
23173
23195
23201
23252
23259
23266
23271
23272
23275
23278
23283
23286
23299
23302
23309
23315
23318
23330
23333
23337
23338
23341
23342
23343
23361
23363
23366
23372
23382
23383
23408
23412
23416
23418
23422
23426
23429
23433
23435
23439
23440
23445
23446
23448
23454
23455
23457
23459
23460
23464
23471
23474
23480
23495
23497
23498
23500
23501
23502
23506
23508
23511
23514
23521
23523
23524
23526
23529
23530
23533
23534
23535
23536
23539
23542
23544
23546
23547
23549
23552
23554
23555
23556
23557
23561
23562
23563
23567
23568
23573
23574
23577
23578
23580
23582
23583
23585
23588
23590
23593
23595
23596
23601
23605
23606
23610
23611
23613
23614
23618
23620
23621
23623
23625
23630
23638
23640
23643
23648
23650
23652
23654
23655
23659
23662
23663
23666
23672
23675
23676
23678
23681
23682
23696
23698
23699
23701
23704
23706
23709
23714
23778
23786
23793
23794
23796
23799
23801
23804
23805
23809
23810
23812
23813
23818
23821
23822
23824
23827
23831
23833
23835
23837
23838
23840
23844
23846
23848
23850
23852
23877
23901
23908
23920
23930
23947
23955
24025
24026
24027
24086
24098
24100
24103
24105
24106
24107
24108
24110
24114
24115
24118
24119
24120
24125
24127
24129
24130
24133
24139
24141
24146
24166
24209
24231
24232
24252
24269
24274
24275
24276
24281
24282
24289
24295
24296
24303
24305
24308
24310
24323
24333
24337
24338
24341
24343
24344
24346
24347
24350
24352
24353
24355
24357
24360
24361
24367
24372
24374
24379
24384
24388
24394
24396
24418
24420
24426
24427
24429
24469
24474
24480
24495
24496
24497
24499
24500
24503
24511
24537
24540
24551
24566
24581
24588
24589
24590
24611
24630
24632
24644
24648
24650
24655
24662
24663
24668
24670
24675
24677
24678
24679
24680
24716
24718
24719
24721
24735
24742
24743
24744
24759
24791
24809
24810
24815
24816
24817
24819
24820
24824
24825
24829
24833
24836
24841
24842
24848
24850
24854
24856
24857
24860
24863
24867
24868
24872
24875
24883
24910
24913
24917
24959
25006
25019
25025
25039
25041
25050
25060
25067
25072
25073
25075
25084
25085
25088
25095
25101
25102
25103
25112
25114
25131
25133
25135
25140
25141
25187
25192
25197
25204
25207
25211
25212
25214
25216
25218
25219
25249
25281
25305
25308
25318
25325
25343
25353
25357
25385
25388
25390
25391
25393
25416
25439
25458
25527
25565
25571
25575
25576
25578
25593
25660
25664
25732
25740
25778
25807
25810
25814
25818
25822
25823
25825
25828
25834
25835
25836
25847
25848
25852
25855
25862
25864
25867
25877
25888
25893
25919
25932
25941
25942
25943
25944
25947
25950
25951
25955
25960
25984
26011
26016
26020
26026
26032
26040
26045
26053
26058
26065
26068
26081
26085
26086
26091
26118
26119
26135
26141
26160
26163
26173
26179
26184
26199
26210
26212
26216
26219
26252
26285
26302
26307
26308
26309
26313
26316
26317
26319
26324
26327
26328
26330
26331
26333
26336
26338
26345
26376
26377
26378
26380
26383
26385
26411
26448
26452
26500
26503
26504
26510
26512
26514
26516
26517
26520
26521
26528
26532
26536
26537
26538
26543
26548
26557
26563
26564
26574
26584
26586
26634
26643
26649
26655
26656
26657
26659
26660
26665
26675
26677
26680
26689
26694
26699
26700
26717
26724
26734
26736
26742
26794
26805
26810
26814
26817
26823
26824
26829
26830
26833
26842
26847
26850
26856
26862
26865
26866
26868
26870
26881
26887
26916
26947
26958
26959
26961
26963
26965
26968
26969
26977
26978
26979
26984
27020
27028
27069
27104
27127
27147
27150
27155
27156
27158
27200
27201
27204
27205
27207
27208
27220
27274
27277
27278
27279
27280
27286
27289
27290
27292
27347
27355
27371
27382
27412
27425
27455
27477
27577
27579
27581
27582
27618
27620
27622
27624
27634
27635
27636
27639
27641
27644
27647
27650
27653
27658
27659
27661
27664
27693
27714
27718
27751
27758
27762
27763
27769
27788
27790
27792
27794
27795
27801
27803
27809
27810
27814
27816
27821
27823
27830
27835
27838
27839
27848
27851
27878
27889
27897
27905
27908
27914
27942
27959
28006
28021
28044
28064
28103
28129
28189
28194
28199
28204
28213
28221
28224
28237
28244
28260
28271
28298
28307
28339
28345
28346
28398
28405
28408
28431
28439
28459
28486
28495
28518
28656
28657
28659
28660
28661
28663
28666
28668
28669
28677
28680
28684
28686
28688
28702
28704
28706
28720
28772
28784
28787
28800
28804
28807
28815
28817
28820
28822
28828
28830
28831
28832
28838
28840
28843
28848
28851
28854
28857
28862
28863
28865
28866
28867
28871
28872
28873
28878
28880
28887
28889
28891
28892
28893
28896
28899
28903
28904
28908
28911
28914
28919
28921
28924
28928
28929
28931
28933
28936
28944
28949
28951
28955
28958
28963
28964
28967
28969
28978
28988
28989
28992
28995
28999
29001
29009
29013
29015
29019
29023
29024
29028
29042
29068
29078
29096
29115
29119
29135
29137
29138
29143
29146
29151
29152
29153
29155
29156
29160
29163
29176
29178
29194
29211
29213
29214
29232
29236
29239
29240
29242
29246
29248
29249
29251
29256
29258
29272
29278
29280
29319
29367
29368
29369
29381
29389
29393
29394
29425
29427
29428
29434
29445
29447
29451
29453
29456
29459
29470
29475
29481
29489
29490
29492
29498
29500
29509
29510
29511
29513
29517
29518
29520
29525
29526
29536
29538
29542
29543
29546
29548
29549
29552
29554
29561
29562
29568
29572
29580
29581
29582
29584
29585
29586
29590
29594
29596
29597
29606
29610
29611
29614
29652
29658
29679
29682
29709
29711
29729
29772
29796
29812
29828
29845
29846
29848
29852
29859
29860
29872
29893
29942
29963
29970
29975
29986
30018
30021
30100
30147
30183
30190
30192
30196
30197
30198
30200
30201
30207
30209
30210
30213
30214
30219
30220
30221
30224
30227
30231
30235
30238
30240
30241
30244
30246
30249
30253
30257
30259
30260
30263
30265
30268
30271
30273
30275
30276
30280
30282
30287
30289
30293
30295
30297
30298
30301
30302
30304
30306
30307
30308
30312
30318
30321
30322
30323
30329
30334
30335
30337
30339
30342
30344
30346
30349
30351
30352
30355
30359
30360
30370
30371
30377
30378
30379
30381
30387
30388
30389
30391
30393
30398
30401
30407
30409
30476
30483
30485
30492
30495
30523
30628
30701
30793
30920
30987
30993
30995
31000
31016
31031
31129
31156
31166
31167
31190
31216
31217
31224
31225
31228
31235
31239
31240
31241
31252
31260
31261
31264
31303
31308
31310
31311
31317
31319
31322
31341
31363
31414
31455
31492
31509
31516
31537
31538
31541
31543
31546
31550
31566
31568
31570
31573
31575
31576
31582
31583
31586
31587
31589
31595
31598
31600
31602
31633
31635
31637
31638
31641
31643
31644
31648
31651
31653
31655
31658
31659
31661
31663
31666
31668
31671
31677
31678
31680
31682
31683
31686
31691
31695
31696
31698
31700
31703
31708
31750
31752
31766
31779
31808
31817
31863
31864
31865
31868
31870
31872
31906
31927
31945
31946
31956
31976
31980
31981
31984
31988
31990
31992
31996
31999
32003
32005
32018
32021
32025
32041
32043
32044
32047
32050
32051
32056
32057
32058
32060
32065
32098
32114
32177
32209
32295
32305
32330
32377
32399
32401
32406
32407
32409
32410
32414
32416
32436
32451
32455
32457
32460
32464
32467
32468
32470
32473
32474
32475
32476
32482
32484
32487
32494
32495
32496
32499
32505
32508
32509
32518
32520
32523
32529
32533
32534
32536
32539
32540
32541
32542
32580
32597
32609
32610
32623
32628
32632
32668
32669
32677
32679
32702
32710
32715
32739
32741
32742
32743
32749
32755
32756
32760
32762
32764
32769
32771
32772
32777
32782
32784
32786
32787
32794
32798
32800
32806
32810
32812
32814
32816
32818
32822
32824
32825
32828
32829
32831
32834
32841
32845
32847
32849
32852
32859
32861
32863
32868
32869
32872
32874
32877
32879
32880
32883
32885
32888
32889
32896
32900
32904
32909
32912
32915
32917
32920
32921
32927
32928
32929
32933
32936
32940
32942
32944
32950
32952
32956
32962
32963
32965
32968
32970
32973
32976
32978
32979
32980
32983
32988
32989
32990
32992
32995
32997
32999
33000
33003
33006
33009
33012
33013
33014
33018
33021
33026
33031
33088
33101
33104
33110
33112
33136
33175
33294
33304
33309
33327
33330
33331
33334
33341
33345
33350
33376
33379
33398
33399
33400
33402
33405
33408
33410
33448
33449
33451
33452
33454
33457
33459
33464
33468
33470
33471
33472
33537
33541
33545
33565
33594
33606
33732
33735
33793
33871
33886
33908
33917
33919
33921
33924
33928
33930
33931
33933
33934
33935
33938
33940
33941
33944
33945
33949
33951
33952
33954
33956
33957
33958
33962
33964
33966
33970
33972
33974
33978
33979
33980
33981
34018
34020
34033
34034
34035
34037
34042
34046
34053
34060
34079
34081
34086
34091
34101
34104
34108
34109
34112
34117
34119
34123
34125
34162
34169
34179
34212
34217
34265
34266
34284
34287
34291
34345
34355
34356
34375
34410
34416
34425
34427
34444
34446
34456
34459
34462
34465
34472
34473
34479
34491
34493
34507
34525
34546
34550
34578
34580
34593
34613
34623
34626
34628
34638
34663
34667
34686
34688
34692
34740
34747
34767
34780
34785
34789
34790
34791
34902
34922
34974
35000
35070
35086
35098
35100
35102
35105
35106
35110
35114
35115
35119
35126
35130
35198
35286
35288
35292
35300
35309
35330
35346
35359
35399
35422
35479
35484
35489
35502
35549
35554
35562
35603
35617
35671
35673
35678
35696
35702
35703
35708
35710
35711
35734
35776
35792
35821
35829
35864
35916
35924
35949
35976
35977
35980
35986
35991
35995
36001
36007
36012
36013
36015
36029
36031
36032
36045
36063
36071
36073
36077
36079
36081
36083
36085
36090
36111
36116
36117
36118
36122
36123
36124
36126
36127
36128
36130
36222
36237
36263
36264
36275
36277
36280
36284
36288
36290
36293
36295
36298
36300
36301
36302
36310
36313
36314
36315
36317
36321
36323
36326
36329
36335
36338
36340
36341
36345
36346
36354
36355
36356
36358
36364
36365
36367
36394
36426
36474
36479
36490
36491
36495
36498
36499
36500
36509
36565
36570
36571
36577
36579
36581
36582
36584
36586
36588
36589
36590
36592
36594
36596
36598
36599
36604
36605
36607
36609
36610
36611
36613
36617
36620
36624
36625
36627
36629
36632
36637
36640
36642
36686
36692
36695
36719
36749
36751
36775
36790
36868
36869
36879
36918
36998
36999
37000
37001
37003
37005
37021
37035
37057
37072
37073
37143
37161
37211
37217
37218
37225
37250
37258
37281
37289
37300
37302
37338
37391
37393
37394
37397
37422
37424
37457
37461
37463
37466
37470
37472
37475
37488
37512
37558
37563
37621
37622
37666
37678
37684
37687
37715
37717
37724
37753
37764
37785
37809
37833
37859
37872
37877
37910
37928
37952
37958
37959
37966
37990
38007
38008
38009
38010
38030
38044
38048
38049
38050
38058
38059
38071
38075
38079
38080
38081
38083
38085
38092
38115
38120
38132
38187
38218
38237
38239
38241
38244
38245
38314
38335
38338
38342
38343
38344
38345
38347
38348
38357
38359
38360
38410
38429
38438
38498
38502
38510
38533
38552
38633
38634
38638
38696
38744
38764
38776
38793
38811
38878
38889
38904
38905
38906
38908
38909
38911
38912
38913
38916
38918
38920
38922
38926
38932
38935
38937
38970
38985
38993
39021
39033
39072
39073
39075
39077
39081
39084
39086
39088
39089
39104
39142
39143
39145
39147
39148
39153
39156
39158
39161
39162
39165
39166
39173
39228
39258
39284
39304
39306
39307
39309
39313
39316
39320
39321
39326
39328
39332
39333
39336
39338
39339
39344
39346
39347
39349
39351
39352
39378
39402
39413
39486
39516
39561
39563
39574
39594
39605
39613
39673
39705
39713
39765
39766
39768
39787
39816
39842
39870
39882
39934
39967
39968
39970
39971
39975
39976
39977
39979
39987
40005
40034
40059
40081
40127
40148
40161
40219
40224
40267
40366
40369
40395
40398
40465
40466
40491
40607
40618
40632
40687
40688
40722
40842
40844
40849
40869
40884
40945
40950
41131
41134
41148
41234
41243
41268
41272
41273
41276
41281
41286
41290
41292
41314
41329
41336
41357
41379
41380
41397
41408
41412
41418
41419
41425
41428
41434
41490
41492
41513
41517
41519
41521
41524
41527
41545
41566
41567
41568
41569
41573
41586
41592
41603
41699
41770
41785
41792
41795
41807
41809
41811
41824
41825
41828
41834
41835
41845
41846
41848
41852
41873
41901
41904
41913
41918
41926
41928
41933
41935
41940
41942
41945
41947
41948
41949
41955
41961
41962
41964
41969
41979
41986
41989
42004
42005
42009
42019
42022
42026
42027
42030
42035
42036
42038
42039
42041
42053
42056
42061
42064
42066
42069
42072
42073
42076
42077
42080
42085
42088
42091
42093
42096
42100
42105
42106
42107
42108
42114
42116
42118
42119
42122
42124
42129
42130
42135
42138
42144
42148
42152
42154
42156
42157
42159
42163
42168
42173
42191
42201
42203
42237
42255
42261
42322
42393
42424
42449
42496
42533
42550
42552
42601
42612
42648
42734
42745
42770
42774
42880
42885
43006
43010
43011
43013
43017
43022
43029
43035
43050
43053
43071
43100
43126
43133
43138
43151
43193
43197
43202
43219
43254
43339
43362
43363
43366
43367
43388
43408
43417
43418
43434
43506
43511
43521
43556
43564
43595
43601
43607
43619
43632
43648
43650
43657
43662
43663
43699
43731
43768
43771
43779
43782
43787
43821
43826
43835
43892
43899
43903
43904
43910
43913
43914
43925
43928
43929
43932
43946
43949
43975
43978
43984
43985
43986
44000
44004
44006
44009
44014
44033
44036
44046
44060
44076
44095
44106
44114
44126
44128
44143
44153
44201
44213
44283
44313
44382
44479
44487
44496
44561
44568
44578
44678
44698
44721
44724
44753
44763
44773
44778
44809
44821
44830
44837
44867
44877
44881
44883
44887
44892
44894
44895
44897
44900
44904
44906
44912
44959
45015
45046
45047
45049
45052
45053
45055
45056
45058
45060
45156
45172
45240
45251
45289
45298
45307
45320
45321
45324
45325
45327
45330
45332
45334
45335
45336
45341
45342
45343
45345
45349
45351
45355
45358
45383
45395
45405
45413
45424
45435
45439
45444
45448
45451
45464
45476
45479
45499
45501
45503
45506
45539
45545
45586
45603
45607
45612
45623
45631
45658
45678
45691
45737
45754
45763
45781
45826
45833
45905
45928
45955
45967
45972
45989
45992
46035
46100
46149
46158
46183
46210
46255
46291
46293
46299
46300
46319
46337
46347
46356
46380
46381
46391
46446
46464
46475
46532
46538
46546
46586
46587
46593
46595
46596
46599
46600
46603
46607
46609
46634
46690
46814
46824
46888
46939
46941
46957
46983
47031
47075
47076
47084
47087
47089
47091
47092
47094
47097
47101
47104
47107
47199
47269
47277
47299
47313
47352
47356
47358
47363
47369
47371
47372
47376
47379
47381
47383
47384
47387
47390
47396
47405
47411
47416
47424
47428
47434
47435
47437
47440
47444
47445
47447
47469
47478
47540
47542
47555
47573
47594
47636
47662
47680
47683
47688
47702
47709
47782
47839
47850
47863
47866
47878
47909
47923
47951
47952
47964
48019
48090
48101
48106
48188
48192
48198
48201
48208
48222
48246
48252
48266
48270
48303
48307
48314
48317
48320
48330
48335
48349
48350
48374
48376
48378
48379
48402
48426
48445
48457
48466
48590
48609
48641
48657
48661
48667
48670
48673
48674
48679
48681
48684
48688
48689
48695
48696
48697
48699
48701
48705
48708
48709
48717
48719
48722
48725
48729
48733
48735
48740
48747
48748
48752
48755
48782
48784
48789
48790
48792
48795
48801
48805
48807
48812
48833
48836
48839
48851
48852
48861
48929
48963
48982
48987
49071
49076
49108
49119
49217
49218
49219
49223
49225
49274
49295
49325
49331
49345
49348
49392
49432
49435
49442
49446
49448
49451
49452
49455
49457
49459
49463
49472
49474
49477
49480
49481
49483
49488
49491
49493
49495
49496
49498
49502
49508
49509
49515
49516
49517
49518
49519
49521
49524
49526
49528
49530
49531
49533
49535
49538
49542
49544
49552
49579
49597
49601
49657
49659
49669
49671
49676
49682
49690
49694
49695
49696
49723
49776
49823
49830
49848
49862
49914
49917
49919
49959
49967
49981
49986
49987
50006
50038
50045
50052
50071
50096
50173
50206
50210
50227
50251
50254
50262
50272
50275
50286
50296
50302
50306
50324
50364
50430
50474
50523
50525
50558
50594
50619
50678
50701
50746
50782
50805
50815
50821
50863
50866
50871
50878
50919
50928
50951
50957
50965
50967
50969
50977
50980
50982
50983
50991
51033
51078
51080
51101
51128
51140
51142
51185
51202
51248
51254
51268
51270
51286
51298
51328
51341
51353
51389
51426
51483
51490
51491
51497
51501
51515
51519
51524
51531
51541
51568
51576
51609
51612
51686
51862
51917
52066
52129
52161
52189
52215
52251
52316
52460
52493
52512
52585
52628
52795
52837
52850
52903
52921
52941
52948
52960
52963
52966
52968
52973
53044
53120
53176
53201
53240
53274
53302
53375
53377
53380
53383
53384
53388
53389
53392
53447
53451
53453
53456
53459
53462
53466
53467
53468
53490
53493
53495
53504
53506
53507
53518
53520
53528
53535
53540
53543
53545
53556
53559
53562
53566
53569
53571
53575
53579
53581
53588
53590
53595
53596
53599
53601
53602
53604
53608
53612
53614
53616
53618
53621
53625
53628
53632
53635
53638
53729
53749
53843
53861
53989
53991
54019
54040
54044
54046
54057
54058
54061
54065
54089
54091
54095
54099
54101
54107
54108
54113
54115
54116
54117
54119
54127
54132
54134
54136
54140
54144
54147
54170
54175
54178
54192
54194
54195
54200
54202
54203
54209
54210
54214
54218
54219
54221
54222
54224
54225
54228
54233
54241
54247
54248
54249
54253
54255
54259
54279
54283
54285
54286
54289
54290
54293
54297
54308
54314
54317
54318
54320
54321
54334
54341
54349
54414
54418
54502
54510
54517
54544
54655
54682
54684
54686
54690
54692
54694
54696
54700
54704
54705
54751
54814
54823
54977
55017
55023
55040
55041
55042
55045
55048
55050
55054
55055
55058
55060
55061
55065
55068
55069
55075
55077
55087
55091
55093
55095
55101
55102
55105
55115
55142
55258
55260
55264
55268
55272
55281
55293
55295
55297
55304
55313
55337
55339
55341
55346
55350
55354
55452
55461
55471
55472
55507
55556
55560
55576
55579
55582
55587
55589
55590
55592
55593
55596
55597
55602
55604
55707
55749
55814
56027
56029
56054
56066
56136
56190
56197
56267
56273
56286
56413
56428
56462
56465
56473
56478
56480
56482
56563
56565
56567
56569
56570
56576
56578
56581
56584
56587
56622
56727
56826
56828
56836
56848
56873
56896
57049
57059
57264
57271
57289
57304
57306
57308
57310
57311
57313
57315
57317
57318
57320
57322
57325
57364
57422
57459
57467
57524
57555
57596
57656
57686
57698
57745
57829
57865
57872
57874
57877
57880
57885
57886
57887
57891
57894
57899
57903
57904
57915
57917
57923
57926
57936
57937
57945
57947
57956
57958
57966
57968
57970
57973
57979
57985
57986
57988
57990
57999
58007
58071
58099
58128
58131
58183
58190
58201
58203
58206
58210
58212
58214
58217
58221
58226
58231
58238
58241
58245
58249
58252
58254
58255
58270
58275
58276
58284
58289
58290
58293
58329
58388
58478
58578
58581
58583
58585
58588
58659
58703
58705
58707
58710
58713
58720
58723
58727
58729
58738
58739
58748
58754
58778
58781
58782
58813
58867
59081
59082
59083
59086
59090
59177
59202
59259
59266
59272
59299
59321
59324
59331
59337
59338
59344
59353
59357
59374
59382
59415
59429
59476
59486
59537
59567
59568
59698
59712
59829
59949
60087
60099
60165
60204
60230
60256
60260
60270
60294
60300
60313
60341
60366
60408
60418
60424
60426
60427
60431
60434
60436
60450
60462
60467
60490
60520
60621
60657
60756
60835
60840
60843
60845
60853
60854
60859
60863
60864
60866
60868
60871
60881
60888
60892
60895
60898
60901
60904
60905
60906
60934
60942
60945
60946
60949
60982
60984
60987
60996
60999
61070
61074
61083
61085
61126
61176
61209
61210
61222
61245
61254
61258
61303
61324
61326
61327
61329
61330
61339
61341
61346
61347
61349
61351
61386
61460
61541
61549
61560
61567
61568
61578
61584
61595
61599
61627
61640
61652
61660
61669
61673
61676
61685
61687
61698
61701
61747
61761
61766
61778
61783
61785
61791
61849
61944
62013
62053
62140
62228
62231
62246
62270
62272
62287
62295
62298
62302
62324
62332
62339
62353
62378
62380
62384
62386
62391
62411
62591
62592
62594
62602
62707
62790
62795
62827
62831
62833
62921
62965
62972
63001
63135
63141
63149
63180
63281
63362
63363
63365
63366
63368
63370
63371
63373
63374
63376
63378
63398
63468
63665
63800
63824
63848
63888
64013
64048
64057
64059
64063
64079
64081
64103
64148
64149
64311
64383
64390
64396
64413
64419
64435
64438
64447
64453
64457
64463
64466
64478
64489
64492
64502
64584
64586
64589
64591
64594
64597
64604
64605
64607
64610
64615
64620
64626
64630
64635
64640
64642
64647
64654
64656
64658
64660
64668
64675
64679
64688
64690
64693
64704
64705
64709
64710
64715
64723
64737
64739
64744
64747
64750
64755
64759
64769
64770
64775
64776
64779
64783
64785
64786
64788
64789
64792
64793
64800
64813
64816
64822
64834
64835
64839
64842
64844
64847
64854
64857
64863
64865
64872
64874
64877
64890
64984
64994
64995
64996
65041
65191
65291
65414
65492
65606
65609
65612
65661
65676
65863
65870
65928
65985
66008
66189
66225
66275
66375
66571
66744
66791
66818
66881
66886
67010
67160
67162
67168
67191
67299
67333
67468
67510
67514
67516
67518
67519
67520
67601
67696
67697
67701
67839
67908
67924
67953
67985
67987
67989
67991
67992
67994
67995
67997
68020
68030
68048
68069
68070
68072
68079
68161
68175
68181
68304
68476
68491
68742
68746
68842
68895
68927
68947
68950
69277
69406
69529
69545
69591
69612
69664
69784
69797
69937
69997
70150
70349
70456
70609
70674
70776
70779
70782
70786
70920
70959
70963
70967
70974
70976
70989
71082
71171
71228
71231
71235
71236
71249
71250
71252
71253
71274
71291
71307
71308
71316
71321
71326
71327
71331
71338
71348
71354
71359
71367
71376
71379
71383
71394
71398
71404
71405
71407
71418
71426
71433
71459
71461
71462
71468
71478
71480
71483
71494
71496
71514
71518
71521
71524
71534
71541
71543
71586
71588
71591
71595
71598
71601
71602
71605
71614
71618
71642
71644
71646
71647
71648
71653
71663
71667
71668
71683
71691
71703
71704
71705
71712
71714
71720
71724
71729
71735
71740
71750
71753
71759
71776
71795
71801
71802
71805
71808
71812
71821
71828
71834
71839
71843
71847
71850
71855
71858
71862
71872
71879
71880
71883
71886
71921
72123
72127
72129
72132
72307
72387
72397
72430
72461
72462
72467
72473
72482
72484
72492
72497
72499
72514
72534
72540
72570
72576
72587
72592
72613
72623
72628
72723
72730
72735
72739
72746
72750
72756
72757
72764
72768
72771
72774
72812
72863
72864
72888
72896
72902
72907
72908
72910
72921
72923
72927
72931
72935
72937
72946
72948
72949
72954
72955
72963
72964
72968
72969
72971
72975
72977
72983
72993
73000
73008
73013
73052
73055
73060
73142
73198
73214
73215
73242
73244
73247
73248
73251
73255
73259
73260
73262
73265
73282
73292
73293
73297
73364
73390
73392
73396
73400
73404
73418
73430
73432
73458
73464
73470
73481
73482
73553
73556
73566
73573
73575
73579
73582
73587
73591
73596
73601
73602
73605
73608
73613
73618
73627
73638
73640
73647
73664
73666
73670
73678
73682
73915
74044
74301
74587
74825
74857
74932
75112
75424
75536
75634
75650
75825
75958
76034
76211
76259
76514
76549
76646
76681
76749
76773
76782
76866
76879
76881
77025
77032
77090
77387
77446
77473
77586
77764
77787
77838
77912
77928
77966
77969
78156
78159
78161
78165
78197
78258
78755
78833
78876
78919
79053
79115
79157
79221
79246
79340
79359
79489
79503
79523
79527
79531
79541
79542
79612
79684
79829
79830
79833
79835
79843
79848
79849
79854
79867
79886
79893
79904
79921
79925
79928
79942
79952
79959
