0 19
0 39
0 24
2 19
0 13
3 19
1 39
2 39
3 39
1 24
2 24
0 27
2 34
3 24
0 34
4 39
1 19
2 30
4 24
0 3
1 27
1 13
2 27
2 17
4 19
1 3
2 3
3 3
4 3
0 9
3 27
0 1
3 30
2 5
0 22
2 9
0 5
1 9
0 49
3 9
2 49
4 9
1 1
2 1
2 15
3 1
4 27
0 32
1 5
1 34
0 20
4 1
3 5
2 13
1 32
0 17
3 34
1 49
0 45
3 49
0 30
0 21
3 13
1 17
0 42
2 32
1 42
1 20
2 48
0 36
2 20
2 42
1 21
3 20
1 36
1 45
2 36
0 2
0 37
3 36
4 49
4 13
0 48
2 45
0 33
2 44
0 16
2 38
1 37
0 18
1 48
3 48
2 37
3 38
1 2
2 6
3 32
1 16
1 33
4 48
3 6
2 35
2 25
2 16
4 36
1 18
3 45
0 14
1 22
2 22
3 22
0 46
2 18
2 2
0 29
2 21
0 12
4 6
1 12
0 38
1 14
3 17
3 37
0 44
0 35
2 12
1 46
0 0
0 11
3 42
4 20
2 33
4 5
0 15
3 16
2 28
0 6
2 29
1 35
0 7
4 37
3 33
3 21
0 25
1 38
1 30
1 0
4 16
4 17
1 11
4 32
0 23
1 44
1 25
2 46
2 0
0 8
2 11
4 33
1 23
0 47
2 40
3 18
0 26
3 0
4 45
4 42
1 6
3 28
1 8
3 2
0 31
3 12
0 41
0 43
0 40
4 30
3 25
1 47
2 8
3 11
4 0
4 11
2 47
2 4
4 21
3 8
2 14
4 2
4 8
0 4
1 43
1 15
1 26
1 41
2 43
0 10
4 12
0 28
1 29
3 47
1 31
4 18
4 47
3 15
4 34
1 4
2 31
4 25
1 40
2 23
3 46
1 28
1 10
1 7
2 10
3 31
3 29
3 10
2 7
2 26
3 44
3 23
3 43
4 10
3 14
3 40
2 41
3 41
4 31
4 22
4 43
4 46
4 14
4 15
3 7
4 40
3 26
3 4
4 41
4 44
4 7
4 38
3 35
4 35
4 29
4 28
4 23
4 26
4 4

Score: 125.22000000000041