0
0
2
4
7
10
20
63
82
91
96
110
112
113
114
118
139
141
143
144
150
152
155
158
160
162
163
165
167
168
170
172
174
176
178
179
186
187
191
193
194
195
200
201
204
206
209
213
221
224
227
229
231
232
234
235
237
238
239
241
242
244
251
253
254
259
261
264
265
267
273
274
276
278
281
283
290
301
320
324
329
336
337
341
342
343
344
345
347
348
352
354
357
368
369
371
378
397
399
411
425
427
430
434
436
437
440
462
466
471
486
490
492
494
496
497
498
503
504
506
510
514
518
519
522
523
528
529
531
533
539
540
542
543
545
556
560
562
576
583
587
588
590
600
608
610
615
626
630
633
635
637
639
641
642
646
653
663
708
711
732
740
744
746
747
749
750
752
756
758
762
764
766
767
773
775
783
784
786
788
790
793
797
805
808
811
813
818
819
820
822
824
825
826
829
832
834
841
842
844
845
848
849
854
855
857
858
859
861
862
866
867
869
870
877
879
880
882
884
886
889
890
892
893
902
903
904
908
910
911
912
914
917
919
923
929
931
932
935
936
939
948
952
954
957
958
959
960
962
964
965
967
968
969
972
975
976
978
981
982
991
995
997
1005
1010
1011
1017
1021
1027
1034
1039
1041
1043
1045
1047
1048
1049
1050
1052
1055
1057
1059
1060
1061
1063
1064
1065
1067
1068
1070
1071
1073
1076
1079
1080
1082
1083
1087
1088
1089
1090
1091
1095
1098
1100
1103
1110
1111
1118
1119
1120
1122
1124
1126
1127
1129
1132
1135
1136
1137
1139
1140
1143
1144
1146
1152
1153
1155
1156
1157
1160
1163
1164
1168
1170
1172
1176
1177
1179
1183
1188
1189
1191
1192
1195
1199
1200
1201
1202
1207
1208
1209
1211
1212
1213
1217
1222
1223
1225
1227
1228
1230
1234
1236
1237
1239
1240
1243
1251
1254
1255
1259
1265
1267
1269
1274
1276
1278
1279
1280
1283
1284
1288
1290
1292
1293
1296
1297
1301
1304
1307
1309
1311
1312
1318
1320
1322
1325
1328
1330
1334
1335
1336
1337
1339
1340
1343
1349
1350
1351
1354
1355
1356
1359
1360
1365
1367
1369
1376
1377
1380
1382
1384
1386
1387
1393
1397
1400
1402
1403
1406
1407
1409
1411
1415
1417
1419
1427
1428
1431
1432
1434
1437
1440
1441
1443
1444
1445
1447
1451
1452
1463
1466
1468
1475
1485
1491
1502
1505
1508
1513
1522
1524
1534
1537
1539
1542
1544
1552
1553
1557
1558
1565
1582
1599
1603
1605
1611
1615
1619
1620
1622
1626
1629
1632
1634
1635
1639
1640
1641
1643
1647
1648
1649
1654
1657
1658
1660
1665
1671
1672
1675
1676
1677
1683
1684
1685
1690
1691
1692
1695
1696
1698
1700
1701
1705
1706
1707
1709
1712
1714
1715
1717
1718
1722
1727
1728
1729
1731
1736
1741
1745
1747
1749
1751
1756
1761
1763
1766
1767
1769
1770
1771
1774
1778
1779
1783
1788
1790
1791
1796
1799
1800
1803
1806
1807
1812
1815
1821
1836
1856
1861
1865
1868
1872
1875
1877
1883
1887
1890
1896
1900
1905
1907
1908
1909
1915
1921
1925
1926
1928
1937
1941
1943
1946
1949
1951
1952
1955
1957
1959
1961
1964
1965
1967
1968
1970
1971
1972
1974
1980
1982
1983
1985
1993
2000
2002
2003
2004
2006
2007
2010
2012
2014
2019
2023
2025
2027
2032
2036
2038
2042
2044
2045
2046
2048
2050
2053
2055
2058
2060
2064
2065
2067
2069
2070
2073
2075
2078
2079
2081
2082
2083
2084
2087
2088
2090
2092
2096
2097
2100
2105
2106
2107
2109
2110
2111
2112
2113
2120
2125
2128
2132
2133
2134
2135
2137
2141
2142
2145
2147
2148
2153
2154
2157
2164
2166
2169
2171
2175
2176
2177
2180
2183
2184
2186
2191
2193
2195
2196
2200
2201
2202
2210
2211
2213
2216
2227
2231
2232
2235
2240
2241
2243
2246
2253
2254
2256
2258
2267
2268
2271
2275
2276
2278
2284
2287
2288
2299
2308
2313
2316
2318
2319
2324
2326
2329
2330
2332
2334
2338
2340
2343
2345
2346
2350
2356
2357
2366
2367
2372
2374
2375
2380
2381
2383
2390
2392
2395
2401
2403
2409
2412
2413
2423
2427
2429
2430
2433
2437
2442
2443
2454
2467
2471
2476
2477
2481
2483
2491
2493
2496
2500
2517
2527
2542
2544
2557
2573
2574
2576
2577
2579
2582
2584
2586
2590
2593
2594
2597
2599
2601
2604
2605
2607
2610
2612
2615
2619
2620
2621
2627
2629
2630
2631
2632
2633
2635
2637
2639
2640
2642
2643
2653
2669
2686
2692
2694
2698
2699
2703
2707
2712
2754
2767
2774
2778
2780
2781
2783
2785
2787
2788
2789
2790
2791
2794
2798
2801
2805
2810
2817
2819
2821
2822
2824
2827
2828
2831
2832
2839
2845
2849
2852
2854
2867
2881
2886
2887
2890
2891
2893
2895
2902
2904
2905
2906
2911
2924
2926
2951
2952
2959
2962
2976
2977
2978
2979
2980
2983
2990
2991
2993
2994
2997
3005
3007
3009
3010
3012
3016
3017
3019
3020
3025
3026
3028
3029
3031
3033
3035
3036
3043
3044
3046
3048
3052
3057
3062
3063
3064
3068
3071
3073
3076
3077
3079
3086
3088
3089
3090
3091
3092
3093
3094
3097
3100
3104
3109
3110
3112
3116
3117
3121
3128
3130
3134
3136
3138
3140
3142
3145
3148
3150
3151
3155
3157
3166
3167
3173
3185
3187
3190
3196
3197
3198
3200
3201
3202
3204
3206
3209
3213
3217
3218
3221
3222
3223
3225
3227
3229
3233
3234
3235
3236
3237
3240
3241
3248
3254
3255
3256
3260
3265
3266
3267
3269
3271
3272
3273
3275
3276
3278
3284
3286
3289
3290
3291
3293
3296
3297
3298
3299
3304
3305
3307
3308
3314
3316
3319
3321
3323
3325
3326
3327
3332
3334
3336
3338
3342
3344
3345
3346
3347
3348
3353
3355
3358
3359
3361
3363
3364
3365
3368
3372
3380
3382
3383
3384
3386
3387
3389
3392
3397
3399
3401
3412
3416
3418
3422
3424
3426
3428
3429
3435
3445
3448
3450
3451
3452
3454
3458
3461
3465
3466
3468
3471
3477
3479
3480
3482
3484
3487
3489
3490
3491
3492
3493
3494
3497
3498
3499
3500
3501
3502
3504
3507
3508
3513
3516
3518
3523
3528
3529
3531
3533
3534
3536
3537
3538
3539
3544
3547
3549
3551
3555
3556
3559
3562
3563
3567
3568
3571
3574
3576
3578
3582
3585
3587
3590
3595
3599
3600
3601
3605
3609
3611
3612
3614
3617
3649
3656
3670
3672
3675
3686
3723
3724
3726
3728
3731
3733
3735
3740
3742
3746
3749
3757
3758
3759
3760
3761
3763
3764
3765
3766
3772
3773
3775
3780
3783
3791
3793
3796
3801
3802
3803
3804
3805
3806
3812
3817
3819
3821
3822
3824
3826
3829
3831
3839
3849
3850
3856
3857
3858
3861
3862
3871
3876
3877
3879
3881
3882
3888
3890
3891
3892
3896
3900
3901
3904
3908
3910
3911
3915
3919
3921
3922
3924
3926
3927
3932
3934
3935
3939
3940
3942
3943
3944
3947
3948
3967
3977
3992
3996
4003
4013
4019
4040
4051
4053
4055
4065
4073
4074
4075
4076
4078
4080
4081
4083
4084
4086
4090
4091
4092
4093
4100
4104
4108
4110
4112
4114
4115
4116
4118
4120
4122
4124
4126
4128
4129
4134
4137
4138
4140
4142
4144
4146
4148
4152
4153
4155
4157
4160
4162
4165
4166
4170
4173
4174
4175
4177
4179
4180
4182
4184
4187
4191
4193
4195
4197
4199
4201
4206
4209
4210
4212
4215
4216
4220
4221
4222
4224
4227
4229
4233
4235
4237
4239
4240
4243
4245
4247
4249
4251
4252
4254
4258
4260
4262
4263
4264
4267
4270
4272
4273
4277
4278
4280
4281
4284
4286
4288
4290
4293
4295
4298
4301
4303
4304
4305
4307
4310
4312
4314
4316
4318
4320
4324
4326
4327
4328
4329
4333
4335
4337
4339
4340
4342
4344
4345
4346
4352
4353
4355
4356
4359
4363
4364
4367
4369
4370
4371
4372
4373
4378
4381
4383
4386
4388
4391
4394
4396
4397
4398
4400
4402
4407
4410
4413
4415
4420
4422
4423
4426
4429
4430
4432
4433
4436
4444
4445
4446
4447
4449
4450
4451
4452
4457
4460
4462
4465
4466
4467
4472
4475
4477
4482
4483
4485
4486
4487
4489
4491
4492
4494
4496
4499
4502
4505
4507
4509
4513
4514
4515
4518
4519
4525
4526
4528
4532
4534
4536
4540
4543
4544
4547
4549
4553
4555
4556
4557
4561
4563
4565
4600
4602
4603
4606
4611
4615
4616
4618
4624
4627
4639
4643
4645
4655
4663
4664
4667
4669
4672
4675
4679
4683
4684
4687
4688
4690
4691
4692
4694
4696
4698
4699
4701
4703
4711
4718
4720
4722
4726
4731
4735
4739
4741
4742
4744
4749
4751
4757
4758
4765
4772
4778
4784
4790
4795
4798
4800
4802
4803
4852
4859
4860
4863
4865
4866
4869
4870
4877
4879
4880
4882
4884
4885
4886
4887
4888
4892
4895
4899
4900
4902
4908
4909
4910
4913
4916
4917
4919
4921
4922
4924
4929
4930
4933
4934
4936
4938
4943
4946
4948
4952
4954
4956
4959
4960
4961
4963
4964
4966
4967
4968
4970
4971
4972
4979
4980
4983
4984
4986
4989
4992
4993
4997
5000
5001
5002
5004
5006
5007
5010
5016
5018
5021
5022
5028
5029
5032
5034
5036
5039
5040
5042
5044
5046
5047
5049
5051
5052
5053
5055
5058
5059
5061
5063
5064
5065
5066
5070
5074
5075
5076
5077
5080
5083
5084
5085
5087
5088
5091
5094
5098
5099
5100
5102
5104
5105
5108
5109
5110
5114
5116
5117
5123
5126
5127
5129
5131
5132
5138
5139
5140
5142
5146
5149
5150
5153
5154
5158
5162
5171
5174
5175
5177
5181
5193
5199
5203
5205
5208
5209
5210
5211
5215
5217
5219
5221
5225
5231
5235
5238
5239
5240
5242
5243
5244
5247
5250
5251
5252
5253
5254
5255
5257
5258
5261
5265
5267
5270
5272
5275
5276
5278
5280
5286
5287
5288
5292
5295
5300
5324
5325
5329
5335
5341
5362
5364
5376
5386
5391
5403
5412
5419
5439
5445
5446
5448
5456
5465
5466
5472
5473
5475
5477
5480
5482
5487
5497
5498
5502
5504
5510
5511
5513
5514
5516
5517
5520
5521
5538
5542
5544
5548
5549
5551
5553
5561
5563
5564
5566
5567
5570
5578
5579
5580
5581
5584
5586
5592
5593
5594
5599
5600
5602
5603
5604
5608
5610
5612
5613
5630
5635
5641
5645
5647
5648
5650
5656
5657
5658
5660
5662
5665
5673
5675
5677
5684
5686
5689
5692
5694
5695
5697
5698
5700
5701
5703
5704
5706
5708
5710
5713
5720
5721
5723
5724
5725
5728
5729
5730
5735
5738
5739
5740
5742
5743
5745
5746
5750
5751
5752
5757
5758
5762
5763
5767
5770
5773
5780
5785
5787
5788
5789
5792
5793
5795
5796
5797
5798
5799
5800
5804
5808
5810
5812
5813
5819
5822
5824
5828
5831
5834
5836
5838
5839
5843
5844
5848
5849
5851
5852
5855
5857
5859
5862
5869
5878
5879
5882
5883
5885
5888
5890
5894
5898
5900
5903
5906
5908
5912
5913
5917
5919
5922
5923
5924
5927
5932
5933
5935
5938
5940
5941
5942
5944
5947
5951
5954
5956
5959
5961
5962
5963
5964
5969
5970
5972
5974
5975
5979
5980
5981
5982
5984
5985
5986
5988
5991
5994
5997
6001
6003
6004
6005
6009
6020
6021
6023
6024
6026
6028
6030
6031
6032
6034
6037
6040
6041
6050
6054
6056
6057
6058
6060
6061
6064
6065
6067
6070
6076
6077
6078
6079
6082
6083
6084
6085
6087
6090
6095
6097
6098
6100
6102
6108
6111
6114
6117
6122
6125
6131
6133
6135
6139
6142
6144
6145
6147
6153
6158
6159
6163
6165
6168
6172
6180
6181
6182
6184
6187
6190
6192
6193
6196
6198
6199
6201
6202
6204
6207
6208
6211
6215
6218
6220
6226
6227
6229
6232
6233
6235
6236
6239
6243
6245
6249
6251
6254
6256
6260
6263
6266
6269
6270
6271
6276
6282
6285
6287
6289
6293
6295
6297
6299
6300
6301
6305
6307
6313
6316
6320
6333
6334
6336
6337
6340
6341
6343
6344
6347
6348
6349
6358
6360
6363
6364
6366
6367
6369
6370
6371
6373
6375
6377
6379
6380
6382
6385
6388
6389
6391
6392
6393
6396
6402
6404
6405
6407
6409
6410
6415
6419
6420
6422
6423
6425
6430
6433
6434
6437
6438
6440
6441
6442
6443
6447
6448
6449
6450
6451
6453
6457
6458
6459
6462
6465
6468
6470
6475
6480
6482
6486
6487
6489
6491
6495
6496
6497
6499
6501
6504
6507
6508
6510
6511
6513
6514
6515
6516
6517
6520
6521
6524
6527
6528
6529
6530
6531
6535
6536
6537
6540
6543
6544
6552
6553
6554
6559
6561
6565
6567
6573
6575
6576
6580
6581
6582
6584
6585
6587
6588
6589
6591
6594
6596
6601
6603
6609
6610
6611
6615
6616
6619
6620
6621
6624
6625
6626
6627
6629
6631
6633
6634
6636
6637
6638
6643
6653
6654
6655
6657
6658
6659
6660
6661
6664
6666
6670
6672
6673
6674
6676
6680
6683
6684
6685
6686
6687
6688
6690
6691
6692
6694
6698
6699
6700
6702
6704
6705
6706
6714
6715
6717
6718
6720
6723
6725
6727
6728
6730
6731
6738
6740
6741
6742
6743
6746
6748
6751
6753
6756
6758
6763
6765
6769
6774
6780
6783
6786
6787
6790
6792
6793
6794
6797
6799
6801
6804
6805
6807
6808
6810
6812
6818
6821
6825
6840
6859
6864
6867
6868
6869
6871
6879
6885
6886
6887
6889
6890
6891
6895
6898
6899
6900
6904
6906
6907
6910
6914
6915
6917
6919
6923
6925
6927
6929
6930
6932
6933
6937
6939
6942
6944
6946
6948
6951
6959
6960
6962
6963
6966
6969
6970
6973
6976
6977
6978
6982
6984
6986
6990
6992
6994
6995
6999
7002
7003
7005
7007
7009
7011
7014
7015
7018
7023
7026
7028
7030
7034
7035
7037
7040
7041
7042
7044
7046
7053
7054
7056
7057
7083
7099
7100
7136
7189
7191
7193
7194
7198
7199
7201
7204
7205
7207
7212
7217
7219
7226
7231
7247
7265
7282
7293
7297
7298
7300
7303
7304
7305
7308
7310
7313
7314
7315
7318
7320
7321
7324
7325
7329
7330
7334
7335
7342
7347
7350
7351
7353
7354
7356
7358
7360
7362
7364
7365
7368
7369
7370
7371
7372
7374
7375
7377
7380
7385
7389
7390
7393
7396
7399
7400
7403
7405
7407
7410
7411
7414
7415
7417
7419
7420
7422
7427
7428
7432
7436
7437
7440
7441
7444
7445
7446
7447
7449
7457
7458
7463
7466
7468
7469
7470
7471
7472
7480
7481
7487
7488
7490
7492
7493
7494
7495
7497
7498
7500
7502
7506
7507
7512
7513
7514
7519
7520
7522
7530
7532
7533
7534
7539
7543
7544
7547
7549
7550
7551
7554
7558
7561
7564
7567
7569
7570
7571
7572
7573
7574
7576
7578
7580
7584
7586
7590
7592
7595
7598
7599
7600
7605
7606
7608
7610
7612
7613
7616
7619
7620
7623
7624
7627
7628
7629
7633
7634
7635
7639
7642
7643
7648
7651
7652
7659
7663
7664
7665
7666
7669
7673
7676
7680
7681
7682
7683
7685
7686
7689
7691
7693
7697
7699
7701
7705
7708
7710
7716
7718
7723
7724
7728
7732
7733
7734
7735
7736
7740
7743
7744
7745
7746
7750
7754
7756
7759
7760
7763
7765
7768
7777
7780
7781
7783
7790
7791
7797
7800
7805
7811
7812
7816
7819
7820
7821
7822
7824
7825
7827
7832
7834
7836
7837
7841
7848
7850
7852
7853
7855
7858
7861
7864
7865
7866
7868
7871
7872
7875
7879
7881
7882
7883
7886
7888
7889
7891
7893
7898
7902
7905
7907
7909
7911
7913
7917
7921
7922
7924
7926
7928
7929
7931
7932
7934
7940
7942
7943
7946
7960
7962
7963
7966
7969
7976
7978
7979
7982
7983
7986
7987
7992
7994
7995
7999
8004
8007
8009
8013
8018
8021
8023
8027
8031
8033
8035
8037
8038
8041
8043
8050
8053
8054
8062
8063
8064
8069
8072
8076
8081
8082
8086
8089
8091
8097
8103
8106
8108
8110
8111
8113
8114
8115
8116
8118
8125
8127
8131
8132
8135
8136
8137
8140
8143
8144
8145
8147
8148
8149
8154
8155
8158
8163
8167
8168
8171
8173
8175
8176
8179
8180
8183
8185
8189
8190
8191
8194
8195
8201
8203
8204
8209
8210
8213
8217
8219
8220
8222
8223
8224
8225
8226
8228
8229
8230
8232
8240
8242
8243
8244
8247
8248
8258
8259
8261
8263
8265
8266
8268
8271
8280
8282
8284
8287
8291
8292
8297
8300
8303
8306
8308
8309
8320
8322
8323
8324
8328
8331
8334
8338
8341
8345
8348
8352
8355
8357
8359
8362
8364
8365
8367
8368
8375
8378
8380
8382
8384
8386
8391
8392
8393
8395
8399
8401
8402
8403
8406
8408
8410
8417
8419
8421
8427
8428
8429
8430
8435
8440
8446
8452
8458
8460
8463
8464
8471
8473
8481
8483
8502
8508
8533
8538
8563
8566
8568
8579
8581
8582
8584
8600
8610
8611
8617
8621
8627
8631
8636
8637
8645
8647
8652
8654
8661
8662
8664
8666
8708
8716
8720
8722
8723
8728
8759
8764
8773
8775
8777
8778
8780
8788
8790
8792
8797
8798
8799
8802
8806
8810
8812
8813
8817
8819
8820
8822
8824
8826
8827
8829
8831
8834
8836
8838
8839
8840
8842
8845
8846
8849
8850
8852
8855
8860
8861
8863
8864
8867
8872
8873
8877
8878
8880
8884
8886
8893
8900
8901
8902
8903
8911
8915
8917
8918
8920
8923
8925
8926
8930
8933
8936
8938
8941
8944
8945
8946
8947
8949
8962
8964
8969
8970
8971
8972
8976
8979
8981
8982
8984
8988
8989
8990
8996
9002
9007
9009
9011
9016
9017
9018
9020
9028
9030
9031
9033
9034
9035
9040
9042
9044
9045
9048
9055
9057
9058
9061
9062
9064
9065
9066
9069
9070
9074
9075
9076
9078
9080
9085
9088
9089
9092
9094
9095
9096
9099
9103
9104
9107
9109
9110
9111
9113
9116
9117
9118
9121
9123
9125
9126
9129
9133
9134
9137
9140
9146
9147
9152
9153
9157
9158
9160
9162
9164
9166
9167
9169
9170
9171
9172
9175
9178
9181
9182
9185
9187
9190
9194
9197
9198
9200
9205
9206
9209
9213
9215
9217
9218
9221
9223
9225
9231
9236
9237
9239
9240
9245
9246
9247
9249
9256
9261
9264
9266
9267
9269
9279
9283
9285
9287
9291
9294
9297
9300
9304
9306
9307
9311
9313
9314
9315
9322
9325
9326
9328
9332
9333
9337
9339
9356
9359
9368
9370
9379
9382
9383
9388
9389
9390
9392
9395
9396
9399
9402
9403
9404
9407
9412
9419
9422
9423
9425
9426
9427
9428
9430
9431
9434
9437
9439
9440
9441
9442
9443
9447
9448
9450
9452
9454
9457
9459
9463
9465
9471
9474
9475
9477
9481
9483
9484
9487
9490
9493
9496
9497
9499
9501
9503
9507
9509
9510
9511
9512
9514
9515
9516
9517
9518
9519
9521
9522
9523
9524
9525
9527
9531
9539
9543
9546
9548
9552
9553
9555
9557
9558
9559
9560
9562
9565
9568
9574
9577
9578
9581
9585
9589
9591
9592
9594
9595
9596
9598
9602
9603
9606
9612
9614
9615
9617
9619
9621
9626
9628
9629
9632
9634
9635
9636
9638
9640
9645
9647
9648
9649
9651
9654
9660
9662
9663
9664
9669
9673
9676
9678
9679
9680
9685
9686
9688
9690
9692
9697
9702
9704
9706
9710
9713
9716
9718
9720
9721
9722
9724
9726
9728
9730
9731
9733
9734
9735
9736
9737
9741
9743
9746
9751
9756
9757
9758
9760
9761
9764
9767
9768
9770
9773
9775
9777
9780
9783
9786
9792
9795
9797
9799
9800
9801
9803
9807
9808
9809
9811
9813
9819
9826
9827
9832
9838
9841
9842
9846
9848
9850
9852
9855
9856
9857
9859
9880
9884
9904
9924
9937
9951
9954
9955
9958
9962
9966
9970
9981
9994
10001
10007
10008
10013
10018
10020
10022
10025
10035
10036
10050
10060
10074
10076
10086
10090
10099
10101
10103
10104
10106
10108
10112
10117
10125
10127
10130
10133
10137
10142
10148
10150
10151
10154
10155
10157
10158
10162
10165
10166
10167
10169
10170
10172
10176
10179
10180
10183
10186
10188
10189
10192
10193
10196
10199
10200
10204
10205
10206
10207
10209
10210
10217
10218
10220
10222
10227
10233
10241
10244
10246
10248
10251
10255
10259
10260
10264
10291
10294
10296
10299
10301
10303
10305
10308
10310
10311
10316
10317
10319
10320
10322
10323
10325
10328
10329
10330
10332
10333
10335
10338
10342
10344
10347
10351
10353
10356
10358
10359
10362
10365
10368
10370
10371
10372
10375
10376
10378
10381
10384
10388
10390
10391
10393
10394
10402
10406
10407
10408
10417
10419
10428
10431
10433
10436
10437
10438
10444
10446
10447
10449
10451
10452
10453
10463
10475
10486
10489
10500
10503
10512
10527
10544
10569
10570
10571
10575
10576
10577
10578
10579
10581
10582
10585
10586
10594
10597
10600
10601
10602
10624
10626
10629
10632
10654
10668
10680
10694
10707
10711
10712
10730
10738
10743
10754
10782
10800
10822
10827
10841
10853
10860
10919
10923
10928
10934
10940
10941
10945
10950
10957
10958
10960
10961
10968
10970
10972
10973
10975
10976
10979
10983
10995
11008
11037
11051
11054
11066
11069
11072
11079
11087
11088
11090
11094
11100
11103
11105
11120
11121
11132
11135
11141
11166
11178
11181
11185
11189
11196
11240
11242
11265
11280
11314
11334
11344
11346
11347
11349
11377
11380
11382
11393
11394
11398
11402
11452
11457
11458
11483
11502
11506
11508
11509
11511
11514
11518
11519
11520
11522
11527
11529
11530
11533
11538
11539
11540
11543
11546
11548
11549
11550
11552
11554
11555
11560
11561
11564
11566
11567
11568
11574
11576
11578
11582
11583
11585
11589
11590
11591
11592
11595
11598
11600
11601
11602
11604
11606
11607
11609
11612
11613
11614
11616
11618
11620
11624
11625
11626
11628
11629
11630
11632
11634
11635
11636
11638
11639
11641
11643
11644
11646
11651
11652
11653
11654
11656
11658
11662
11664
11667
11672
11679
11681
11682
11686
11687
11688
11690
11691
11698
11736
11755
11760
11761
11763
11805
11809
11831
11832
11834
11848
11851
11859
11860
11861
11864
11865
11869
11870
11874
11876
11877
11878
11880
11882
11885
11886
11891
11892
11898
11902
11906
11907
11915
11917
11921
11922
11923
11926
11938
11946
11948
11949
11955
11967
11970
11984
11990
11994
12002
12022
12024
12026
12029
12035
12037
12039
12042
12047
12049
12060
12078
12080
12081
12083
12084
12091
12092
12095
12097
12102
12105
12106
12107
12109
12110
12111
12115
12118
12120
12123
12124
12127
12142
12143
12144
12146
12149
12155
12164
12171
12209
12210
12214
12215
12217
12220
12221
12226
12227
12230
12232
12236
12238
12241
12242
12245
12248
12250
12251
12257
12258
12261
12262
12265
12266
12267
12268
12269
12270
12273
12276
12277
12280
12281
12283
12284
12286
12287
12289
12294
12299
12308
12313
12314
12315
12316
12320
12325
12328
12329
12330
12331
12338
12339
12342
12343
12344
12346
12348
12350
12355
12357
12358
12359
12361
12363
12364
12366
12371
12372
12373
12374
12377
12378
12379
12382
12384
12385
12386
12388
12390
12392
12393
12395
12398
12403
12406
12407
12410
12413
12414
12415
12416
12419
12421
12424
12425
12426
12430
12435
12438
12442
12446
12448
12449
12450
12459
12465
12469
12471
12472
12478
12479
12480
12481
12482
12485
12486
12487
12490
12499
12507
12509
12517
12521
12522
12525
12528
12531
12532
12533
12537
12540
12541
12553
12558
12561
12566
12569
12575
12578
12581
12583
12585
12589
12590
12591
12592
12593
12595
12596
12597
12598
12600
12602
12603
12606
12608
12609
12610
12611
12613
12614
12615
12620
12624
12625
12627
12628
12633
12634
12637
12638
12642
12643
12644
12645
12650
12655
12656
12657
12659
12661
12662
12664
12669
12670
12672
12675
12676
12681
12688
12689
12690
12691
12694
12695
12697
12698
12700
12701
12704
12705
12707
12728
12733
12740
12751
12753
12754
12759
12760
12762
12763
12764
12767
12769
12770
12772
12775
12776
12778
12779
12781
12782
12784
12801
12828
12842
12843
12853
12861
12862
12864
12868
12884
12885
12886
12888
12889
12892
12894
12895
12896
12898
12900
12903
12904
12911
12916
12920
12933
12937
12941
12942
12947
12950
12953
12956
12958
12959
12962
12971
12974
12978
12979
12982
12987
12992
12993
12997
13000
13001
13002
13006
13009
13011
13017
13022
13026
13031
13032
13034
13037
13038
13039
13042
13046
13047
13049
13051
13052
13057
13059
13062
13063
13067
13073
13076
13086
13097
13098
13099
13108
13112
13114
13117
13120
13127
13144
13145
13149
13156
13159
13164
13166
13167
13174
13180
13185
13186
13187
13188
13190
13192
13193
13196
13197
13205
13212
13225
13227
13236
13238
13243
13244
13247
13250
13252
13253
13255
13258
13259
13262
13266
13267
13272
13275
13277
13282
13284
13298
13300
13301
13303
13304
13306
13309
13312
13313
13314
13315
13317
13318
13322
13329
13333
13337
13338
13344
13347
13352
13354
13355
13356
13357
13358
13359
13362
13364
13367
13368
13371
13372
13374
13375
13377
13379
13380
13381
13382
13383
13385
13389
13394
13395
13396
13401
13403
13404
13405
13408
13410
13412
13414
13417
13419
13421
13422
13423
13425
13426
13427
13436
13438
13441
13443
13446
13448
13453
13457
13458
13460
13466
13467
13468
13470
13472
13473
13474
13476
13477
13481
13482
13485
13488
13489
13493
13495
13497
13499
13503
13504
13508
13510
13512
13518
13524
13526
13527
13533
13535
13538
13539
13542
13545
13547
13549
13551
13552
13554
13556
13559
13560
13565
13571
13572
13573
13574
13575
13576
13582
13584
13586
13587
13589
13592
13594
13597
13599
13602
13607
13608
13610
13611
13615
13617
13620
13622
13626
13630
13633
13637
13639
13642
13647
13651
13653
13665
13669
13671
13676
13677
13681
13685
13686
13687
13691
13695
13698
13707
13710
13715
13716
13726
13742
13755
13761
13762
13764
13770
13773
13774
13776
13779
13781
13783
13785
13786
13790
13793
13795
13796
13799
13801
13803
13804
13806
13809
13810
13812
13816
13819
13822
13823
13826
13830
13832
13837
13838
13841
13842
13843
13848
13855
13856
13861
13863
13866
13869
13870
13871
13873
13874
13876
13877
13878
13879
13881
13883
13884
13885
13886
13895
13897
13899
13909
13953
13956
13988
13989
13995
14008
14020
14023
14037
14054
14055
14059
14068
14070
14072
14074
14076
14090
14093
14095
14103
14104
14107
14110
14111
14114
14118
14120
14121
14129
14130
14132
14137
14138
14140
14151
14153
14155
14157
14158
14159
14161
14165
14167
14168
14173
14176
14179
14184
14186
14187
14190
14193
14194
14196
14197
14198
14200
14205
14207
14215
14217
14219
14220
14224
14227
14228
14229
14235
14238
14241
14244
14245
14246
14249
14252
14255
14256
14259
14262
14263
14264
14266
14267
14269
14273
14274
14276
14277
14278
14279
14280
14282
14285
14287
14290
14292
14293
14296
14303
14304
14305
14307
14308
14312
14316
14319
14320
14322
14326
14328
14329
14334
14335
14336
14339
14343
14345
14346
14348
14351
14353
14357
14359
14360
14361
14362
14364
14367
14368
14369
14373
14375
14376
14377
14380
14381
14384
14387
14389
14391
14394
14396
14397
14404
14407
14410
14413
14415
14418
14420
14421
14424
14426
14429
14453
14455
14458
14461
14462
14464
14468
14478
14482
14486
14491
14492
14493
14504
14506
14508
14511
14512
14515
14517
14518
14524
14525
14533
14534
14539
14543
14544
14545
14548
14555
14556
14558
14563
14569
14573
14576
14578
14579
14586
14590
14592
14594
14596
14597
14598
14601
14604
14606
14607
14610
14613
14617
14621
14623
14625
14627
14630
14631
14636
14639
14643
14644
14646
14650
14652
14656
14661
14664
14666
14667
14668
14670
14672
14674
14676
14677
14680
14683
14685
14690
14691
14697
14698
14702
14704
14707
14709
14711
14716
14721
14724
14727
14729
14730
14733
14735
14738
14741
14742
14746
14748
14751
14755
14756
14758
14760
14762
14765
14766
14768
14769
14772
14774
14779
14784
14786
14787
14790
14794
14796
14797
14800
14803
14804
14806
14810
14814
14815
14819
14823
14828
14833
14838
14840
14841
14842
14846
14849
14851
14854
14855
14857
14860
14861
14862
14864
14865
14866
14867
14869
14873
14876
14879
14880
14883
14886
14889
14890
14893
14898
14900
14901
14905
14906
14908
14910
14911
14913
14916
14921
14922
14923
14926
14927
14932
14935
14940
14941
14944
14947
14948
14951
14952
14955
14958
14960
14961
14964
14966
14967
14970
14973
14974
14977
14981
14982
14989
14991
14992
14993
14995
14999
15000
15001
15002
15004
15008
15011
15013
15017
15019
15022
15024
15025
15029
15031
15034
15036
15041
15042
15043
15044
15047
15048
15051
15053
15055
15058
15059
15061
15062
15063
15065
15067
15070
15076
15077
15078
15080
15081
15083
15087
15088
15089
15094
15101
15103
15107
15109
15111
15112
15116
15118
15120
15123
15128
15130
15131
15137
15141
15143
15145
15146
15149
15150
15151
15158
15159
15169
15170
15171
15173
15175
15177
15179
15181
15188
15190
15192
15194
15195
15198
15199
15200
15206
15207
15210
15219
15221
15227
15231
15232
15234
15235
15243
15245
15252
15256
15257
15259
15273
15274
15281
15283
15284
15285
15286
15287
15288
15292
15293
15296
15297
15298
15302
15303
15307
15314
15315
15316
15317
15320
15321
15323
15324
15326
15330
15333
15334
15336
15339
15342
15345
15349
15366
15369
15372
15376
15380
15381
15382
15383
15386
15388
15390
15392
15397
15400
15403
15405
15406
15408
15410
15412
15413
15416
15417
15418
15421
15425
15428
15430
15434
15435
15438
15439
15442
15443
15444
15447
15450
15452
15457
15458
15461
15463
15466
15469
15474
15476
15479
15481
15483
15484
15490
15492
15495
15497
15499
15503
15505
15506
15508
15509
15511
15513
15516
15518
15521
15522
15524
15527
15530
15532
15533
15536
15537
15539
15540
15541
15543
15575
15585
15587
15589
15591
15593
15600
15602
15603
15604
15605
15607
15608
15611
15614
15619
15620
15621
15622
15624
15628
15629
15636
15649
15664
15667
15678
15680
15682
15703
15728
15731
15742
15746
15748
15750
15753
15755
15758
15760
15762
15764
15765
15766
15770
15773
15774
15781
15782
15798
15818
15868
15879
15894
15915
15926
15944
15945
15951
15953
15954
15971
15973
15974
15976
15978
15980
15982
15983
15984
15985
15986
15987
16009
16012
16014
16019
16021
16024
16025
16026
16029
16032
16036
16038
16042
16044
16050
16051
16052
16055
16058
16060
16062
16064
16066
16071
16081
16084
16088
16091
16096
16097
16099
16100
16105
16106
16107
16108
16114
16115
16117
16123
16125
16126
16130
16132
16135
16136
16140
16141
16143
16144
16149
16150
16152
16158
16160
16163
16165
16167
16170
16174
16175
16176
16178
16180
16182
16184
16185
16189
16192
16194
16199
16204
16205
16206
16208
16210
16216
16220
16221
16224
16226
16227
16228
16234
16235
16237
16238
16245
16247
16249
16252
16253
16255
16257
16259
16260
16264
16267
16271
16273
16275
16278
16279
16280
16282
16284
16285
16287
16291
16292
16293
16295
16297
16299
16301
16302
16303
16304
16307
16310
16314
16316
16318
16320
16324
16332
16335
16338
16340
16343
16345
16347
16349
16351
16352
16355
16373
16375
16377
16380
16385
16387
16389
16394
16400
16401
16402
16408
16413
16418
16419
16429
16435
16437
16439
16441
16444
16459
16463
16468
16472
16474
16477
16482
16484
16487
16488
16495
16499
16504
16506
16507
16510
16518
16521
16523
16526
16530
16532
16537
16538
16540
16542
16544
16545
16550
16551
16555
16557
16562
16564
16566
16568
16569
16570
16574
16577
16578
16579
16582
16585
16587
16588
16596
16598
16599
16602
16603
16608
16610
16611
16613
16614
16616
16618
16620
16621
16623
16627
16629
16631
16635
16637
16638
16639
16641
16643
16645
16648
16649
16652
16653
16655
16657
16658
16660
16664
16665
16669
16671
16674
16676
16677
16680
16681
16684
16689
16691
16692
16693
16694
16696
16697
16698
16702
16705
16707
16709
16710
16711
16713
16718
16720
16724
16726
16728
16729
16733
16734
16735
16737
16738
16740
16741
16744
16747
16748
16749
16751
16752
16753
16754
16756
16760
16763
16765
16767
16771
16774
16778
16780
16785
16791
16793
16795
16799
16800
16803
16805
16811
16814
16815
16818
16821
16822
16827
16829
16831
16832
16833
16843
16845
16847
16852
16858
16864
16880
16881
16883
16901
16904
16905
16912
16914
16915
16924
16926
16930
16934
16936
16952
16954
16960
16962
16969
16974
16976
16977
16978
16980
16981
16982
16983
16986
16989
16990
16991
16993
16994
16999
17002
17004
17008
17009
17015
17016
17022
17029
17030
17032
17037
17038
17040
17043
17045
17046
17049
17052
17055
17058
17061
17062
17066
17067
17068
17071
17072
17074
17077
17079
17081
17083
17084
17086
17087
17089
17092
17093
17094
17100
17101
17103
17104
17107
17111
17112
17113
17115
17116
17120
17121
17122
17124
17132
17135
17136
17139
17141
17142
17143
17152
17164
17166
17167
17173
17180
17184
17196
17202
17212
17215
17224
17228
17229
17240
17241
17244
17245
17251
17254
17257
17259
17264
17272
17273
17277
17279
17285
17286
17289
17291
17293
17294
17300
17302
17303
17304
17305
17308
17311
17312
17314
17315
17318
17320
17321
17322
17324
17325
17328
17330
17331
17335
17339
17341
17343
17345
17346
17348
17353
17359
17361
17362
17365
17366
17368
17374
17378
17380
17381
17382
17385
17386
17390
17393
17394
17398
17399
17402
17406
17410
17413
17418
17422
17434
17441
17442
17446
17453
17456
17458
17490
17497
17517
17518
17535
17543
17573
17582
17615
17626
17628
17630
17638
17658
17691
17713
17731
17738
17740
17755
17772
17783
17802
17834
17841
17851
17859
17869
17881
17890
17892
17899
17900
17902
17905
17907
17908
17921
17936
17937
17943
17946
17947
17948
17953
17957
17963
17966
17968
17970
17972
17974
17978
17979
17985
17986
18031
18038
18045
18048
18060
18065
18066
18068
18073
18075
18085
18090
18091
18097
18127
18130
18133
18137
18142
18147
18150
18165
18169
18179
18194
18199
18201
18204
18206
18214
18217
18219
18226
18227
18233
18237
18239
18246
18249
18259
18265
18310
18334
18353
18386
18393
18398
18405
18436
18441
18447
18492
18566
18583
18598
18622
18630
18632
18633
18636
18638
18641
18645
18649
18658
18661
18668
18676
18677
18678
18689
18691
18694
18695
18698
18706
18707
18708
18714
18724
18727
18753
18754
18756
18760
18764
18768
18770
18772
18774
18775
18777
18779
18781
18782
18789
18791
18795
18796
18797
18798
18802
18806
18809
18810
18812
18813
18819
18820
18823
18824
18826
18828
18829
18834
18837
18839
18840
18843
18844
18845
18848
18851
18856
18857
18861
18862
18864
18865
18867
18869
18871
18872
18875
18880
18881
18883
18884
18886
18888
18894
18896
18898
18903
18905
18908
18913
18916
18919
18925
18928
18930
18932
18934
18936
18939
18943
18947
18953
18955
18958
18960
18962
18964
18966
18968
18969
18976
18981
18985
18989
18995
18997
18998
19001
19010
19013
19018
19023
19026
19034
19040
19041
19042
19043
19048
19050
19052
19056
19063
19064
19067
19070
19076
19079
19083
19088
19093
19094
19098
19100
19105
19111
19112
19116
19124
19129
19131
19132
19139
19146
19153
19157
19158
19159
19160
19161
19162
19165
19166
19168
19169
19173
19177
19180
19190
19192
19195
19197
19203
19207
19220
19221
19222
19229
19233
19238
19241
19244
19246
19250
19251
19252
19255
19258
19259
19265
19266
19270
19272
19274
19277
19278
19282
19287
19288
19289
19304
19310
19321
19325
19342
19371
19378
19382
19395
19405
19412
19432
19437
19444
19461
19462
19463
19470
19475
19476
19478
19481
19486
19487
19488
19491
19492
19494
19498
19499
19500
19509
19521
19522
19523
19524
19544
19548
19551
19556
19558
19559
19589
19594
19597
19603
19604
19608
19610
19615
19620
19621
19622
19623
19624
19637
19652
19666
19679
19696
19700
19702
19703
19708
19709
19711
19718
19719
19723
19725
19729
19732
19742
19746
19753
19754
19758
19762
19774
19798
19824
19849
19851
19891
19897
19909
19928
19956
19976
19999
20004
20007
20009
20010
20011
20031
20034
20054
20082
20086
20089
20091
20093
20095
20096
20104
20119
20139
20144
20164
20172
20177
20186
20187
20189
20190
20193
20195
20198
20203
20210
20216
20227
20231
20235
20238
20244
20245
20249
20253
20254
20265
20266
20268
20269
20270
20274
20275
20276
20278
20280
20282
20283
20286
20291
20294
20297
20302
20305
20306
20311
20313
20318
20320
20322
20326
20332
20336
20341
20347
20351
20356
20359
20362
20367
20369
20371
20384
20394
20402
20404
20405
20409
20410
20415
20417
20418
20423
20426
20427
20430
20441
20444
20445
20447
20449
20453
20455
20459
20461
20465
20466
20467
20470
20471
20475
20477
20478
20481
20483
20485
20489
20491
20493
20495
20497
20499
20501
20503
20504
20505
20512
20515
20517
20520
20526
20530
20533
20536
20542
20546
20553
20574
20578
20587
20603
20606
20636
20654
20690
20693
20711
20715
20722
20724
20725
20726
20727
20742
20746
20748
20749
20752
20755
20757
20759
20760
20762
20763
20764
20766
20769
20770
20772
20773
20775
20777
20779
20784
20785
20787
20788
20791
20795
20800
20803
20804
20805
20807
20831
20841
20842
20854
20861
20863
20887
20888
20896
20897
20898
20899
20921
20930
20931
20955
20959
20965
20967
20969
20971
20973
20982
20983
21000
21015
21016
21017
21018
21020
21022
21025
21032
21047
21053
21096
21136
21143
21148
21154
21157
21158
21168
21171
21175
21176
21182
21200
21206
21248
21250
21256
21268
21269
21271
21274
21288
21298
21307
21309
21315
21316
21319
21322
21323
21326
21328
21331
21332
21334
21336
21338
21339
21341
21342
21344
21349
21351
21354
21356
21357
21359
21363
21364
21366
21368
21370
21372
21373
21381
21425
21444
21460
21468
21479
21485
21486
21496
21531
21544
21571
21577
21589
21613
21617
21620
21633
21657
21661
21667
21673
21696
21704
21710
21716
21718
21720
21721
21722
21725
21727
21731
21736
21738
21740
21742
21745
21749
21752
21768
21773
21823
21853
21877
21888
21903
21910
21942
21967
21986
22003
22009
22016
22017
22020
22025
22033
22034
22042
22047
22057
22059
22062
22065
22076
22081
22083
22086
22095
22096
22102
22109
22111
22118
22120
22121
22125
22126
22127
22129
22134
22137
22138
22139
22143
22171
22193
22195
22208
22229
22237
22281
22302
22304
22306
22334
22336
22356
22383
22394
22395
22398
22399
22401
22403
22406
22407
22408
22411
22412
22416
22417
22426
22428
22433
22438
22442
22449
22462
22465
22468
22472
22477
22482
22484
22487
22490
22491
22493
22498
22504
22508
22514
22515
22517
22519
22521
22523
22524
22531
22535
22538
22539
22540
22546
22549
22551
22554
22556
22558
22559
22561
22563
22564
22567
22570
22576
22579
22585
22587
22589
22590
22592
22595
22598
22601
22603
22608
22611
22612
22613
22617
22622
22623
22629
22636
22643
22645
22646
22653
22654
22656
22658
22660
22661
22665
22666
22672
22677
22678
22681
22684
22687
22689
22692
22695
22696
22697
22698
22699
22701
22703
22705
22710
22717
22723
22724
22726
22739
22746
22747
22748
22750
22756
22762
22767
22768
22770
22775
22776
22780
22783
22787
22792
22798
22799
22801
22805
22808
22811
22815
22817
22824
22827
22830
22833
22836
22837
22838
22840
22846
22853
22854
22855
22879
22904
22921
22926
22930
22971
22997
23022
23050
23055
23086
23092
23101
23103
23104
23117
23123
23151
23185
23195
23211
23216
23217
23219
23222
23225
23227
23229
23230
23231
23240
23244
23245
23246
23248
23251
23254
23256
23258
23261
23263
23265
23268
23272
23279
23281
23282
23283
23284
23286
23289
23293
23296
23297
23303
23307
23308
23310
23311
23316
23322
23326
23330
23334
23336
23338
23345
23347
23349
23352
23353
23355
23356
23358
23359
23360
23363
23364
23367
23369
23370
23371
23375
23378
23381
23382
23384
23385
23391
23393
23394
23398
23400
23404
23405
23411
23412
23413
23417
23418
23421
23425
23429
23431
23434
23435
23439
23440
23441
23445
23470
23474
23477
23481
23482
23493
23499
23505
23508
23514
23516
23524
23526
23528
23531
23532
23533
23534
23541
23547
23548
23549
23551
23567
23580
23583
23584
23588
23610
23628
23633
23639
23659
23664
23699
23721
23725
23726
23731
23733
23735
23740
23742
23746
23750
23752
23756
23762
23767
23773
23776
23779
23782
23783
23785
23799
23802
23806
23807
23808
23811
23816
23819
23820
23825
23828
23829
23842
23844
23845
23848
23853
23855
23860
23866
23877
23878
23881
23882
23885
23889
23892
23899
23905
23906
23908
23909
23910
23911
23914
23921
23922
23924
23926
23929
23930
23932
23935
23937
23938
23943
23947
23949
23960
23962
23968
23975
23981
23982
23994
24012
24030
24075
24078
24085
24104
24122
24134
24151
24163
24165
24167
24170
24171
24172
24179
24180
24183
24185
24187
24191
24193
24195
24197
24199
24200
24204
24205
24206
24210
24213
24214
24216
24217
24222
24229
24237
24245
24246
24249
24252
24255
24257
24262
24264
24265
24268
24270
24276
24278
24281
24283
24288
24291
24293
24300
24304
24308
24314
24328
24359
24363
24369
24370
24377
24405
24406
24415
24471
24473
24474
24486
24494
24541
24565
24581
24600
24625
24645
24680
24699
24743
24747
24781
24782
24809
24825
24848
24849
24858
24867
24869
24878
24881
24887
24907
24942
24946
24963
24966
24968
24971
24974
24975
24987
24991
24994
24997
24998
25001
25004
25005
25009
25010
25013
25014
25016
25017
25018
25020
25021
25024
25025
25029
25031
25032
25033
25034
25036
25037
25038
25040
25043
25044
25046
25049
25054
25057
25064
25068
25074
25081
25085
25092
25101
25114
25117
25126
25140
25168
25172
25184
25189
25202
25213
25235
25239
25240
25241
25250
25256
25278
25302
25347
25360
25386
25387
25391
25392
25395
25396
25398
25401
25402
25404
25405
25407
25411
25413
25415
25416
25418
25421
25422
25426
25428
25432
25433
25435
25438
25444
25445
25450
25455
25458
25460
25472
25473
25474
25476
25478
25479
25504
25506
25507
25508
25509
25513
25520
25535
25538
25542
25549
25550
25587
25640
25650
25657
25686
25748
25752
25753
25755
25758
25759
25765
25770
25773
25778
25780
25796
25800
25801
25803
25809
25812
25813
25816
25817
25824
25827
25833
25839
25843
25847
25849
25860
25862
25869
25871
25872
25873
25877
25881
25885
25886
25890
25893
25897
25900
25905
25907
25911
25915
25920
25925
25927
25930
25935
25936
25939
25941
25943
25945
25946
25947
25950
25952
25954
25956
25959
25966
25969
25970
25973
25975
25978
25979
25980
25982
25985
25987
25988
25990
25997
25998
26000
26001
26006
26007
26008
26021
26025
26054
26055
26056
26058
26060
26063
26065
26066
26069
26075
26077
26079
26081
26084
26085
26087
26091
26093
26097
26098
26100
26102
26103
26104
26112
26114
26116
26126
26128
26129
26132
26133
26134
26135
26136
26145
26160
26172
26235
26237
26240
26241
26258
26261
26263
26264
26266
26267
26268
26270
26274
26275
26276
26281
26283
26285
26286
26289
26293
26296
26298
26299
26300
26305
26307
26312
26313
26316
26321
26322
26330
26338
26357
26372
26374
26390
26391
26393
26395
26396
26402
26406
26407
26408
26424
26431
26460
26462
26479
26513
26564
26588
26604
26608
26609
26611
26612
26615
26616
26623
26629
26645
26660
26663
26682
26706
26713
26765
26784
26792
26798
26804
26806
26807
26809
26811
26815
26816
26818
26822
26826
26829
26830
26835
26836
26839
26845
26849
26851
26852
26855
26859
26860
26861
26865
26866
26868
26871
26874
26881
26882
26886
26890
26892
26897
26906
26910
26915
26918
26919
26937
26941
26947
26954
26956
26959
26960
26961
26964
26999
27014
27018
27020
27021
27024
27027
27030
27031
27035
27036
27039
27041
27046
27051
27053
27055
27057
27063
27065
27066
27067
27070
27073
27074
27075
27078
27079
27082
27083
27084
27092
27094
27095
27101
27103
27107
27109
27110
27111
27114
27115
27116
27119
27120
27122
27124
27129
27133
27134
27136
27137
27139
27143
27146
27148
27152
27157
27196
27201
27241
27291
27293
27321
27324
27346
27350
27363
27367
27381
27456
27485
27489
27502
27503
27506
27507
27508
27515
27516
27517
27519
27521
27522
27524
27526
27527
27538
27540
27548
27549
27555
27565
27567
27570
27571
27572
27586
27604
27608
27614
27621
27624
27634
27637
27649
27675
27711
27717
27721
27726
27743
27772
27784
27794
27863
27871
27873
27877
27881
27885
27886
27887
27888
27889
27890
27893
27897
27899
27901
27904
27907
27910
27912
27914
27917
27918
27939
27944
27946
27950
27992
28010
28021
28025
28026
28028
28029
28042
28044
28049
28051
28053
28058
28060
28065
28066
28068
28069
28074
28075
28080
28085
28086
28089
28093
28094
28096
28106
28115
28117
28119
28120
28123
28124
28125
28130
28133
28135
28138
28139
28141
28144
28146
28147
28148
28150
28157
28164
28165
28166
28173
28175
28180
28183
28186
28190
28192
28194
28195
28199
28201
28202
28204
28205
28207
28209
28213
28224
28225
28232
28235
28246
28261
28274
28275
28279
28301
28317
28320
28336
28337
28343
28351
28377
28389
28396
28473
28474
28476
28489
28513
28515
28541
28544
28553
28556
28562
28564
28565
28568
28570
28576
28578
28579
28585
28623
28631
28638
28651
28657
28660
28665
28667
28671
28677
28682
28684
28686
28694
28695
28699
28706
28709
28711
28715
28720
28725
28729
28731
28733
28742
28744
28746
28748
28750
28774
28777
28784
28789
28796
28807
28809
28810
28814
28817
28819
28820
28822
28823
28827
28831
28845
28847
28851
28859
28869
28871
28873
28874
28875
28879
28884
28886
28888
28895
28896
28921
28939
28947
28971
28979
29064
29098
29121
29123
29126
29129
29130
29135
29136
29148
29150
29151
29155
29159
29165
29203
29210
29212
29227
29243
29250
29259
29267
29272
29276
29277
29280
29283
29285
29288
29289
29290
29293
29294
29295
29301
29303
29305
29306
29308
29314
29315
29316
29317
29318
29320
29323
29325
29327
29330
29336
29339
29341
29348
29351
29352
29360
29362
29363
29364
29365
29383
29384
29388
29389
29391
29393
29395
29398
29401
29405
29406
29407
29409
29410
29412
29429
29430
29438
29447
29450
29455
29456
29457
29460
29462
29467
29473
29481
29486
29501
29505
29506
29512
29514
29517
29518
29521
29523
29530
29536
29566
29584
29613
29614
29626
29629
29631
29633
29635
29639
29641
29643
29644
29645
29648
29651
29655
29657
29658
29660
29663
29665
29666
29668
29670
29674
29676
29679
29680
29682
29684
29686
29687
29690
29691
29694
29696
29697
29702
29703
29705
29707
29708
29709
29712
29714
29716
29717
29719
29720
29722
29724
29728
29730
29734
29738
29739
29754
29757
29758
29775
29778
29791
29803
29804
29805
29806
29822
29825
29832
29833
29914
29951
29958
29964
29971
29973
29977
29981
29983
29984
29986
29989
29990
29994
29996
29998
30000
30003
30005
30008
30009
30012
30016
30017
30018
30021
30023
30025
30028
30031
30032
30038
30043
30046
30047
30049
30051
30057
30059
30061
30063
30065
30071
30072
30073
30077
30078
30079
30082
30085
30089
30090
30096
30100
30102
30104
30110
30111
30112
30114
30115
30117
30118
30121
30126
30129
30131
30133
30134
30135
30137
30139
30140
30144
30145
30150
30152
30154
30159
30161
30164
30165
30169
30172
30173
30176
30179
30180
30182
30184
30185
30187
30188
30189
30191
30193
30196
30199
30201
30202
30207
30210
30212
30213
30214
30215
30216
30220
30223
30224
30226
30229
30231
30236
30240
30245
30246
30248
30249
30250
30251
30255
30258
30260
30262
30265
30267
30271
30273
30275
30281
30286
30289
30290
30293
30294
30295
30296
30299
30300
30302
30304
30306
30310
30313
30316
30319
30322
30326
30327
30330
30331
30334
30338
30339
30341
30342
30344
30346
30347
30349
30353
30354
30357
30360
30361
30367
30369
30371
30372
30374
30380
30381
30382
30383
30385
30386
30389
30390
30392
30393
30395
30398
30399
30402
30406
30408
30410
30412
30413
30415
30418
30419
30420
30426
30431
30436
30438
30444
30445
30447
30449
30451
30455
30456
30457
30459
30460
30463
30466
30469
30473
30475
30480
30482
30485
30487
30489
30490
30493
30496
30500
30503
30505
30506
30507
30508
30513
30516
30517
30519
30520
30522
30526
30528
30529
30532
30533
30534
30537
30544
30546
30548
30553
30554
30556
30558
30561
30563
30566
30570
30572
30573
30574
30576
30578
30587
30589
30591
30594
30596
30599
30603
30608
30611
30613
30615
30618
30620
30623
30625
30627
30631
30637
30638
30639
30642
30643
30645
30649
30651
30654
30655
30658
30659
30661
30666
30667
30669
30670
30672
30673
30674
30677
30678
30682
30685
30686
30689
30690
30692
30694
30698
30700
30704
30706
30707
30711
30713
30715
30718
30724
30725
30728
30733
30735
30736
30737
30742
30744
30747
30750
30754
30762
30764
30768
30769
30772
30776
30782
30783
30786
30789
30791
30793
30800
30801
30802
30804
30808
30810
30813
30816
30820
30821
30822
30829
30830
30832
30834
30838
30841
30843
30845
30846
30848
30852
30855
30859
30862
30863
30865
30867
30872
30875
30879
30883
30887
30888
30889
30890
30893
30894
30896
30903
30907
30912
30916
30918
30921
30924
30927
30928
30931
30932
30934
30937
30941
30943
30944
30950
30954
30957
30959
30964
30974
30975
30978
30979
30982
30983
30990
30991
30996
30998
31000
31002
31003
31005
31008
31010
31016
31017
31018
31025
31029
31031
31034
31035
31037
31038
31040
31042
31044
31045
31047
31049
31053
31054
31064
31089
31091
31095
31120
31171
31209
31260
31264
31281
31306
31311
31314
31317
31333
31355
31373
31376
31387
31394
31439
31443
31445
31465
31470
31471
31486
31536
31537
31551
31553
31556
31557
31569
31572
31573
31576
31579
31582
31585
31587
31590
31593
31595
31596
31600
31601
31605
31607
31608
31609
31613
31615
31616
31621
31624
31626
31630
31634
31638
31640
31644
31648
31654
31655
31657
31659
31660
31662
31665
31668
31671
31673
31679
31680
31681
31683
31688
31690
31693
31696
31698
31700
31702
31703
31705
31708
31709
31712
31713
31714
31717
31720
31721
31725
31726
31727
31731
31737
31739
31740
31745
31746
31750
31751
31753
31754
31759
31761
31766
31770
31773
31774
31778
31781
31782
31787
31791
31792
31793
31799
31801
31802
31805
31806
31807
31808
31809
31812
31814
31815
31827
31831
31832
31833
31848
31885
31891
31936
31939
31943
31946
31948
31949
31950
31954
31959
31964
31965
31968
31980
32003
32032
32060
32087
32098
32120
32121
32127
32135
32167
32185
32204
32227
32232
32263
32291
32295
32310
32320
32332
32340
32344
32352
32359
32360
32366
32371
32377
32382
32386
32387
32389
32390
32396
32398
32400
32403
32407
32408
32409
32412
32414
32417
32419
32421
32423
32425
32430
32431
32434
32435
32436
32437
32443
32445
32447
32449
32450
32451
32460
32466
32470
32472
32473
32484
32518
32521
32527
32531
32534
32536
32538
32539
32544
32545
32547
32548
32552
32554
32559
32561
32564
32566
32569
32575
32592
32610
32611
32620
32633
32659
32661
32674
32675
32688
32694
32733
32755
32768
32789
32804
32815
32819
32823
32826
32881
32884
32892
32905
32949
32969
32975
32986
33082
33104
33113
33118
33136
33145
33216
33243
33280
33325
33328
33329
33350
33364
33368
33370
33373
33375
33377
33378
33379
33380
33399
33514
33554
33568
33575
33578
33579
33588
33589
33606
33618
33638
33657
33671
33685
33688
33706
33738
33740
33764
33766
33771
33772
33776
33777
33785
33786
33787
33788
33790
33791
33794
33795
33796
33799
33804
33807
33810
33817
33820
33823
33825
33829
33831
33833
33837
33838
33839
33843
33847
33849
33853
33854
33855
33858
33861
33863
33910
33924
33974
33984
34030
34039
34044
34099
34167
34202
34204
34210
34212
34227
34231
34246
34256
34263
34265
34288
34312
34335
34350
34353
34359
34408
34459
34473
34502
34505
34524
34526
34535
34541
34553
34563
34612
34627
34629
34653
34662
34666
34668
34670
34671
34672
34675
34676
34680
34681
34682
34691
34695
34733
34747
34754
34766
34767
34768
34784
34792
34812
34814
34834
34859
34873
34892
34915
34922
34929
34931
34932
34953
34962
34994
35010
35014
35020
35021
35022
35024
35025
35026
35029
35033
35036
35039
35040
35043
35044
35046
35048
35050
35051
35054
35092
35097
35111
35121
35136
35196
35199
35209
35242
35252
35259
35318
35326
35328
35334
35358
35362
35375
35376
35381
35397
35405
35412
35446
35448
35550
35557
35567
35570
35597
35603
35604
35614
35619
35631
35632
35634
35635
35648
35653
35661
35664
35670
35675
35679
35681
35686
35690
35693
35696
35699
35703
35707
35708
35709
35711
35715
35716
35718
35720
35721
35722
35723
35725
35728
35729
35731
35747
35850
35868
35900
35923
35929
35954
35965
35981
36030
36062
36076
36089
36098
36112
36122
36136
36137
36139
36142
36165
36167
36178
36217
36242
36267
36281
36305
36311
36318
36346
36355
36360
36378
36383
36398
36400
36430
36438
36446
36469
36483
36501
36510
36520
36562
36580
36586
36587
36605
36611
36613
36614
36623
36636
36675
36707
36768
36797
36808
36814
36816
36824
36837
36886
36915
36923
36960
36966
36978
36991
36996
37000
37009
37011
37020
37026
37130
37188
37193
37235
37348
37357
37362
37389
37393
37406
37407
37423
37433
37444
37449
37465
37470
37471
37472
37476
37479
37480
37481
37485
37487
37489
37491
37494
37496
37497
37500
37501
37502
37506
37507
37510
37513
37514
37518
37526
37529
37531
37544
37558
37595
37601
37659
37660
37712
37724
37729
37731
37739
37740
37773
37791
37796
37801
37824
37827
37862
37874
37898
37905
37928
37947
37981
38025
38029
38071
38092
38095
38154
38166
38182
38202
38230
38231
38237
38245
38246
38248
38250
38252
38253
38255
38258
38260
38262
38265
38266
38271
38274
38277
38282
38285
38288
38310
38336
38338
38345
38350
38364
38373
38389
38415
38444
38552
38570
38579
38612
38632
38633
38659
38685
38692
38719
38728
38777
38831
38838
38855
38856
38867
38906
38912
38923
38929
38980
38988
38993
39071
39080
39085
39089
39096
39162
39185
39186
39214
39215
39233
39253
39279
39299
39311
39320
39342
39347
39348
39353
39354
39357
39363
39366
39371
39373
39376
39378
39380
39381
39384
39385
39388
39390
39392
39394
39395
39397
39398
39400
39402
39405
39408
39410
39413
39416
39418
39422
39423
39428
39430
39431
39434
39437
39438
39441
39444
39449
39450
39451
39455
39456
39457
39458
39459
39461
39462
39463
39466
39467
39487
39497
39504
39510
39513
39515
39516
39544
39579
39580
39591
39603
39626
39663
39676
39678
39679
39681
39683
39684
39686
39688
39692
39694
39696
39699
39703
39705
39709
39717
39718
39726
39732
39773
39785
39818
39852
39883
39887
39897
39902
39919
39926
39932
39945
39954
39957
39959
39967
40018
40021
40080
40110
40176
40213
40262
40281
40282
40285
40287
40290
40291
40293
40295
40298
40300
40308
40321
40322
40324
40325
40328
40330
40331
40334
40336
40339
40340
40344
40347
40348
40349
40360
40369
40377
40390
40406
40407
40409
40420
40422
40424
40432
40433
40438
40441
40446
40452
40456
40461
40462
40467
40469
40473
40476
40484
40485
40487
40515
40551
40559
40560
40563
40578
40593
40606
40615
40621
40649
40651
40652
40661
40662
40667
40669
40676
40678
40715
40720
40724
40736
40744
40748
40752
40758
40760
40765
40767
40768
40775
40778
40785
40789
40804
40818
40842
40886
40916
40931
40943
40964
40967
40971
40973
40980
40997
41014
41055
41058
41092
41108
41142
41173
41183
41186
41199
41216
41236
41239
41328
41335
41356
41365
41370
41377
41387
41397
41406
41414
41419
41424
41429
41430
41439
41442
41456
41469
41474
41476
41481
41486
41492
41498
41504
41505
41507
41516
41520
41524
41525
41555
41609
41624
41645
41673
41675
41678
41697
41705
41718
41720
41753
41785
41809
41879
41968
41972
41974
41983
41985
42011
42015
42085
42087
42147
42151
42157
42204
42217
42220
42222
42226
42227
42233
42234
42238
42240
42249
42253
42256
42257
42260
42262
42265
42310
42311
42330
42363
42384
42389
42407
42436
42452
42454
42455
42470
42503
42574
42576
42587
42622
42623
42665
42666
42671
42675
42687
42692
42702
42733
42745
42761
42781
42848
42853
42899
42907
42914
42957
42958
42981
43036
43066
43079
43102
43111
43139
43164
43194
43220
43223
43331
43335
43350
43357
43376
43378
43388
43391
43399
43421
43422
43457
43461
43467
43470
43476
43522
43535
43544
43546
43561
43578
43632
43645
43648
43666
43667
43669
43680
43704
43707
43714
43728
43803
43841
43863
43866
43886
43892
43897
43911
43945
43982
43987
44008
44019
44063
44084
44119
44132
44136
44143
44147
44150
44155
44159
44161
44163
44164
44170
44173
44178
44240
44271
44288
44299
44334
44336
44339
44341
44346
44349
44350
44353
44359
44360
44365
44366
44370
44377
44378
44380
44383
44385
44389
44392
44399
44400
44406
44413
44416
44422
44427
44434
44435
44443
44447
44450
44454
44455
44460
44466
44468
44471
44495
44508
44514
44516
44525
44528
44533
44535
44540
44542
44543
44547
44548
44550
44581
44591
44593
44618
44621
44622
44625
44626
44631
44632
44634
44635
44637
44640
44642
44643
44647
44648
44650
44651
44654
44656
44661
44662
44664
44665
44666
44669
44671
44672
44673
44675
44677
44679
44682
44685
44687
44688
44692
44694
44699
44701
44703
44704
44713
44714
44718
44719
44727
44729
44733
44736
44740
44743
44754
44755
44757
44759
44763
44766
44767
44771
44773
44776
44779
44780
44783
44792
44796
44798
44801
44802
44805
44811
44818
44821
44827
44828
44831
44838
44848
44860
44862
44895
44943
44958
44963
44966
44967
44970
44971
44973
44979
44983
45032
45043
45062
45084
45093
45105
45147
45168
45215
45222
45401
45422
45426
45429
45431
45435
45438
45441
45444
45446
45449
45475
45486
45559
45564
45567
45599
45612
45636
45652
45683
45697
45703
45704
45705
45712
45713
45715
45718
45724
45727
45730
45731
45732
45735
45737
45739
45742
45743
45747
45754
45759
45762
45763
45770
45773
45774
45780
45785
45786
45787
45790
45791
45801
45802
45853
45874
45879
45892
45904
45915
45919
45923
46007
46022
46067
46091
46161
46165
46174
46182
46204
46271
46305
46334
46350
46364
46365
46420
46442
46566
46589
46591
46597
46605
46650
46663
46674
46717
46723
46830
46875
46900
46974
46977
46980
46985
47007
47016
47080
47116
47120
47122
47128
47129
47131
47134
47135
47138
47140
47145
47147
47153
47154
47157
47164
47165
47166
47172
47175
47177
47179
47181
47184
47187
47192
47193
47199
47204
47205
47208
47211
47214
47216
47221
47223
47224
47227
47228
47232
47235
47240
47242
47250
47269
47283
47301
47327
47335
47359
47364
47371
47447
47457
47476
47507
47522
47564
47566
47579
47598
47605
47608
47616
47621
47631
47641
47667
47668
47674
47723
47727
47782
47868
47880
47890
47891
47993
47996
48004
48023
48027
48035
48036
48040
48042
48043
48046
48048
48050
48052
48056
48060
48062
48066
48067
48070
48074
48078
48080
48082
48085
48086
48090
48091
48092
48096
48097
48118
48130
48138
48147
48192
48200
48259
48274
48277
48279
48281
48287
48291
48293
48297
48306
48307
48312
48316
48317
48345
48386
48428
48436
48459
48510
48516
48548
48559
48577
48594
48600
48632
48643
48708
48725
48729
48749
48816
48828
48854
48868
48871
48874
48878
48884
48885
48888
48892
48897
48903
48904
48907
48908
48910
48912
48916
48925
48926
48935
48939
48942
48943
48946
48954
48957
48958
48962
48967
48968
48982
48985
48988
48990
49008
49028
49031
49037
49128
49137
49142
49173
49174
49248
49275
49282
49304
49320
49331
49335
49363
49371
49424
49503
49544
49557
49653
49677
49699
49701
49702
49705
49757
49769
49780
49834
49852
49861
49866
49869
49871
49877
49884
49885
49889
49891
49892
49894
49895
49900
49902
49903
49905
49906
49909
49936
49940
49951
50065
50103
50104
50118
50131
50157
50160
50179
50184
50198
50214
50262
50288
50335
50376
50403
50465
50515
50523
50562
50589
50604
50624
50626
50735
50791
50795
50810
50811
50822
50887
50897
50911
50960
50977
51023
51046
51060
51092
51102
51150
51226
51258
51267
51283
51333
51348
51356
51381
51396
51423
51556
51652
51713
51721
51724
51725
51727
51728
51733
51736
51742
51744
51745
51749
51792
51796
51803
51845
51867
51875
51896
51910
51971
52010
52047
52134
52197
52221
52268
52273
52289
52322
52376
52404
52496
52505
52528
52587
52599
52610
52647
52671
52717
52736
52764
52776
52786
52817
52821
52975
53016
53098
53179
53187
53211
53224
53241
53328
53361
53378
53382
53385
53399
53455
53487
53550
53553
53559
53562
53564
53603
53617
53733
53827
53872
53963
53983
54003
54058
54098
54132
54148
54150
54161
54248
54325
54362
54366
54369
54420
54446
54454
54457
54496
54532
54543
54591
54609
54622
54623
54627
54628
54631
54633
54638
54639
54640
54642
54644
54647
54649
54653
54654
54655
54656
54660
54662
54663
54667
54668
54671
54679
54682
54684
54688
54853
54867
54929
54949
54953
55007
55034
55035
55039
55042
55044
55047
55055
55057
55060
55062
55065
55066
55067
55071
55073
55074
55078
55081
55083
55088
55090
55092
55097
55098
55099
55101
55102
55108
55119
55121
55127
55128
55129
55132
55134
55135
55138
55149
55151
55152
55156
55157
55159
55160
55161
55162
55165
55166
55167
55169
55172
55173
55178
55191
55197
55198
55202
55233
55269
55271
55314
55323
55383
55396
55398
55400
55403
55409
55416
55497
55512
55513
55554
55555
55557
55558
55563
55565
55566
55568
55571
55577
55578
55581
55582
55585
55589
55592
55595
55600
55611
55614
55615
55617
55624
55626
55629
55635
55637
55642
55643
55649
55650
55661
55662
55663
55664
55665
55668
55678
55685
55686
55687
55739
55745
55746
55798
55814
55856
55876
55882
55911
55912
55949
55951
55953
55954
55965
55974
55977
55978
55986
55989
56009
56015
56016
56019
56054
56056
56066
56068
56072
56077
56167
56193
56196
56203
56216
56271
56286
56319
56380
56414
56456
56460
56510
56514
56516
56521
56527
56535
56537
56545
56582
56637
56650
56660
56662
56719
56721
56783
56802
56845
56945
56951
56966
57005
57112
57144
57201
57237
57240
57326
57343
57381
57395
57424
57431
57567
57644
57673
57702
57714
57718
57724
57725
57729
57731
57737
57738
57749
57751
57752
57753
57756
57759
57761
57766
57769
57775
57796
57798
57828
57854
57930
57939
57988
58017
58046
58066
58129
58168
58208
58259
58297
58362
58382
58389
58411
58441
58505
58508
58513
58524
58529
58765
58800
58825
58933
58961
58979
59033
59051
59082
59108
59119
59234
59279
59284
59302
59329
59438
59451
59461
59505
59576
59675
59677
59680
59706
59717
59720
59728
59779
59834
59848
59870
59916
59939
59947
60012
60017
60019
60020
60024
60026
60030
60041
60044
60057
60060
60180
60270
60275
60333
60378
60404
60416
60419
60421
60422
60423
60426
60429
60430
60432
60437
60438
60439
60441
60443
60476
60566
60593
60753
60781
60823
60844
60881
60889
60939
60997
61069
61078
61171
61200
61210
61216
61281
61298
61322
61323
61351
61408
61432
61465
61501
61538
61541
61621
61646
61685
61687
61688
61689
61691
61693
61694
61695
61698
61700
61702
61718
61765
61888
61897
61968
61976
62044
62171
62196
62250
62381
62397
62446
62448
62481
62554
62569
62611
62654
62701
62710
62794
62856
62909
63114
63253
63277
63370
63455
63456
63457
63468
63470
63473
63479
63484
63485
63529
63687
63748
63830
63878
63891
63896
63995
64027
64203
64205
64348
64377
64492
64504
64512
64617
64662
64670
64752
64764
64910
64946
64956
65127
65218
65316
65391
65473
65532
65574
65575
65577
65578
65581
65583
65586
65588
65591
65594
65595
65596
65601
65603
65605
65610
65613
65617
65621
65622
65623
65630
65632
65635
65636
65638
65639
65641
65646
65648
65650
65651
65742
65881
65933
65950
65953
65989
66057
66084
66142
66182
66289
66479
66549
66587
66717
66721
66759
66802
66849
66901
66994
67080
67082
67084
67085
67088
67127
67132
67145
67384
67398
67558
67624
67757
67843
67969
68050
68115
68119
68147
68268
68422
68427
68433
68439
68442
68443
68445
68446
68467
68574
68577
68688
68739
68939
69015
69016
69025
69041
69164
69205
69241
69255
69259
69271
69279
69320
69381
69423
69447
69474
69597
69674
69687
69692
69744
69782
69844
70014
70035
70112
70210
70282
70292
70319
70407
70459
70483
70563
70568
70647
70687
70722
70787
70804
70880
70891
71007
71043
71122
71196
71224
71313
71318
71385
71528
71554
71689
71692
71878
71935
71982
72032
72448
72713
72784
72815
72923
73120
73127
73130
73162
73312
73323
73354
73369
73373
73382
73438
73479
73614
73705
73744
73892
73949
74080
74176
74179
74183
74184
74187
74190
74192
74195
74208
74217
74278
74318
74373
74395
74457
74537
74649
74720
74790
74821
75078
75128
75210
75282
75387
75388
75417
75514
75545
75670
75784
75804
76075
76196
76226
76322
76326
76403
76478
76901
76958
77145
77193
77235
77244
77387
77506
77543
77603
77708
78040
78165
78507
78563
78582
78623
78640
78717
78910
78941
79019
79045
79417
79418
79421
79424
79425
79426
79431
79432
79436
79440
79443
79445
79449
79450
79451
79452
79641
79737
79860
79869
79939
