0 21
2 10
0 25
1 21
0 4
2 21
1 25
3 21
0 47
0 17
0 19
1 4
0 10
1 19
2 19
3 19
2 25
2 35
0 45
1 45
2 45
3 45
0 11
2 4
0 16
3 4
0 20
0 8
3 25
1 11
2 11
1 10
3 11
0 41
1 17
1 16
0 31
1 20
2 20
3 20
3 10
2 36
1 31
0 34
0 29
2 31
3 31
1 34
2 48
3 48
0 7
0 43
0 28
1 29
1 8
0 44
2 17
2 34
0 27
0 14
0 40
1 44
3 17
3 34
0 26
2 29
1 41
2 44
1 43
2 43
1 40
3 43
1 47
0 24
2 40
0 36
2 47
1 7
1 28
0 30
2 7
3 44
0 1
0 15
3 7
1 26
1 14
2 28
2 14
1 24
1 27
0 35
2 24
1 36
0 38
3 14
0 39
0 6
1 1
1 30
2 30
1 15
3 47
2 9
1 6
3 28
0 48
1 35
2 15
0 49
1 39
0 46
2 26
3 29
2 1
1 48
0 0
3 26
2 27
1 0
3 24
2 0
0 32
1 46
3 0
0 12
0 42
0 13
3 15
0 23
2 32
0 9
2 46
3 46
1 38
1 49
0 2
2 49
3 35
2 2
1 32
2 38
1 9
3 32
3 27
1 42
3 38
1 12
2 16
0 33
2 39
1 2
1 13
3 2
2 42
2 13
3 1
0 18
3 9
2 5
3 49
0 3
1 18
1 33
3 5
3 16
1 3
2 8
3 30
2 12
0 37
2 3
3 39
2 37
3 8
2 41
2 33
3 41
1 37
1 23
3 37
3 42
3 33
3 13
0 5
2 22
2 18
3 36
3 3
3 18
2 6
1 5
2 23
3 6
0 22
3 23
1 22
3 12
3 40
3 22

Score: 134.60000000000102