0
2
4
6
7
8
10
12
13
16
17
20
21
22
25
27
30
32
33
37
41
46
47
48
51
52
54
55
58
60
63
64
68
70
71
75
81
86
92
93
97
99
101
103
104
110
113
114
115
117
118
120
121
122
124
126
128
133
136
141
143
145
147
148
153
154
155
167
168
172
174
180
182
184
191
194
195
233
234
241
242
245
249
250
251
252
254
256
259
260
262
263
269
273
276
277
279
280
281
285
286
291
292
299
303
305
309
310
311
316
318
319
322
324
325
329
331
332
336
337
339
341
344
346
347
349
353
357
358
360
361
362
364
365
368
373
374
377
382
386
388
390
403
407
412
415
419
420
421
428
431
435
437
439
440
441
444
446
448
449
450
451
452
457
458
459
463
468
480
487
495
503
505
506
510
514
521
522
524
525
528
532
533
534
541
542
543
544
545
546
549
550
551
552
555
556
557
561
563
566
567
571
572
573
574
579
580
584
585
589
590
593
595
598
599
603
605
606
608
613
615
619
626
635
639
646
648
652
664
682
695
699
726
731
734
735
743
745
747
748
750
751
754
755
756
759
760
761
764
766
771
776
778
779
786
790
793
795
798
801
804
809
811
812
813
815
816
820
824
830
831
833
839
842
843
845
847
851
852
854
857
858
863
866
868
869
870
873
875
881
883
886
887
888
891
895
898
899
901
907
913
914
915
916
923
929
931
935
937
938
939
942
945
948
949
951
952
957
960
961
964
966
967
969
974
975
977
983
985
988
990
995
998
1000
1001
1005
1008
1009
1011
1012
1013
1014
1016
1019
1020
1025
1026
1028
1029
1031
1033
1036
1037
1040
1042
1045
1046
1047
1050
1054
1055
1058
1061
1073
1081
1102
1104
1105
1107
1112
1114
1116
1121
1122
1125
1126
1128
1132
1135
1136
1137
1140
1141
1143
1144
1150
1152
1153
1154
1157
1164
1165
1166
1179
1180
1185
1186
1188
1190
1191
1194
1200
1202
1207
1209
1210
1212
1214
1219
1220
1222
1228
1229
1230
1233
1234
1235
1236
1237
1238
1241
1245
1249
1251
1254
1255
1259
1269
1272
1274
1280
1283
1285
1286
1287
1290
1293
1296
1300
1302
1305
1306
1307
1309
1310
1316
1318
1322
1325
1327
1329
1330
1331
1333
1337
1340
1342
1344
1345
1350
1352
1354
1358
1359
1363
1365
1369
1371
1374
1376
1377
1380
1382
1383
1386
1388
1390
1394
1396
1397
1404
1405
1406
1411
1412
1413
1417
1420
1422
1425
1426
1433
1436
1438
1442
1444
1450
1455
1461
1463
1481
1482
1485
1487
1489
1492
1496
1503
1505
1508
1511
1512
1514
1517
1521
1524
1527
1528
1531
1534
1537
1540
1543
1545
1546
1549
1552
1554
1556
1559
1561
1563
1564
1567
1570
1573
1575
1577
1578
1580
1582
1585
1587
1589
1592
1595
1596
1599
1600
1605
1606
1607
1608
1611
1613
1617
1618
1620
1622
1627
1630
1634
1636
1646
1652
1667
1680
1692
1699
1704
1709
1710
1712
1713
1716
1718
1720
1723
1726
1727
1731
1732
1736
1738
1742
1745
1748
1749
1750
1751
1753
1755
1758
1760
1761
1762
1763
1764
1766
1768
1769
1771
1776
1784
1786
1790
1791
1796
1799
1801
1802
1807
1811
1812
1815
1818
1821
1825
1827
1829
1835
1839
1841
1843
1846
1847
1849
1851
1853
1854
1856
1860
1863
1865
1866
1867
1869
1873
1876
1877
1878
1880
1882
1883
1885
1886
1888
1889
1892
1893
1896
1898
1899
1904
1905
1909
1910
1913
1917
1919
1922
1924
1925
1930
1934
1935
1938
1940
1941
1943
1944
1945
1946
1948
1954
1956
1958
1960
1961
1962
1963
1965
1966
1968
1969
1972
1978
1980
1981
1983
1989
1992
1995
1999
2001
2008
2012
2014
2016
2017
2019
2021
2033
2036
2038
2039
2045
2057
2061
2066
2069
2070
2083
2091
2094
2095
2098
2101
2106
2109
2111
2119
2120
2124
2128
2133
2134
2137
2142
2143
2145
2147
2148
2149
2151
2152
2153
2154
2155
2157
2158
2162
2164
2165
2169
2172
2175
2177
2179
2181
2183
2184
2186
2188
2190
2191
2193
2195
2196
2202
2205
2206
2207
2211
2212
2214
2215
2217
2218
2220
2222
2224
2225
2226
2227
2228
2232
2233
2235
2237
2238
2243
2245
2251
2258
2265
2266
2276
2279
2280
2283
2284
2287
2289
2290
2292
2293
2298
2299
2305
2313
2316
2317
2318
2322
2328
2337
2341
2342
2344
2346
2350
2356
2357
2358
2359
2368
2371
2374
2397
2405
2408
2432
2439
2441
2450
2461
2467
2480
2481
2484
2485
2488
2490
2492
2493
2496
2497
2499
2503
2505
2507
2508
2509
2512
2520
2525
2530
2531
2532
2534
2535
2537
2538
2544
2549
2552
2556
2572
2583
2588
2589
2612
2613
2615
2619
2620
2621
2624
2647
2648
2655
2667
2672
2674
2684
2686
2687
2688
2690
2692
2694
2695
2696
2697
2700
2702
2703
2705
2707
2708
2709
2710
2711
2721
2725
2726
2728
2731
2734
2739
2742
2746
2749
2751
2754
2759
2762
2766
2774
2775
2781
2782
2783
2790
2792
2794
2795
2800
2805
2806
2807
2809
2815
2817
2818
2822
2825
2826
2829
2830
2838
2841
2843
2844
2845
2849
2857
2862
2863
2866
2871
2872
2873
2874
2875
2877
2883
2884
2889
2892
2895
2897
2900
2903
2905
2907
2908
2911
2914
2916
2917
2921
2924
2926
2929
2930
2932
2934
2939
2940
2941
2944
2945
2947
2953
2954
2956
2958
2961
2962
2963
2966
2967
2970
2973
2975
2978
2979
2982
2984
2985
2987
2989
2991
2999
3001
3003
3004
3005
3006
3009
3012
3013
3016
3017
3018
3022
3024
3027
3029
3030
3032
3033
3034
3035
3036
3040
3041
3043
3053
3056
3057
3060
3061
3065
3069
3070
3071
3076
3078
3079
3082
3083
3088
3094
3095
3096
3105
3106
3107
3108
3110
3114
3115
3116
3118
3121
3123
3124
3126
3127
3130
3131
3132
3134
3135
3137
3140
3142
3144
3146
3151
3152
3154
3155
3156
3157
3158
3160
3162
3167
3168
3169
3170
3172
3174
3175
3178
3180
3181
3182
3184
3186
3187
3191
3193
3196
3197
3199
3200
3201
3204
3205
3209
3210
3213
3215
3216
3217
3220
3221
3222
3223
3224
3227
3230
3233
3234
3235
3238
3240
3241
3243
3246
3248
3249
3252
3253
3254
3255
3256
3258
3259
3263
3266
3268
3270
3275
3276
3277
3278
3282
3285
3287
3288
3289
3336
3337
3351
3354
3357
3358
3359
3360
3363
3368
3372
3374
3376
3377
3380
3381
3382
3385
3387
3389
3391
3395
3398
3400
3403
3404
3406
3409
3411
3415
3418
3420
3423
3424
3429
3431
3434
3436
3440
3441
3444
3445
3446
3447
3448
3449
3450
3452
3455
3456
3460
3465
3467
3469
3471
3472
3473
3475
3477
3478
3480
3483
3487
3489
3490
3492
3495
3498
3501
3502
3503
3507
3512
3514
3522
3527
3528
3529
3532
3533
3536
3541
3542
3543
3545
3546
3552
3554
3557
3558
3559
3560
3563
3565
3568
3570
3571
3572
3574
3576
3580
3583
3585
3587
3589
3591
3592
3597
3598
3600
3601
3605
3606
3608
3612
3615
3618
3620
3621
3624
3630
3634
3640
3643
3644
3647
3649
3650
3653
3654
3655
3657
3660
3666
3668
3670
3671
3674
3675
3677
3678
3680
3685
3687
3688
3689
3694
3695
3696
3698
3700
3701
3703
3705
3707
3710
3711
3713
3717
3719
3724
3726
3733
3735
3737
3738
3741
3744
3746
3747
3749
3755
3756
3759
3760
3761
3763
3764
3766
3769
3770
3773
3774
3777
3780
3781
3784
3788
3789
3792
3795
3799
3801
3802
3804
3807
3808
3810
3812
3813
3819
3820
3822
3823
3827
3830
3831
3838
3840
3841
3843
3846
3847
3848
3850
3852
3853
3854
3855
3858
3860
3863
3867
3869
3872
3873
3876
3883
3885
3889
3891
3895
3898
3899
3902
3908
3910
3911
3915
3917
3918
3920
3922
3924
3927
3930
3931
3933
3934
3936
3941
3945
3949
3957
3958
3961
3966
3968
3971
3975
3978
3983
3985
3990
3991
3993
3994
3997
3998
4006
4007
4008
4010
4011
4013
4017
4018
4023
4026
4028
4030
4031
4034
4035
4036
4038
4039
4040
4044
4045
4049
4052
4057
4060
4062
4068
4069
4070
4071
4073
4076
4078
4080
4082
4084
4087
4088
4091
4094
4097
4098
4099
4100
4101
4110
4112
4114
4115
4119
4122
4123
4124
4125
4126
4128
4130
4132
4135
4137
4139
4140
4141
4144
4145
4147
4148
4149
4152
4153
4155
4156
4161
4163
4164
4166
4168
4169
4170
4171
4176
4177
4180
4184
4187
4192
4193
4196
4197
4198
4199
4206
4208
4210
4214
4217
4220
4221
4228
4231
4233
4235
4237
4238
4239
4240
4241
4247
4250
4252
4257
4259
4260
4264
4265
4269
4275
4277
4279
4283
4288
4291
4298
4301
4303
4305
4308
4309
4314
4323
4324
4326
4328
4331
4332
4333
4335
4337
4340
4341
4342
4343
4349
4350
4357
4361
4367
4370
4372
4373
4377
4379
4382
4383
4384
4385
4386
4390
4394
4396
4397
4399
4401
4405
4408
4409
4413
4416
4418
4421
4423
4427
4431
4432
4439
4440
4442
4443
4449
4452
4457
4458
4460
4462
4464
4465
4467
4469
4475
4476
4478
4480
4481
4486
4489
4490
4492
4502
4503
4506
4517
4523
4526
4535
4536
4538
4540
4543
4544
4545
4546
4550
4555
4556
4558
4560
4561
4564
4565
4566
4567
4568
4570
4571
4575
4576
4578
4580
4581
4584
4587
4588
4589
4591
4593
4594
4595
4596
4597
4599
4603
4604
4605
4607
4610
4613
4615
4616
4617
4618
4619
4620
4626
4629
4636
4643
4646
4650
4654
4655
4660
4665
4666
4668
4671
4672
4675
4679
4681
4682
4683
4686
4690
4691
4694
4695
4702
4703
4705
4707
4708
4710
4712
4716
4719
4728
4730
4731
4732
4733
4736
4740
4742
4744
4746
4748
4749
4751
4752
4755
4756
4761
4764
4766
4770
4772
4776
4780
4781
4791
4793
4795
4797
4800
4805
4812
4814
4815
4817
4820
4824
4825
4827
4829
4832
4835
4839
4846
4851
4853
4854
4855
4858
4859
4866
4869
4870
4872
4876
4882
4887
4889
4891
4893
4895
4897
4899
4902
4904
4906
4912
4914
4916
4917
4927
4931
4932
4933
4937
4938
4940
4947
4954
4958
4961
4963
4966
4967
4970
4973
4977
4978
4980
4983
4984
4986
4988
4990
4991
4992
4994
4997
4999
5002
5007
5008
5014
5016
5018
5022
5025
5030
5031
5034
5040
5041
5045
5046
5048
5049
5053
5054
5056
5057
5058
5059
5063
5071
5075
5076
5077
5080
5082
5083
5085
5088
5091
5097
5098
5101
5104
5106
5110
5112
5115
5117
5118
5120
5127
5130
5132
5135
5137
5139
5140
5141
5143
5145
5149
5150
5151
5154
5158
5159
5160
5161
5163
5164
5170
5172
5177
5179
5180
5181
5185
5187
5189
5190
5195
5196
5202
5203
5211
5214
5216
5221
5222
5224
5226
5228
5231
5232
5237
5245
5248
5251
5255
5257
5262
5264
5265
5271
5273
5275
5276
5277
5280
5282
5284
5286
5288
5289
5290
5292
5294
5295
5296
5298
5302
5304
5305
5311
5312
5313
5315
5318
5319
5322
5324
5326
5327
5331
5332
5334
5336
5339
5340
5341
5344
5347
5368
5400
5414
5422
5424
5426
5430
5432
5434
5436
5438
5443
5445
5452
5453
5455
5458
5468
5488
5489
5505
5508
5526
5528
5533
5536
5538
5539
5540
5565
5571
5572
5575
5579
5584
5586
5588
5594
5597
5599
5600
5602
5605
5607
5611
5613
5616
5620
5623
5624
5625
5626
5627
5628
5631
5632
5636
5638
5641
5643
5646
5651
5652
5653
5657
5659
5660
5661
5663
5668
5669
5672
5675
5677
5680
5684
5685
5686
5687
5689
5693
5695
5698
5700
5703
5704
5705
5707
5708
5709
5711
5713
5714
5716
5717
5720
5722
5725
5729
5730
5732
5733
5735
5737
5739
5747
5751
5752
5756
5757
5760
5763
5766
5768
5770
5772
5776
5779
5780
5781
5786
5789
5792
5793
5795
5797
5798
5800
5806
5807
5808
5809
5810
5813
5814
5817
5822
5825
5830
5835
5838
5842
5844
5845
5846
5847
5848
5851
5852
5854
5858
5861
5862
5864
5869
5872
5873
5877
5881
5884
5885
5887
5891
5892
5894
5895
5897
5899
5902
5904
5905
5906
5907
5908
5912
5914
5917
5920
5921
5922
5926
5927
5928
5929
5930
5932
5936
5939
5943
5948
5952
5953
5954
5957
5958
5959
5960
5961
5963
5965
5967
5968
5972
5975
5976
5978
5979
5982
5989
5994
5995
6001
6005
6006
6007
6009
6010
6011
6015
6016
6021
6024
6027
6030
6031
6040
6045
6047
6049
6051
6052
6054
6055
6057
6058
6061
6062
6064
6066
6067
6068
6069
6070
6071
6074
6076
6078
6080
6082
6084
6085
6088
6094
6101
6106
6108
6110
6113
6114
6116
6122
6124
6127
6129
6131
6133
6141
6142
6150
6152
6153
6157
6159
6163
6164
6168
6170
6172
6176
6181
6184
6187
6193
6198
6200
6203
6204
6206
6212
6217
6218
6226
6230
6233
6235
6240
6242
6244
6246
6248
6249
6250
6255
6258
6261
6264
6265
6271
6275
6278
6279
6283
6285
6286
6287
6288
6292
6293
6295
6296
6299
6300
6305
6309
6314
6315
6318
6319
6327
6331
6332
6334
6342
6344
6348
6350
6352
6356
6357
6362
6363
6364
6367
6369
6371
6375
6383
6384
6387
6389
6390
6394
6395
6398
6400
6402
6403
6405
6408
6411
6413
6415
6419
6422
6423
6426
6427
6428
6429
6432
6434
6436
6439
6440
6443
6445
6448
6455
6456
6458
6463
6468
6469
6470
6475
6477
6478
6479
6481
6482
6486
6487
6488
6489
6490
6492
6495
6496
6497
6500
6504
6506
6509
6510
6511
6513
6514
6516
6519
6521
6522
6523
6524
6526
6528
6530
6532
6534
6535
6537
6541
6542
6546
6547
6548
6549
6551
6553
6555
6556
6557
6559
6562
6565
6570
6576
6578
6580
6582
6586
6587
6591
6595
6598
6601
6602
6605
6606
6608
6609
6610
6613
6614
6616
6619
6621
6622
6624
6626
6628
6630
6632
6633
6635
6637
6639
6640
6641
6643
6644
6646
6648
6651
6659
6662
6665
6666
6671
6673
6675
6678
6679
6683
6684
6690
6693
6696
6699
6700
6702
6704
6706
6707
6710
6711
6712
6715
6717
6721
6724
6726
6729
6730
6731
6734
6735
6738
6740
6744
6745
6748
6754
6755
6760
6761
6762
6764
6766
6768
6769
6771
6774
6777
6779
6784
6785
6786
6789
6790
6792
6798
6799
6800
6803
6804
6806
6807
6810
6812
6817
6820
6821
6826
6828
6830
6833
6834
6836
6838
6840
6842
6844
6848
6849
6851
6855
6862
6866
6867
6871
6873
6876
6878
6881
6883
6886
6889
6891
6892
6894
6899
6902
6903
6905
6906
6908
6915
6917
6920
6921
6925
6926
6927
6929
6934
6940
6943
6944
6949
6950
6963
6986
7015
7066
7074
7078
7080
7084
7086
7089
7092
7093
7096
7099
7101
7102
7104
7107
7108
7112
7114
7116
7123
7128
7132
7136
7138
7140
7141
7142
7143
7146
7147
7148
7149
7152
7153
7155
7157
7159
7162
7165
7166
7168
7171
7173
7176
7177
7182
7185
7186
7187
7188
7190
7192
7198
7201
7202
7205
7207
7208
7211
7212
7214
7217
7221
7223
7224
7225
7226
7231
7232
7233
7235
7237
7238
7240
7242
7244
7251
7254
7255
7257
7259
7262
7263
7266
7269
7272
7273
7274
7276
7277
7278
7281
7282
7288
7289
7300
7307
7309
7310
7311
7315
7316
7318
7320
7323
7325
7328
7334
7335
7336
7339
7340
7342
7344
7345
7347
7352
7353
7359
7361
7367
7368
7370
7374
7376
7378
7380
7383
7384
7386
7387
7390
7393
7394
7395
7396
7398
7399
7400
7403
7404
7406
7408
7413
7414
7415
7416
7419
7421
7424
7429
7430
7431
7433
7434
7439
7441
7442
7444
7445
7450
7454
7456
7457
7459
7461
7463
7468
7470
7471
7472
7476
7478
7479
7483
7485
7488
7491
7494
7499
7500
7501
7502
7503
7504
7506
7507
7508
7512
7518
7520
7521
7523
7524
7526
7527
7533
7534
7538
7539
7541
7543
7548
7551
7555
7556
7558
7559
7560
7562
7564
7565
7566
7574
7577
7578
7580
7583
7585
7586
7590
7591
7593
7600
7602
7605
7608
7609
7612
7613
7614
7617
7620
7622
7623
7624
7628
7632
7634
7645
7646
7648
7651
7657
7658
7662
7664
7665
7667
7668
7671
7674
7675
7679
7683
7684
7686
7688
7694
7699
7701
7705
7707
7711
7715
7716
7717
7718
7721
7724
7728
7729
7732
7736
7739
7740
7745
7746
7747
7750
7751
7754
7759
7760
7770
7772
7773
7774
7775
7777
7781
7786
7788
7791
7796
7801
7803
7805
7806
7808
7814
7815
7816
7820
7823
7825
7827
7828
7830
7832
7835
7836
7883
7890
7899
7900
7902
7903
7911
7916
7918
7920
7923
7934
7938
7939
7943
7946
7948
7954
7956
7958
7960
7962
7963
7965
7968
7971
7973
7974
7976
7977
7979
7982
7983
7985
7987
7989
7992
7994
7998
8000
8005
8006
8007
8009
8011
8013
8017
8019
8021
8024
8027
8029
8030
8032
8036
8039
8045
8048
8054
8056
8058
8059
8060
8066
8068
8070
8071
8072
8074
8075
8077
8078
8079
8088
8089
8090
8092
8094
8097
8100
8103
8104
8106
8107
8108
8109
8110
8112
8114
8115
8117
8120
8122
8124
8126
8129
8132
8135
8138
8140
8141
8143
8145
8146
8147
8149
8151
8153
8155
8156
8157
8159
8162
8165
8169
8170
8173
8175
8177
8178
8183
8189
8192
8194
8195
8200
8205
8206
8208
8213
8215
8217
8221
8222
8224
8229
8234
8236
8242
8246
8248
8249
8252
8254
8255
8260
8262
8263
8264
8268
8270
8272
8273
8276
8277
8279
8282
8283
8285
8287
8290
8292
8294
8296
8298
8300
8301
8303
8304
8305
8307
8308
8311
8317
8319
8320
8321
8323
8324
8348
8352
8387
8390
8391
8392
8395
8396
8399
8403
8406
8407
8411
8416
8417
8418
8423
8425
8431
8432
8433
8434
8438
8439
8441
8445
8448
8449
8452
8456
8460
8461
8463
8465
8468
8470
8472
8474
8476
8478
8479
8480
8481
8482
8487
8488
8490
8491
8493
8496
8499
8501
8502
8503
8504
8506
8507
8511
8512
8513
8515
8517
8524
8546
8552
8555
8558
8559
8566
8568
8569
8573
8575
8577
8579
8581
8582
8583
8584
8585
8589
8591
8594
8596
8598
8601
8603
8605
8607
8609
8610
8613
8615
8617
8620
8623
8626
8627
8630
8631
8632
8635
8636
8642
8649
8651
8656
8658
8663
8666
8668
8670
8672
8681
8682
8686
8687
8688
8690
8692
8694
8696
8697
8698
8701
8704
8706
8707
8712
8714
8715
8716
8717
8718
8721
8723
8727
8729
8731
8732
8733
8734
8738
8739
8741
8744
8746
8749
8750
8752
8754
8755
8756
8757
8758
8760
8763
8765
8769
8770
8771
8776
8777
8780
8782
8783
8784
8786
8787
8789
8790
8792
8794
8795
8797
8800
8803
8805
8807
8810
8814
8817
8819
8821
8823
8825
8826
8828
8830
8831
8837
8839
8842
8843
8844
8848
8849
8851
8852
8854
8855
8857
8859
8864
8867
8869
8870
8874
8875
8876
8879
8882
8885
8886
8888
8889
8890
8893
8897
8900
8907
8909
8911
8913
8914
8916
8920
8922
8924
8925
8929
8930
8932
8935
8937
8940
8942
8944
8945
8947
8948
8953
8954
8955
8957
8958
8959
8960
8961
8964
8967
8969
8970
8972
8974
8976
8978
8981
8983
8990
8991
8994
8996
8997
9000
9003
9004
9007
9009
9010
9013
9014
9016
9018
9019
9022
9023
9024
9025
9029
9034
9036
9037
9039
9042
9043
9045
9046
9047
9051
9053
9055
9056
9057
9060
9061
9065
9067
9068
9069
9070
9071
9074
9076
9077
9080
9084
9085
9087
9090
9091
9092
9093
9094
9096
9097
9100
9102
9104
9106
9111
9113
9114
9116
9118
9121
9122
9127
9128
9129
9133
9136
9142
9143
9144
9147
9148
9151
9152
9155
9156
9157
9159
9162
9163
9166
9167
9171
9173
9176
9180
9181
9183
9187
9191
9194
9195
9197
9201
9203
9204
9208
9211
9212
9216
9222
9226
9228
9230
9233
9235
9238
9240
9242
9243
9247
9253
9255
9256
9257
9259
9260
9266
9269
9270
9271
9274
9277
9278
9279
9280
9281
9286
9288
9290
9293
9295
9296
9297
9300
9304
9306
9308
9310
9312
9314
9317
9320
9321
9322
9326
9330
9333
9334
9336
9338
9339
9343
9351
9353
9355
9356
9365
9369
9371
9376
9380
9381
9382
9386
9387
9390
9391
9395
9396
9401
9403
9404
9406
9409
9411
9412
9416
9417
9419
9420
9422
9426
9431
9434
9435
9437
9439
9441
9445
9448
9453
9454
9456
9458
9459
9466
9467
9469
9472
9473
9476
9478
9481
9483
9484
9486
9487
9492
9493
9497
9501
9504
9507
9511
9514
9515
9516
9518
9521
9523
9524
9525
9527
9531
9534
9535
9536
9537
9538
9539
9541
9543
9546
9547
9549
9551
9554
9555
9558
9562
9563
9565
9566
9568
9569
9572
9573
9576
9577
9578
9583
9587
9589
9590
9592
9593
9595
9596
9597
9600
9606
9607
9609
9612
9613
9615
9621
9623
9627
9632
9635
9640
9642
9644
9647
9650
9652
9653
9654
9660
9662
9664
9665
9666
9669
9672
9673
9675
9676
9678
9680
9683
9685
9688
9689
9691
9694
9696
9697
9698
9700
9701
9703
9705
9709
9710
9712
9717
9718
9722
9724
9725
9730
9731
9735
9738
9741
9747
9788
9791
9792
9797
9801
9802
9806
9807
9811
9812
9814
9825
9826
9828
9831
9844
9903
9904
9906
9908
9910
9913
9915
9917
9918
9921
9923
9924
9928
9931
9933
9935
9936
9938
9940
9941
9943
9944
9945
9953
9965
9974
9986
9987
9990
9991
9992
9994
9996
9997
10000
10002
10004
10007
10008
10010
10012
10014
10015
10017
10018
10020
10021
10022
10040
10041
10042
10046
10049
10050
10053
10055
10058
10059
10063
10064
10065
10068
10071
10072
10082
10084
10087
10088
10091
10093
10100
10101
10103
10104
10106
10110
10116
10119
10120
10124
10125
10127
10129
10131
10133
10134
10137
10139
10145
10148
10149
10151
10153
10154
10160
10161
10163
10164
10165
10168
10173
10174
10175
10178
10180
10182
10183
10184
10185
10191
10193
10194
10195
10196
10198
10200
10205
10208
10210
10215
10217
10225
10226
10229
10230
10232
10233
10234
10240
10241
10244
10247
10249
10257
10261
10264
10268
10271
10272
10274
10278
10281
10284
10285
10288
10290
10291
10294
10295
10297
10298
10299
10300
10302
10305
10308
10309
10312
10316
10318
10323
10325
10327
10329
10332
10333
10335
10336
10337
10338
10341
10342
10345
10346
10348
10349
10354
10357
10360
10366
10368
10371
10373
10382
10386
10387
10388
10393
10394
10398
10400
10401
10405
10406
10407
10409
10410
10411
10414
10416
10418
10420
10423
10428
10434
10435
10436
10440
10447
10456
10477
10482
10485
10492
10495
10510
10539
10550
10556
10568
10601
10611
10614
10619
10620
10626
10627
10633
10634
10638
10641
10642
10645
10646
10648
10649
10651
10654
10656
10659
10661
10666
10667
10669
10672
10674
10676
10677
10678
10683
10686
10687
10689
10691
10693
10696
10699
10704
10707
10708
10711
10712
10713
10715
10719
10720
10722
10724
10727
10731
10734
10736
10737
10738
10739
10742
10748
10756
10761
10764
10765
10768
10775
10776
10779
10780
10782
10785
10786
10787
10789
10790
10792
10793
10795
10798
10800
10803
10804
10806
10810
10812
10814
10816
10817
10822
10823
10825
10826
10830
10834
10837
10838
10839
10843
10846
10848
10850
10854
10855
10857
10860
10863
10864
10865
10868
10871
10872
10873
10874
10877
10878
10879
10881
10885
10887
10888
10891
10896
10898
10899
10903
10904
10906
10907
10908
10909
10912
10914
10923
10938
10943
10944
10947
10951
10954
10955
10962
10963
10996
10997
11000
11001
11002
11003
11020
11025
11027
11030
11032
11033
11035
11036
11042
11046
11050
11053
11055
11059
11061
11062
11064
11071
11072
11077
11085
11090
11091
11094
11097
11100
11102
11104
11111
11116
11119
11120
11122
11125
11133
11138
11143
11144
11146
11149
11150
11152
11153
11155
11156
11157
11163
11164
11167
11168
11169
11170
11174
11180
11183
11184
11187
11192
11194
11196
11198
11205
11208
11213
11218
11220
11224
11229
11235
11238
11243
11250
11252
11258
11259
11261
11264
11267
11275
11284
11288
11289
11291
11292
11293
11295
11299
11300
11307
11318
11320
11324
11329
11330
11333
11334
11335
11339
11340
11341
11342
11343
11345
11348
11352
11353
11357
11358
11359
11363
11365
11366
11370
11374
11375
11376
11380
11383
11385
11388
11389
11391
11392
11395
11396
11398
11399
11400
11401
11404
11405
11409
11410
11412
11417
11418
11420
11422
11426
11429
11430
11435
11436
11437
11439
11441
11445
11446
11449
11453
11455
11456
11459
11460
11469
11470
11473
11479
11482
11484
11485
11486
11489
11490
11494
11497
11499
11502
11506
11507
11509
11511
11512
11513
11516
11517
11523
11524
11527
11530
11532
11534
11536
11537
11541
11544
11549
11558
11559
11561
11563
11564
11566
11567
11574
11577
11581
11584
11586
11587
11589
11594
11598
11600
11602
11604
11606
11607
11609
11612
11614
11618
11619
11620
11622
11626
11628
11629
11630
11632
11634
11637
11639
11645
11646
11648
11649
11652
11653
11656
11657
11658
11662
11663
11665
11667
11670
11672
11673
11675
11678
11680
11682
11684
11685
11689
11694
11695
11700
11704
11706
11709
11715
11719
11722
11724
11725
11730
11731
11734
11737
11741
11743
11744
11748
11750
11752
11755
11756
11758
11761
11762
11764
11765
11768
11770
11772
11777
11779
11782
11784
11791
11794
11796
11798
11801
11810
11812
11833
11848
11852
11853
11874
11878
11881
11882
11883
11884
11886
11888
11889
11890
11896
11899
11900
11904
11905
11906
11907
11908
11910
11912
11917
11918
11919
11922
11924
11926
11929
11930
11932
11934
11937
11942
11944
11945
11946
11949
11953
11954
11957
11959
11962
11965
11967
11969
11972
11975
11977
11979
11981
11982
11985
11988
11990
11991
11996
11999
12004
12009
12013
12018
12019
12022
12023
12026
12027
12029
12031
12032
12034
12036
12038
12040
12042
12043
12045
12048
12049
12052
12053
12057
12058
12061
12065
12067
12070
12071
12074
12075
12077
12080
12081
12083
12084
12085
12087
12090
12091
12094
12096
12102
12104
12106
12112
12113
12116
12119
12121
12122
12123
12124
12126
12130
12133
12135
12138
12140
12141
12145
12148
12153
12154
12157
12158
12160
12165
12173
12177
12178
12187
12188
12189
12193
12197
12200
12205
12208
12210
12216
12218
12220
12228
12233
12234
12241
12242
12245
12246
12247
12249
12250
12251
12254
12255
12257
12260
12262
12263
12265
12267
12270
12273
12277
12280
12282
12284
12286
12287
12289
12291
12292
12294
12296
12297
12298
12304
12306
12310
12314
12315
12319
12324
12325
12326
12328
12329
12331
12333
12334
12337
12345
12350
12356
12360
12374
12380
12381
12384
12414
12427
12453
12459
12495
12499
12501
12503
12504
12507
12509
12511
12519
12523
12548
12549
12550
12551
12552
12554
12555
12556
12560
12562
12563
12567
12569
12570
12571
12573
12574
12586
12588
12596
12597
12602
12603
12605
12607
12609
12611
12615
12617
12618
12619
12621
12625
12627
12629
12634
12635
12637
12639
12641
12644
12646
12648
12651
12654
12657
12658
12659
12660
12662
12664
12667
12668
12670
12671
12672
12674
12677
12680
12682
12684
12686
12688
12689
12690
12691
12693
12698
12701
12702
12706
12708
12710
12712
12713
12715
12716
12720
12721
12725
12727
12729
12730
12731
12734
12735
12737
12739
12740
12741
12743
12744
12745
12747
12748
12750
12752
12753
12755
12756
12758
12759
12760
12762
12763
12764
12768
12771
12773
12776
12780
12783
12785
12787
12788
12789
12790
12791
12794
12797
12798
12799
12802
12803
12805
12806
12807
12808
12814
12816
12822
12824
12826
12827
12828
12833
12835
12836
12838
12840
12842
12850
12854
12856
12859
12861
12883
12885
12910
12928
12929
12939
12940
12943
12945
12948
12951
12953
12955
12962
12967
12968
12969
12977
12980
12981
12982
12986
12988
12989
12991
12992
12995
12997
12999
13000
13012
13015
13019
13042
13043
13047
13059
13060
13069
13086
13088
13092
13096
13098
13099
13101
13115
13119
13127
13132
13135
13139
13218
13219
13222
13232
13233
13237
13238
13247
13248
13249
13261
13286
13293
13294
13297
13309
13312
13314
13315
13342
13352
13368
13389
13400
13408
13410
13411
13416
13420
13436
13446
13447
13449
13450
13451
13454
13457
13466
13470
13471
13472
13475
13478
13479
13486
13487
13490
13493
13496
13499
13504
13508
13512
13518
13528
13529
13530
13548
13551
13553
13556
13559
13564
13565
13566
13570
13571
13572
13573
13575
13577
13580
13582
13585
13589
13591
13593
13599
13600
13604
13605
13606
13608
13613
13615
13616
13617
13618
13619
13624
13627
13629
13630
13631
13633
13637
13638
13658
13663
13667
13670
13675
13677
13679
13681
13686
13689
13693
13694
13697
13699
13701
13704
13706
13708
13712
13715
13717
13719
13720
13721
13724
13729
13732
13734
13744
13745
13750
13751
13753
13755
13760
13764
13783
13826
13829
13830
13831
13833
13835
13837
13842
13843
13845
13846
13848
13862
13867
13876
13882
13884
13885
13887
13888
13890
13893
13894
13896
13898
13899
13901
13902
13903
13906
13909
13956
13977
13983
14013
14021
14055
14071
14080
14090
14092
14098
14099
14108
14150
14178
14183
14186
14188
14191
14195
14197
14210
14217
14218
14232
14233
14234
14244
14245
14259
14266
14268
14271
14273
14276
14278
14279
14281
14283
14284
14296
14316
14318
14319
14323
14326
14327
14330
14339
14340
14350
14355
14367
14369
14376
14377
14388
14403
14406
14407
14411
14413
14414
14415
14418
14420
14422
14425
14428
14435
14455
14475
14476
14520
14522
14524
14525
14527
14528
14534
14539
14542
14547
14548
14550
14551
14553
14554
14555
14557
14559
14564
14567
14569
14570
14571
14573
14576
14578
14584
14586
14588
14589
14590
14593
14595
14597
14599
14600
14601
14604
14606
14607
14617
14623
14629
14634
14648
14675
14678
14682
14685
14690
14692
14694
14695
14703
14707
14708
14711
14714
14715
14717
14718
14722
14725
14727
14736
14738
14739
14743
14746
14747
14750
14753
14759
14762
14764
14769
14771
14774
14778
14782
14785
14787
14788
14789
14793
14798
14802
14803
14808
14810
14811
14817
14818
14822
14823
14824
14827
14830
14834
14839
14841
14844
14845
14847
14853
14854
14855
14856
14858
14860
14866
14869
14871
14874
14875
14877
14878
14882
14884
14886
14887
14889
14890
14893
14895
14898
14899
14900
14902
14904
14905
14907
14909
14912
14913
14915
14919
14922
14924
14925
14927
14929
14931
14932
14933
14935
14937
14939
14941
14942
14970
14991
15007
15021
15043
15045
15047
15052
15063
15064
15067
15070
15071
15075
15076
15082
15083
15084
15085
15087
15090
15092
15093
15094
15096
15097
15100
15101
15105
15107
15108
15109
15189
15204
15225
15287
15294
15295
15298
15301
15302
15303
15305
15307
15308
15310
15311
15314
15316
15319
15324
15325
15327
15328
15329
15331
15334
15337
15338
15343
15347
15348
15352
15354
15356
15358
15361
15362
15365
15366
15367
15372
15375
15378
15383
15384
15387
15393
15397
15398
15399
15402
15404
15408
15410
15412
15413
15414
15417
15418
15420
15423
15424
15425
15430
15434
15436
15437
15438
15439
15443
15449
15450
15454
15456
15458
15463
15465
15466
15471
15473
15499
15512
15518
15520
15527
15532
15538
15562
15573
15575
15605
15629
15631
15633
15635
15637
15639
15641
15642
15643
15645
15648
15656
15669
15673
15681
15685
15686
15688
15692
15693
15694
15695
15697
15699
15702
15708
15709
15710
15714
15715
15721
15723
15727
15730
15734
15735
15740
15741
15743
15755
15758
15762
15768
15771
15773
15779
15786
15789
15793
15795
15803
15806
15807
15808
15810
15811
15813
15868
15869
15872
15874
15876
15877
15879
15880
15881
15895
15897
15900
15905
15907
15955
15956
15958
15963
15965
15967
15970
15976
15989
16008
16011
16012
16014
16017
16020
16027
16028
16032
16033
16038
16040
16042
16045
16049
16052
16053
16056
16057
16063
16071
16076
16081
16083
16084
16085
16086
16087
16090
16093
16096
16099
16101
16103
16113
16116
16117
16121
16122
16127
16131
16132
16133
16136
16137
16140
16143
16144
16148
16152
16153
16157
16159
16160
16164
16165
16167
16169
16172
16173
16175
16178
16179
16180
16184
16186
16187
16189
16190
16192
16198
16200
16204
16210
16213
16214
16216
16218
16220
16222
16223
16226
16228
16231
16233
16235
16236
16237
16239
16240
16242
16245
16247
16248
16252
16254
16262
16266
16267
16271
16273
16280
16284
16325
16335
16350
16355
16371
16374
16375
16380
16388
16390
16395
16423
16472
16473
16488
16509
16512
16513
16515
16516
16518
16519
16522
16523
16524
16526
16532
16534
16536
16539
16544
16557
16559
16581
16596
16599
16604
16605
16606
16607
16610
16613
16615
16618
16621
16624
16626
16627
16630
16631
16634
16635
16638
16640
16644
16645
16648
16650
16660
16691
16698
16703
16707
16732
16733
16736
16739
16753
16758
16781
16791
16842
16879
16895
16898
16902
16903
16923
16931
16947
16952
16953
16956
16958
16961
16964
16967
16968
16972
16975
16979
16981
16985
16987
16989
16992
16994
16996
16998
17000
17010
17011
17012
17014
17016
17023
17026
17028
17032
17033
17035
17038
17043
17048
17051
17052
17054
17055
17056
17057
17061
17063
17064
17068
17069
17071
17073
17074
17075
17078
17080
17081
17083
17084
17086
17095
17100
17104
17115
17126
17129
17141
17143
17147
17148
17150
17151
17156
17164
17166
17170
17171
17173
17180
17183
17185
17191
17192
17193
17265
17283
17326
17376
17396
17400
17410
17412
17414
17415
17419
17426
17434
17436
17437
17443
17453
17459
17460
17465
17466
17468
17474
17477
17478
17480
17483
17485
17486
17487
17488
17490
17495
17496
17498
17499
17500
17502
17503
17507
17510
17512
17514
17517
17520
17524
17526
17527
17528
17530
17531
17535
17537
17539
17540
17545
17546
17547
17548
17550
17552
17554
17558
17559
17563
17564
17566
17568
17572
17575
17585
17588
17593
17596
17597
17598
17602
17604
17606
17609
17613
17617
17623
17626
17628
17630
17631
17634
17639
17642
17645
17648
17653
17655
17657
17659
17662
17665
17666
17667
17670
17678
17682
17688
17692
17693
17694
17700
17701
17702
17703
17704
17706
17711
17712
17715
17716
17717
17724
17728
17729
17730
17732
17734
17736
17737
17739
17742
17743
17747
17750
17752
17754
17756
17759
17762
17763
17764
17766
17768
17769
17772
17775
17776
17778
17779
17780
17781
17782
17786
17787
17842
17849
17869
17872
17873
17876
17879
17881
17882
17883
17884
17885
17890
17891
17901
17912
17915
17918
17922
17926
17929
17937
17942
17990
17991
17992
18029
18036
18038
18039
18042
18045
18057
18062
18079
18084
18085
18086
18089
18091
18095
18101
18102
18104
18107
18111
18113
18117
18119
18121
18122
18124
18125
18127
18128
18130
18133
18136
18137
18139
18140
18143
18174
18187
18220
18225
18231
18240
18247
18264
18265
18270
18283
18296
18298
18303
18314
18315
18319
18320
18322
18323
18324
18325
18327
18330
18331
18334
18335
18338
18342
18344
18345
18347
18355
18360
18418
18425
18434
18472
18476
18479
18485
18489
18491
18496
18499
18501
18502
18508
18509
18513
18516
18518
18521
18525
18526
18529
18531
18533
18541
18543
18545
18546
18547
18553
18557
18558
18575
18652
18654
18658
18671
18701
18715
18751
18771
18789
18796
18800
18803
18804
18805
18806
18807
18819
18821
18825
18826
18829
18830
18831
18836
18838
18842
18843
18844
18847
18849
18851
18858
18859
18860
18862
18864
18865
18868
18869
18870
18872
18880
18881
18908
18916
18918
18920
18925
18927
18932
18933
18934
18936
18939
18941
18944
18945
18946
18948
18953
18954
18956
18959
18962
18965
18966
18969
18970
18971
18972
18976
18978
18979
18980
18982
18983
18985
18986
18987
18989
18991
18993
18995
18997
18998
19001
19004
19005
19007
19008
19010
19012
19014
19018
19020
19022
19024
19026
19027
19029
19032
19036
19040
19043
19044
19048
19050
19051
19054
19055
19056
19058
19059
19061
19062
19065
19066
19069
19070
19076
19077
19078
19079
19081
19085
19086
19087
19089
19091
19093
19095
19096
19100
19102
19106
19108
19110
19113
19116
19117
19132
19138
19142
19148
19149
19175
19180
19186
19189
19249
19259
19261
19262
19263
19265
19266
19269
19270
19272
19276
19279
19280
19281
19285
19286
19288
19291
19293
19294
19295
19296
19297
19299
19301
19303
19304
19305
19306
19310
19315
19332
19346
19349
19354
19360
19363
19364
19393
19403
19423
19427
19428
19432
19437
19456
19521
19564
19573
19588
19613
19680
19685
19706
19713
19756
19758
19761
19762
19764
19772
19780
19782
19784
19787
19793
19799
19802
19804
19807
19809
19811
19814
19815
19817
19820
19821
19823
19824
19825
19827
19828
19829
19833
19835
19836
19841
19842
19843
19844
19845
19846
19849
19850
19854
19855
19857
19858
19861
19863
19864
19865
19870
19873
19874
19879
19881
19882
19886
19888
19894
19896
19899
19903
19912
19915
19916
19918
19919
19925
19926
19929
19931
19933
19936
19938
19939
19940
19941
19942
19943
19946
19947
19949
19956
19957
19959
19963
19970
19971
19972
19974
19978
19980
19986
19991
19995
19996
19997
19998
20000
20001
20005
20009
20017
20018
20022
20025
20028
20032
20034
20039
20041
20044
20046
20048
20050
20051
20053
20054
20057
20058
20060
20063
20066
20073
20074
20076
20078
20083
20089
20100
20101
20112
20117
20118
20120
20130
20131
20136
20150
20160
20190
20206
20209
20219
20222
20227
20228
20230
20234
20235
20237
20238
20245
20249
20254
20260
20262
20265
20270
20283
20295
20296
20338
20342
20346
20354
20362
20370
20372
20381
20391
20412
20436
20446
20448
20452
20463
20465
20467
20469
20474
20476
20477
20498
20500
20505
20506
20513
20522
20534
20537
20541
20542
20550
20558
20565
20567
20569
20582
20609
20610
20613
20664
20668
20671
20682
20696
20706
20710
20745
20746
20750
20754
20772
20778
20814
20855
20862
20876
20901
20919
20939
20945
20946
20947
20949
20952
20954
20956
20969
20986
20988
21005
21010
21014
21015
21022
21024
21025
21026
21029
21030
21031
21033
21037
21040
21045
21046
21048
21052
21053
21054
21057
21059
21060
21061
21063
21064
21065
21067
21070
21073
21076
21079
21083
21084
21085
21088
21089
21090
21096
21098
21100
21102
21105
21123
21128
21136
21155
21157
21158
21159
21162
21165
21168
21169
21173
21175
21179
21181
21189
21192
21194
21204
21208
21243
21249
21251
21268
21269
21273
21277
21284
21285
21286
21304
21308
21310
21311
21330
21381
21387
21393
21398
21419
21424
21438
21462
21486
21487
21521
21523
21527
21531
21532
21541
21544
21561
21562
21569
21571
21584
21612
21627
21630
21646
21665
21682
21694
21707
21711
21719
21734
21739
21740
21741
21747
21758
21760
21763
21767
21770
21775
21781
21783
21795
21796
21797
21819
21838
21856
21859
21863
21867
21869
21873
21876
21877
21893
21898
21901
21914
21923
21924
21925
21928
21929
21930
21933
21940
21969
21972
21974
21976
21977
21986
21989
21990
21994
21998
21999
22003
22009
22015
22112
22122
22142
22154
22156
22164
22168
22170
22171
22174
22190
22192
22194
22197
22201
22203
22204
22209
22210
22213
22218
22223
22224
22227
22229
22230
22232
22234
22235
22236
22238
22243
22247
22249
22250
22255
22257
22259
22261
22264
22268
22269
22276
22295
22296
22303
22304
22312
22327
22329
22331
22335
22354
22395
22400
22411
22415
22439
22443
22446
22449
22493
22511
22515
22521
22532
22534
22566
22579
22583
22585
22587
22590
22591
22596
22609
22617
22623
22625
22637
22668
22688
22699
22714
22758
22764
22837
22838
22839
22854
22856
22862
22864
22868
22869
22872
22873
22877
22879
22880
22885
22896
22903
22912
22915
22919
22920
22921
22922
22925
22927
22929
22932
22933
22934
22935
22936
22937
22938
22942
22943
22946
22947
22951
22953
22954
22957
22958
22960
22962
22963
22964
22966
22967
22970
22972
22975
22976
22977
22981
22982
22983
22985
22986
22987
22990
22992
22993
22995
22996
22997
22999
23000
23004
23007
23009
23010
23013
23014
23015
23016
23017
23021
23023
23024
23026
23028
23029
23032
23041
23047
23050
23052
23053
23057
23060
23062
23065
23067
23068
23072
23074
23080
23083
23084
23087
23093
23095
23099
23101
23102
23118
23122
23124
23130
23131
23133
23136
23139
23141
23144
23145
23146
23152
23157
23161
23164
23165
23166
23169
23172
23177
23182
23185
23186
23187
23190
23195
23196
23199
23202
23204
23205
23207
23212
23214
23216
23219
23220
23221
23224
23226
23276
23277
23285
23286
23290
23293
23299
23300
23306
23307
23312
23314
23315
23316
23318
23321
23322
23326
23333
23334
23336
23341
23343
23350
23351
23353
23354
23358
23362
23369
23374
23375
23377
23378
23379
23380
23381
23383
23384
23387
23392
23396
23397
23403
23406
23407
23409
23411
23413
23414
23416
23425
23428
23433
23434
23438
23446
23456
23457
23463
23465
23468
23471
23472
23479
23486
23542
23544
23547
23548
23549
23559
23563
23590
23625
23627
23631
23649
23664
23676
23686
23697
23698
23700
23703
23705
23707
23712
23714
23715
23716
23718
23719
23722
23727
23732
23760
23763
23772
23801
23839
23858
23875
23880
23892
23915
23939
23942
23974
23994
24007
24019
24028
24049
24090
24092
24100
24117
24120
24121
24124
24128
24130
24132
24135
24136
24148
24154
24157
24158
24159
24161
24163
24165
24166
24168
24175
24176
24180
24182
24184
24185
24188
24190
24193
24194
24196
24198
24200
24202
24203
24207
24209
24210
24213
24216
24218
24219
24220
24222
24224
24225
24227
24228
24230
24231
24233
24236
24238
24246
24250
24253
24254
24255
24260
24262
24264
24265
24267
24272
24273
24279
24280
24283
24284
24286
24299
24301
24339
24360
24364
24367
24368
24372
24373
24375
24376
24383
24384
24386
24389
24393
24394
24399
24400
24404
24423
24432
24449
24468
24471
24474
24476
24480
24486
24490
24493
24497
24499
24500
24501
24505
24513
24527
24549
24551
24564
24572
24583
24613
24622
24640
24680
24684
24693
24695
24696
24700
24703
24705
24707
24714
24716
24721
24725
24734
24739
24741
24749
24752
24760
24761
24764
24765
24766
24769
24770
24774
24777
24784
24792
24797
24806
24810
24814
24817
24818
24821
24832
24834
24849
24862
24873
24886
24929
24950
24968
24977
25019
25063
25066
25089
25098
25131
25132
25133
25135
25140
25141
25144
25146
25147
25152
25153
25155
25157
25158
25159
25162
25163
25164
25168
25171
25173
25174
25175
25180
25210
25239
25244
25247
25331
25362
25384
25389
25390
25396
25398
25428
25437
25476
25483
25490
25496
25521
25523
25527
25532
25533
25535
25539
25543
25544
25551
25552
25554
25555
25556
25558
25560
25562
25568
25576
25580
25582
25585
25611
25684
25698
25708
25727
25728
25815
25832
25833
25836
25839
25841
25903
25905
25911
25915
25919
25926
25934
25935
25952
25973
25978
25993
25995
25997
26014
26025
26030
26031
26060
26062
26064
26066
26070
26073
26076
26081
26086
26097
26099
26100
26103
26104
26109
26110
26112
26117
26119
26123
26125
26153
26154
26157
26158
26159
26175
26178
26182
26212
26233
26236
26238
26239
26241
26242
26244
26256
26282
26283
26286
26288
26289
26291
26293
26303
26305
26308
26309
26313
26318
26326
26327
26344
26346
26350
26353
26365
26368
26371
26372
26374
26375
26378
26380
26381
26382
26383
26385
26387
26388
26391
26396
26397
26399
26400
26401
26404
26406
26409
26410
26419
26421
26423
26426
26427
26432
26438
26439
26440
26444
26445
26446
26448
26452
26453
26456
26459
26460
26462
26464
26466
26467
26469
26472
26474
26475
26476
26477
26480
26483
26484
26487
26490
26493
26494
26496
26498
26501
26505
26510
26515
26528
26532
26536
26538
26543
26547
26548
26549
26550
26551
26560
26562
26563
26566
26570
26572
26573
26575
26580
26582
26589
26590
26593
26594
26595
26596
26598
26599
26600
26604
26605
26612
26614
26618
26621
26624
26627
26630
26631
26633
26635
26639
26640
26641
26642
26644
26645
26651
26652
26653
26654
26656
26663
26665
26668
26669
26672
26673
26675
26677
26678
26681
26683
26687
26689
26691
26697
26699
26703
26721
26729
26747
26748
26750
26759
26776
26874
26875
26890
26895
26901
26906
26908
26917
26918
26920
26921
26922
26926
26927
26930
26936
26937
26940
26944
26947
26953
27003
27026
27037
27038
27097
27113
27114
27115
27118
27146
27170
27171
27193
27196
27220
27237
27240
27248
27251
27254
27261
27264
27265
27267
27269
27271
27272
27290
27294
27305
27309
27318
27319
27323
27326
27329
27330
27333
27337
27360
27364
27371
27377
27380
27417
27447
27465
27468
27470
27471
27472
27473
27477
27483
27484
27486
27488
27491
27496
27515
27523
27525
27528
27529
27535
27539
27543
27544
27545
27558
27597
27598
27599
27601
27602
27605
27609
27612
27613
27615
27618
27619
27628
27631
27632
27633
27635
27637
27640
27642
27643
27646
27651
27652
27657
27658
27662
27665
27669
27671
27672
27677
27678
27680
27681
27682
27693
27711
27714
27750
27792
27826
27841
27864
27879
27901
27945
27963
27981
27991
28030
28069
28073
28099
28108
28112
28128
28130
28135
28141
28155
28175
28177
28178
28179
28183
28189
28191
28192
28194
28196
28197
28198
28200
28204
28206
28208
28209
28210
28211
28213
28215
28223
28225
28226
28227
28228
28229
28231
28234
28236
28237
28238
28243
28251
28253
28256
28259
28263
28265
28271
28275
28277
28279
28280
28282
28285
28287
28289
28292
28293
28297
28302
28304
28305
28308
28313
28316
28317
28318
28320
28325
28326
28330
28333
28335
28336
28337
28340
28343
28345
28349
28351
28355
28356
28359
28362
28364
28370
28372
28375
28381
28383
28387
28389
28392
28397
28400
28401
28409
28415
28416
28417
28419
28423
28427
28431
28434
28435
28465
28469
28517
28541
28549
28565
28596
28598
28602
28603
28604
28609
28610
28613
28614
28615
28617
28619
28621
28623
28624
28626
28627
28629
28630
28631
28632
28633
28635
28637
28639
28643
28648
28653
28655
28658
28660
28664
28669
28671
28673
28675
28676
28681
28685
28686
28690
28692
28693
28694
28698
28699
28703
28704
28708
28712
28714
28716
28718
28719
28721
28722
28723
28724
28727
28728
28729
28736
28739
28741
28742
28747
28749
28751
28765
28773
28776
28778
28785
28788
28789
28790
28791
28792
28795
28796
28800
28804
28805
28810
28812
28816
28819
28829
28830
28832
28836
28840
28842
28844
28846
28848
28850
28853
28854
28856
28857
28861
28864
28867
28874
28877
28878
28881
28891
28932
28934
28941
28948
28950
28951
28964
28968
28976
28986
28988
28991
29012
29014
29016
29017
29020
29021
29034
29037
29078
29095
29126
29201
29203
29205
29208
29220
29231
29248
29315
29357
29372
29383
29420
29443
29462
29463
29472
29504
29506
29509
29510
29516
29519
29522
29523
29524
29526
29529
29534
29535
29537
29571
29573
29578
29580
29582
29583
29605
29607
29621
29625
29650
29667
29669
29670
29673
29674
29676
29677
29679
29681
29683
29687
29690
29692
29693
29695
29698
29700
29702
29705
29706
29707
29710
29711
29717
29719
29721
29724
29728
29731
29734
29735
29736
29739
29740
29741
29742
29745
29750
29754
29758
29759
29762
29766
29771
29772
29773
29775
29776
29779
29781
29782
29783
29787
29790
29795
29796
29801
29803
29807
29809
29813
29816
29818
29819
29826
29828
29829
29830
29832
29833
29836
29837
29839
29841
29873
29890
29895
29899
29902
29905
29907
29910
29916
29918
29919
29921
29925
29956
30015
30034
30039
30042
30043
30045
30048
30049
30052
30059
30071
30083
30113
30135
30147
30151
30152
30153
30154
30155
30157
30159
30160
30163
30195
30234
30249
30272
30274
30280
30289
30317
30324
30331
30335
30347
30350
30362
30363
30364
30365
30366
30368
30377
30415
30419
30422
30426
30431
30434
30445
30449
30468
30471
30499
30502
30504
30509
30515
30516
30519
30522
30523
30525
30526
30530
30533
30538
30541
30542
30548
30550
30551
30553
30554
30556
30559
30567
30568
30569
30570
30572
30576
30577
30583
30585
30586
30588
30593
30595
30597
30599
30600
30602
30603
30608
30609
30610
30612
30615
30616
30617
30619
30623
30626
30628
30631
30633
30635
30637
30639
30641
30642
30643
30645
30646
30650
30652
30654
30656
30659
30661
30663
30664
30666
30669
30670
30672
30675
30680
30710
30715
30718
30747
30759
30769
30771
30791
30793
30795
30797
30798
30800
30804
30805
30810
30814
30816
30818
30823
30827
30829
30833
30835
30838
30839
30841
30843
30844
30847
30852
30853
30855
30857
30858
30859
30861
30862
30865
30866
30869
30871
30873
30874
30877
30880
30883
30884
30888
30889
30891
30892
30898
30899
30900
30901
30903
30904
30906
30907
30909
30916
30917
30918
30920
30921
30925
30926
30927
30928
30930
30932
30934
30937
30938
30940
30941
30943
30946
30947
30949
30951
30953
30955
30960
30961
30964
30967
30968
30971
30974
30975
30982
31003
31014
31052
31058
31069
31071
31072
31074
31106
31135
31194
31234
31266
31286
31288
31316
31335
31345
31384
31390
31406
31426
31452
31470
31478
31513
31516
31517
31537
31581
31609
31611
31638
31651
31652
31654
31655
31669
31671
31672
31675
31677
31679
31683
31685
31692
31694
31726
31728
31730
31737
31746
31765
31778
31779
31781
31791
31810
31821
31825
31826
31827
31831
31843
31852
31959
31967
31995
32021
32061
32082
32120
32122
32124
32126
32132
32140
32223
32224
32230
32261
32264
32271
32281
32288
32334
32362
32364
32368
32369
32372
32376
32377
32379
32381
32382
32384
32385
32391
32392
32394
32395
32397
32400
32401
32404
32406
32408
32409
32428
32459
32461
32478
32482
32497
32502
32508
32511
32512
32518
32520
32525
32528
32530
32532
32534
32536
32538
32543
32545
32548
32549
32550
32551
32552
32554
32557
32561
32562
32565
32566
32568
32569
32571
32573
32575
32577
32579
32580
32581
32583
32586
32587
32589
32590
32591
32594
32597
32598
32606
32607
32611
32616
32626
32628
32635
32639
32646
32651
32660
32662
32689
32692
32706
32743
32745
32752
32757
32758
32762
32765
32830
32916
32933
32936
32938
32977
32992
33012
33036
33059
33089
33101
33134
33182
33184
33188
33191
33192
33199
33204
33209
33213
33215
33226
33244
33250
33256
33262
33269
33290
33303
33305
33311
33312
33319
33322
33326
33327
33331
33352
33373
33394
33430
33455
33456
33470
33473
33480
33488
33491
33505
33515
33541
33547
33564
33568
33573
33577
33604
33609
33610
33612
33616
33624
33635
33655
33657
33668
33677
33680
33682
33688
33692
33740
33751
33754
33755
33757
33759
33760
33768
33772
33773
33775
33778
33780
33782
33786
33841
33891
33907
33936
33947
33977
34005
34008
34040
34048
34057
34062
34112
34141
34145
34150
34152
34153
34154
34159
34162
34165
34166
34171
34174
34175
34178
34179
34180
34182
34187
34189
34190
34191
34193
34194
34195
34198
34199
34200
34201
34203
34204
34241
34245
34258
34342
34352
34398
34399
34404
34406
34421
34424
34430
34440
34444
34446
34450
34451
34452
34455
34458
34462
34466
34467
34470
34472
34474
34475
34479
34480
34482
34486
34492
34498
34502
34504
34507
34508
34509
34510
34525
34541
34548
34549
34558
34561
34565
34567
34575
34577
34579
34590
34606
34609
34610
34616
34617
34624
34625
34629
34630
34633
34638
34641
34646
34649
34650
34655
34659
34667
34672
34674
34680
34684
34689
34696
34699
34700
34711
34717
34720
34726
34727
34729
34732
34738
34740
34741
34744
34745
34811
34813
34816
34819
34820
34825
34829
34843
34886
34889
34894
34903
34908
34909
34912
34914
34918
34977
34981
34988
35029
35044
35049
35050
35053
35057
35060
35064
35065
35069
35073
35074
35075
35076
35081
35083
35087
35088
35089
35095
35096
35102
35103
35106
35110
35112
35113
35115
35117
35118
35122
35123
35125
35126
35128
35131
35135
35140
35143
35148
35151
35153
35156
35160
35163
35182
35187
35208
35219
35260
35272
35276
35295
35335
35369
35381
35388
35440
35450
35469
35485
35516
35520
35522
35525
35529
35533
35540
35577
35592
35599
35601
35606
35667
35684
35697
35733
35737
35770
35777
35821
35825
35829
35850
35853
35859
35860
35867
35870
35872
35884
35892
35894
35896
35898
35902
35904
35907
35908
35920
35956
35990
35997
36038
36081
36121
36122
36125
36126
36130
36136
36140
36143
36144
36149
36150
36155
36156
36160
36177
36181
36182
36186
36193
36197
36198
36201
36227
36236
36304
36319
36325
36338
36347
36366
36408
36422
36464
36466
36469
36471
36473
36475
36477
36483
36485
36487
36521
36523
36525
36527
36584
36585
36587
36594
36595
36601
36603
36604
36607
36616
36629
36634
36637
36641
36650
36656
36666
36678
36679
36686
36687
36692
36707
36713
36734
36738
36745
36748
36774
36795
36816
36820
36825
36828
36832
36834
36835
36836
36845
36846
36847
36853
36856
36858
36864
36870
36873
36876
36878
36879
36881
36882
36886
36889
36890
36895
36896
36898
36903
36908
36909
36918
36921
36923
36926
36929
36935
36938
36939
36943
36950
36952
36953
36956
36957
36959
36962
36964
36968
36974
36979
36981
36983
36985
36986
36988
36989
36992
36994
36996
37001
37003
37005
37008
37013
37015
37019
37020
37021
37026
37028
37031
37035
37038
37041
37045
37046
37047
37049
37057
37058
37060
37062
37064
37065
37067
37073
37077
37079
37081
37082
37087
37088
37089
37090
37092
37093
37095
37099
37102
37105
37106
37112
37115
37117
37119
37122
37124
37125
37127
37131
37132
37134
37137
37139
37140
37142
37146
37148
37150
37151
37154
37158
37165
37191
37199
37223
37226
37251
37256
37281
37285
37294
37367
37368
37373
37461
37482
37496
37506
37536
37561
37600
37647
37689
37708
37718
37745
37752
37801
37806
37865
37871
37880
37886
37904
37932
37944
37995
38014
38040
38045
38077
38079
38083
38084
38086
38095
38097
38100
38103
38105
38116
38172
38186
38223
38229
38307
38329
38333
38356
38364
38400
38401
38405
38406
38408
38412
38413
38415
38444
38451
38473
38487
38517
38627
38640
38661
38740
38742
38802
38815
38831
38889
38932
38946
38958
38979
39022
39028
39035
39043
39047
39063
39092
39193
39225
39266
39307
39359
39381
39411
39419
39421
39424
39478
39479
39481
39482
39484
39486
39489
39492
39495
39496
39498
39521
39534
39543
39544
39545
39639
39654
39745
39765
39782
39786
39792
39807
39853
39881
39933
39952
39988
39997
39999
40097
40123
40134
40138
40159
40181
40202
40245
40288
40291
40309
40324
40334
40344
40345
40348
40349
40351
40357
40361
40362
40383
40386
40396
40397
40399
40409
40411
40414
40417
40419
40423
40426
40427
40431
40436
40437
40439
40441
40448
40450
40453
40455
40456
40457
40461
40462
40466
40468
40471
40474
40481
40484
40489
40490
40492
40493
40496
40509
40573
40602
40606
40614
40634
40648
40656
40659
40664
40674
40680
40713
40726
40750
40762
40848
40861
40880
40885
40889
40905
40920
40955
40967
41066
41094
41115
41128
41136
41139
41165
41237
41263
41270
41284
41303
41333
41345
41346
41348
41350
41352
41353
41356
41358
41361
41364
41365
41368
41369
41370
41374
41377
41378
41380
41382
41386
41388
41389
41392
41393
41395
41397
41401
41403
41408
41412
41416
41421
41437
41440
41441
41443
41446
41449
41451
41453
41456
41460
41461
41463
41466
41473
41474
41488
41492
41530
41532
41538
41563
41576
41628
41634
41661
41739
41740
41762
41783
41784
41791
41812
41815
41826
41828
41845
41879
41922
41932
41938
41943
41976
41977
41987
42026
42090
42129
42138
42144
42155
42218
42226
42238
42242
42249
42271
42293
42298
42336
42368
42369
42375
42379
42439
42441
42447
42449
42459
42466
42467
42476
42478
42479
42483
42484
42517
42547
42574
42597
42610
42624
42634
42639
42707
42747
42764
42775
42804
42965
42985
43059
43060
43089
43109
43134
43151
43187
43188
43189
43226
43293
43294
43295
43300
43338
43340
43345
43348
43350
43352
43364
43378
43382
43451
43459
43461
43540
43613
43619
43638
43642
43705
43706
43738
43747
43758
43762
43788
43789
43792
43831
43846
43852
43904
43968
43991
44001
44030
44141
44153
44155
44166
44191
44233
44250
44262
44350
44351
44355
44357
44360
44362
44364
44367
44371
44373
44374
44378
44381
44385
44389
44390
44391
44394
44395
44400
44401
44403
44406
44407
44410
44443
44448
44449
44468
44517
44539
44541
44542
44545
44546
44547
44549
44550
44552
44554
44557
44559
44565
44566
44570
44574
44575
44578
44581
44583
44620
44651
44669
44713
44715
44760
44771
44795
44799
44803
44919
45038
45062
45101
45114
45122
45154
45227
45242
45283
45304
45310
45385
45416
45430
45455
45469
45474
45489
45553
45610
45611
45618
45621
45626
45627
45630
45632
45635
45638
45640
45641
45645
45646
45647
45663
45684
45753
45765
45766
45767
45771
45776
45815
45857
45866
45895
45909
45912
45915
46018
46019
46047
46048
46071
46090
46099
46100
46144
46146
46148
46151
46158
46162
46166
46167
46201
46258
46307
46383
46404
46458
46461
46463
46555
46588
46612
46619
46726
46727
46877
46887
46888
46900
47011
47061
47121
47138
47147
47193
47206
47215
47217
47227
47230
47240
47246
47270
47275
47361
47371
47373
47433
47451
47489
47492
47521
47537
47552
47563
47592
47594
47597
47598
47616
47649
47710
47711
47716
47745
47780
47781
47786
47789
47791
47792
47794
47797
47798
47805
47806
47807
47808
47810
47811
47813
47814
47818
47832
47845
47934
47938
47955
47981
48049
48075
48206
48237
48259
48276
48397
48427
48448
48673
48702
48710
48733
48735
48768
48810
48911
49013
49066
49113
49121
49155
49165
49222
49307
49309
49329
49340
49456
49498
49543
49549
49555
49556
49557
49558
49559
49560
49565
49601
49604
49641
49673
49702
49709
49710
49712
49730
49764
49806
49817
49857
49904
49970
50053
50066
50090
50174
50258
50261
50282
50292
50314
50317
50319
50321
50322
50324
50325
50333
50339
50342
50344
50352
50379
50387
50456
50470
50556
50585
50604
50637
50674
50686
50730
50778
50787
50791
50794
50886
50888
50891
50892
50895
50896
50897
50901
50902
50906
50907
50908
50909
50912
50914
50918
50920
50941
50973
50991
50996
50998
51002
51003
51020
51033
51056
51099
51110
51151
51167
51207
51214
51232
51271
51336
51380
51383
51389
51398
51433
51465
51491
51562
51602
51605
51618
51717
51753
51757
51760
51770
51775
51776
51814
51948
51952
51976
51993
52052
52081
52153
52273
52296
52316
52403
52418
52429
52434
52493
52513
52542
52629
52698
52726
52729
52731
52733
52734
52758
52819
52822
52824
52830
52834
52879
52886
52891
52906
52927
52931
52993
53088
53157
53183
53197
53218
53221
53224
53226
53227
53230
53233
53265
53268
53270
53277
53320
53392
53394
53423
53478
53507
53544
53783
53821
53894
53910
53915
53969
53973
53978
53979
53980
53982
53985
53987
53988
53990
53994
53996
53999
54002
54003
54006
54008
54009
54013
54015
54016
54017
54020
54023
54026
54028
54030
54031
54034
54035
54036
54039
54042
54043
54044
54052
54054
54056
54057
54058
54060
54061
54064
54068
54073
54074
54075
54077
54079
54080
54082
54084
54086
54089
54091
54095
54100
54101
54104
54110
54113
54115
54117
54119
54120
54123
54124
54126
54127
54129
54130
54135
54141
54146
54148
54150
54152
54155
54156
54160
54164
54167
54171
54174
54176
54177
54179
54186
54191
54192
54194
54197
54198
54199
54202
54203
54206
54215
54224
54272
54340
54364
54372
54375
54390
54405
54406
54423
54426
54431
54445
54450
54501
54503
54560
54598
54609
54613
54616
54618
54623
54663
54664
54687
54697
54702
54720
54723
54727
54729
54735
54793
54838
54860
54865
54950
54972
54991
55016
55036
55087
55102
55179
55182
55216
55260
55287
55303
55326
55442
55476
55479
55480
55482
55486
55563
55565
55567
55582
55594
55596
55600
55604
55607
55630
55639
55656
55660
55662
55670
55673
55676
55679
55681
55682
55693
55714
55718
55736
55739
55740
55741
55742
55751
55760
55768
55772
55776
55782
55787
55795
55800
55809
55815
55844
55870
55887
55912
55914
55946
55962
56027
56065
56117
56119
56121
56124
56134
56137
56207
56222
56224
56375
56436
56573
56582
56583
56654
56670
56716
56722
56793
56814
56948
56984
57015
57016
57075
57086
57190
57262
57268
57316
57357
57384
57487
57541
57580
57594
57598
57600
57604
57605
57607
57608
57609
57611
57612
57616
57618
57621
57625
57626
57628
57630
57633
57635
57677
57685
57750
57762
57795
57818
57868
57893
57968
57981
58074
58076
58078
58107
58215
58232
58242
58256
58372
58599
58630
58693
58709
58886
58892
58930
59184
59207
59220
59234
59259
59291
59390
59442
59463
59514
59521
59677
59781
59784
59798
59836
59851
60072
60098
60361
60498
60596
60619
60666
60738
60740
60774
60779
60781
60794
60800
60804
60831
60854
60892
60999
61022
61132
61266
61425
61580
61779
61863
61951
62205
62245
62302
62451
62491
62543
62573
62641
62686
62742
62751
62808
63012
63055
63091
63124
63170
63262
63332
63493
63503
63522
63524
63529
63590
63924
64042
64150
64192
64193
64273
64352
64411
64450
64489
64675
64704
64756
64911
64946
65028
65071
65149
65207
65230
65448
65494
65514
65561
65573
65582
65583
65594
65595
65614
65620
65626
65654
65701
65716
65840
65951
66146
66162
66163
66174
66285
66399
66583
66601
66691
66709
66907
66980
67056
67080
67090
67191
67204
67213
67224
67226
67284
67291
67370
67453
67469
67470
67688
67750
67759
67767
67820
67822
67925
67931
68013
68015
68043
68054
68077
68082
68084
68087
68090
68094
68107
68112
68115
68138
68142
68144
68148
68150
68152
68235
68353
68414
68423
68499
68500
68501
68502
68508
68509
68510
68514
68516
68519
68520
68523
68531
68535
68538
68539
68542
68545
68547
68550
68551
68588
68602
68682
68751
68940
69176
69197
69404
69511
69643
69738
69849
69857
69874
70187
70251
70277
70391
70441
70489
70560
70561
70565
70661
70808
70812
70815
70816
70824
70937
70964
71265
71304
71309
71385
71389
71390
71392
71551
71622
71744
71763
71764
71765
71767
71791
71907
72060
72073
72126
72166
72421
72453
72462
72477
72486
72488
72490
72493
72500
72756
72783
72941
73028
73039
73181
73369
73413
73469
73581
73879
73881
73896
74136
74141
74197
74413
74449
74457
74521
74536
74653
74834
75205
75210
75516
75522
75602
75715
76131
76219
76544
76708
76794
77011
77168
77199
77523
77651
77652
77654
77657
77660
77680
77700
77707
77711
77715
77718
77721
77722
77723
77921
77949
78045
78053
78395
78473
78539
78714
78853
78948
79098
79128
79229
79303
79472
79657
