0 4
0 24
1 24
0 10
0 8
2 24
1 4
1 10
0 29
0 7
1 8
2 8
2 4
0 2
1 29
0 19
2 10
3 10
1 7
2 7
3 7
3 8
2 29
4 8
4 10
3 29
4 7
4 29
1 19
3 4
2 19
0 6
3 19
0 18
2 26
1 2
0 23
0 3
0 25
2 2
4 4
1 18
3 2
3 24
2 25
1 23
2 23
2 18
4 24
3 23
1 6
4 19
0 22
1 25
4 23
2 6
0 13
1 3
0 5
1 22
2 22
0 0
3 18
3 22
4 22
3 25
4 18
2 3
1 5
2 5
0 26
3 3
1 0
2 0
0 1
3 0
4 0
3 5
1 13
0 28
0 21
4 3
1 1
2 1
1 21
1 26
0 15
2 28
2 21
3 1
4 25
4 1
3 26
2 12
3 21
0 11
1 15
0 17
4 5
2 15
3 15
1 28
0 14
3 28
3 6
4 6
4 28
4 15
4 26
2 17
1 11
2 11
2 13
3 11
0 20
0 16
0 27
4 11
1 27
1 14
0 9
3 13
0 12
1 17
2 27
1 12
2 14
1 20
2 20
3 27
2 16
1 9
4 13
4 27
2 9
3 20
3 17
4 20
3 12
3 9
4 2
4 17
4 21
1 16
4 9
3 14
3 16
4 14
4 16
4 12

Score: 83.54000000000079