0
11
13
15
20
23
26
27
28
30
31
32
36
38
42
43
44
46
48
51
55
57
58
59
61
62
67
69
71
74
76
80
83
84
86
87
89
90
93
95
100
107
108
113
115
118
119
122
123
124
127
130
133
134
136
141
143
144
146
147
152
154
155
157
158
159
160
162
164
165
169
171
174
175
179
181
183
185
186
187
188
197
203
204
213
214
215
223
227
236
243
249
253
255
256
260
289
292
297
303
305
306
310
315
318
319
321
324
328
332
335
336
343
349
351
352
357
359
362
365
367
368
370
372
373
388
427
429
431
432
434
437
441
474
483
488
490
495
497
499
503
505
507
508
515
518
519
520
522
529
530
533
534
535
555
556
558
560
561
568
581
584
594
613
621
622
624
631
634
641
642
651
653
655
659
660
680
685
695
708
735
739
745
749
755
768
775
783
792
812
847
849
858
860
863
880
884
886
887
889
891
892
893
894
895
897
898
901
902
906
908
919
923
925
928
932
938
943
950
953
962
985
999
1008
1020
1025
1027
1029
1030
1033
1034
1035
1036
1037
1038
1042
1045
1046
1048
1049
1051
1057
1058
1059
1063
1065
1067
1069
1074
1078
1080
1081
1082
1087
1088
1089
1091
1094
1097
1101
1112
1114
1115
1117
1119
1121
1122
1123
1124
1125
1129
1130
1131
1132
1133
1135
1137
1144
1159
1163
1166
1170
1180
1192
1195
1197
1200
1202
1203
1225
1235
1259
1262
1264
1271
1298
1317
1331
1344
1367
1376
1380
1381
1390
1391
1392
1400
1401
1431
1440
1441
1442
1446
1469
1471
1473
1475
1476
1480
1482
1486
1487
1488
1490
1492
1496
1498
1500
1504
1506
1507
1510
1511
1514
1516
1517
1519
1522
1524
1530
1536
1537
1540
1541
1543
1544
1546
1547
1549
1553
1556
1559
1560
1562
1564
1565
1570
1572
1574
1581
1582
1584
1585
1588
1590
1593
1594
1596
1598
1600
1601
1604
1606
1607
1608
1609
1610
1613
1614
1616
1619
1623
1627
1630
1631
1634
1636
1641
1642
1643
1645
1646
1648
1649
1652
1654
1662
1663
1664
1667
1670
1672
1675
1676
1680
1681
1682
1683
1685
1687
1690
1691
1692
1694
1699
1702
1704
1705
1706
1707
1709
1710
1711
1712
1713
1716
1718
1720
1722
1723
1726
1730
1735
1736
1738
1739
1742
1745
1748
1753
1755
1757
1759
1760
1764
1768
1772
1774
1775
1778
1780
1781
1783
1784
1787
1789
1791
1793
1795
1796
1798
1799
1800
1803
1808
1811
1821
1825
1829
1832
1833
1837
1838
1840
1843
1845
1847
1849
1854
1855
1865
1871
1874
1880
1887
1888
1889
1891
1897
1900
1902
1908
1911
1915
1922
1923
1925
1926
1927
1930
1932
1937
1938
1939
1940
1944
1945
1948
1950
1955
1958
1959
1961
1962
1978
1981
1984
1991
1992
1995
1998
2001
2002
2005
2008
2010
2015
2026
2037
2054
2059
2093
2094
2096
2101
2102
2105
2107
2109
2111
2112
2113
2131
2144
2155
2157
2159
2161
2196
2198
2200
2201
2210
2231
2233
2234
2237
2242
2253
2260
2266
2269
2272
2273
2277
2278
2303
2309
2347
2357
2363
2389
2403
2407
2409
2412
2416
2422
2425
2428
2433
2434
2439
2440
2441
2444
2445
2446
2449
2452
2454
2457
2458
2459
2460
2465
2466
2468
2471
2476
2478
2479
2481
2484
2487
2498
2510
2512
2537
2542
2548
2551
2554
2555
2557
2560
2562
2563
2565
2568
2570
2572
2573
2576
2578
2583
2585
2586
2587
2592
2593
2594
2596
2599
2601
2605
2606
2608
2611
2614
2616
2618
2619
2620
2622
2642
2643
2649
2653
2655
2656
2657
2663
2664
2666
2672
2674
2679
2680
2683
2685
2686
2689
2693
2694
2695
2697
2701
2704
2705
2708
2709
2711
2715
2718
2720
2723
2726
2727
2729
2730
2732
2733
2738
2739
2741
2746
2748
2751
2755
2756
2757
2758
2764
2774
2775
2779
2782
2788
2789
2793
2798
2800
2805
2818
2822
2830
2832
2833
2836
2838
2840
2842
2847
2851
2855
2857
2860
2862
2866
2869
2872
2880
2889
2891
2892
2893
2895
2896
2898
2900
2901
2905
2906
2907
2908
2910
2912
2914
2915
2917
2919
2921
2925
2926
2927
2929
2931
2932
2935
2937
2938
2939
2942
2949
2950
2952
2954
2956
2957
2958
2962
2963
2964
2966
2969
2970
2971
2972
2973
2979
2981
2985
2987
2988
2990
2992
2995
2997
2999
3001
3002
3004
3005
3007
3008
3009
3011
3013
3015
3019
3021
3025
3026
3028
3029
3031
3033
3036
3041
3042
3046
3049
3050
3051
3052
3062
3089
3105
3109
3116
3119
3120
3124
3125
3126
3130
3132
3137
3140
3141
3143
3145
3148
3149
3152
3153
3157
3160
3161
3168
3169
3174
3177
3180
3181
3184
3185
3186
3189
3205
3208
3222
3264
3273
3288
3299
3303
3304
3307
3309
3312
3313
3319
3334
3339
3347
3352
3355
3356
3359
3361
3378
3379
3381
3384
3419
3440
3442
3443
3453
3454
3460
3463
3468
3508
3515
3519
3523
3591
3604
3655
3685
3689
3697
3698
3703
3708
3720
3725
3736
3746
3755
3761
3765
3771
3777
3778
3780
3781
3782
3787
3796
3798
3799
3801
3804
3808
3810
3812
3814
3815
3816
3817
3818
3821
3833
3834
3841
3842
3846
3847
3858
3859
3861
3867
3868
3869
3870
3871
3872
3873
3875
3876
3879
3881
3883
3885
3886
3912
3917
3923
3925
3926
3927
3928
3942
3944
3960
3961
3978
3982
3985
3986
3987
3989
3991
3993
3994
3995
4000
4014
4019
4022
4023
4024
4029
4030
4031
4032
4036
4040
4043
4054
4056
4063
4065
4069
4071
4075
4077
4082
4084
4089
4090
4093
4097
4098
4102
4104
4106
4109
4111
4114
4126
4129
4135
4155
4167
4169
4174
4184
4185
4189
4216
4220
4232
4246
4255
4256
4259
4279
4293
4336
4339
4341
4342
4343
4344
4345
4352
4361
4362
4366
4372
4378
4379
4381
4383
4384
4385
4388
4390
4394
4397
4399
4405
4408
4410
4413
4415
4417
4422
4427
4431
4440
4445
4446
4450
4458
4459
4461
4463
4466
4467
4470
4475
4476
4477
4479
4481
4483
4485
4489
4491
4492
4493
4501
4545
4554
4555
4559
4562
4564
4568
4571
4574
4600
4620
4629
4631
4632
4633
4634
4635
4637
4640
4643
4645
4650
4656
4658
4663
4666
4670
4675
4678
4682
4685
4687
4697
4701
4704
4706
4709
4713
4718
4719
4722
4723
4730
4732
4734
4735
4736
4742
4751
4752
4757
4758
4760
4766
4772
4778
4780
4829
4834
4840
4844
4851
4854
4855
4857
4859
4863
4866
4868
4869
4870
4871
4872
4877
4878
4882
4886
4887
4889
4891
4897
4905
4919
4926
4928
4935
4943
4956
4957
4963
4966
4968
4969
4998
5006
5007
5009
5010
5040
5042
5043
5044
5046
5051
5080
5085
5087
5107
5112
5127
5132
5134
5139
5140
5148
5151
5155
5176
5187
5189
5193
5195
5197
5199
5203
5209
5213
5220
5226
5227
5228
5230
5231
5234
5236
5240
5241
5244
5247
5248
5250
5252
5255
5258
5259
5260
5264
5266
5269
5275
5286
5303
5329
5348
5357
5381
5384
5386
5417
5433
5451
5462
5464
5470
5471
5478
5501
5505
5523
5527
5534
5540
5541
5550
5551
5554
5555
5556
5557
5558
5574
5580
5582
5585
5586
5589
5593
5595
5596
5597
5599
5600
5602
5606
5608
5610
5612
5615
5619
5621
5639
5645
5649
5657
5658
5662
5664
5665
5670
5672
5678
5682
5687
5693
5694
5703
5704
5706
5716
5722
5727
5728
5730
5736
5737
5739
5742
5743
5748
5751
5761
5763
5767
5769
5770
5772
5774
5776
5780
5781
5786
5788
5794
5797
5798
5801
5803
5805
5809
5810
5814
5818
5837
5841
5842
5843
5844
5847
5849
5850
5851
5853
5854
5861
5864
5865
5867
5869
5871
5873
5875
5876
5904
5922
5932
5938
5942
5945
5946
5948
5950
5952
5953
5955
5957
5958
5962
5967
5969
5974
5975
5978
5979
5980
6000
6008
6011
6013
6014
6015
6017
6018
6024
6038
6056
6068
6074
6075
6078
6081
6083
6088
6092
6103
6110
6120
6123
6131
6132
6138
6139
6140
6144
6146
6151
6153
6158
6160
6161
6166
6169
6173
6184
6200
6202
6210
6213
6237
6242
6263
6270
6276
6278
6287
6305
6322
6340
6341
6344
6347
6348
6351
6353
6359
6361
6363
6364
6367
6369
6370
6385
6389
6390
6393
6399
6433
6435
6443
6450
6463
6468
6469
6471
6472
6473
6474
6475
6479
6480
6481
6483
6485
6489
6491
6493
6496
6498
6500
6514
6516
6517
6523
6525
6526
6548
6552
6565
6567
6581
6582
6583
6587
6589
6590
6601
6617
6629
6639
6640
6652
6655
6656
6660
6662
6665
6668
6670
6672
6678
6679
6689
6691
6694
6698
6700
6702
6706
6712
6713
6721
6725
6726
6728
6730
6739
6741
6745
6746
6747
6786
6792
6798
6811
6817
6819
6821
6822
6825
6826
6829
6830
6831
6832
6835
6836
6843
6846
6847
6849
6857
6860
6864
6872
6879
6889
6904
6906
6923
6953
6954
6957
6959
6962
6963
6969
6970
6972
6974
6975
6977
6979
6980
6981
6983
6984
6985
6986
6993
7001
7003
7006
7009
7012
7014
7017
7018
7020
7023
7033
7040
7043
7051
7053
7055
7057
7063
7064
7067
7083
7084
7085
7087
7089
7092
7093
7096
7102
7104
7105
7106
7108
7111
7113
7114
7115
7117
7119
7122
7126
7157
7160
7165
7170
7186
7188
7191
7194
7196
7197
7198
7200
7201
7209
7223
7230
7251
7255
7257
7266
7270
7272
7293
7295
7299
7306
7309
7336
7367
7378
7398
7407
7410
7412
7414
7419
7422
7435
7436
7441
7446
7449
7451
7474
7480
7484
7499
7513
7526
7539
7571
7578
7579
7581
7601
7619
7620
7642
7657
7660
7662
7664
7670
7688
7702
7710
7734
7737
7738
7741
7742
7744
7746
7750
7752
7753
7759
7775
7791
7815
7833
7851
7866
7868
7870
7872
7874
7876
7877
7878
7879
7883
7886
7887
7892
7897
7911
7912
7915
7916
7917
7918
7920
7922
7925
7927
7930
7932
7934
7936
7952
7964
7966
7976
7983
7985
7987
7988
7991
7992
7993
7996
7998
7999
8000
8001
8003
8004
8005
8010
8018
8022
8028
8032
8036
8038
8039
8040
8043
8045
8049
8051
8052
8054
8057
8077
8079
8083
8086
8090
8094
8099
8113
8133
8138
8139
8149
8151
8152
8155
8174
8180
8184
8208
8223
8243
8246
8248
8268
8271
8294
8296
8301
8305
8309
8326
8328
8343
8371
8385
8388
8403
8406
8408
8414
8415
8416
8417
8418
8422
8426
8427
8429
8430
8434
8435
8439
8443
8466
8480
8503
8505
8506
8507
8508
8544
8546
8548
8551
8553
8557
8592
8596
8598
8602
8603
8605
8607
8611
8613
8619
8620
8635
8638
8649
8659
8665
8683
8684
8685
8688
8707
8726
8728
8783
8791
8793
8795
8800
8820
8823
8825
8832
8833
8837
8850
8856
8860
8865
8874
8876
8879
8895
8896
8899
8902
8904
8906
8927
8928
8956
8961
8965
8966
8997
9010
9012
9035
9051
9063
9064
9065
9067
9068
9070
9072
9073
9098
9116
9127
9134
9137
9151
9152
9160
9183
9184
9186
9188
9189
9191
9193
9197
9198
9199
9203
9206
9207
9208
9209
9212
9216
9220
9225
9232
9233
9237
9240
9242
9244
9245
9248
9260
9269
9275
9276
9283
9284
9303
9318
9321
9329
9336
9337
9345
9367
9371
9388
9396
9398
9405
9407
9412
9414
9415
9419
9420
9427
9430
9432
9433
9436
9439
9448
9450
9456
9463
9468
9472
9476
9485
9489
9493
9494
9495
9496
9497
9501
9502
9505
9506
9509
9511
9512
9518
9519
9522
9523
9525
9528
9530
9533
9534
9539
9541
9545
9546
9551
9552
9553
9558
9560
9562
9571
9580
9583
9593
9597
9601
9610
9622
9629
9631
9634
9635
9642
9649
9650
9660
9662
9664
9665
9666
9667
9668
9670
9678
9687
9725
9729
9736
9737
9747
9750
9769
9789
9801
9804
9823
9825
9834
9836
9840
9857
9861
9873
9886
9900
9941
9963
9978
9992
10007
10020
10021
10025
10027
10056
10091
10096
10098
10101
10105
10107
10110
10111
10127
10161
10163
10169
10170
10185
10188
10200
10208
10243
10254
10259
10268
10277
10308
10312
10317
10321
10325
10329
10338
10340
10350
10364
10369
10372
10380
10388
10390
10406
10408
10409
10411
10414
10416
10417
10420
10421
10423
10426
10439
10466
10470
10471
10473
10475
10477
10478
10481
10483
10485
10488
10495
10498
10501
10505
10507
10509
10510
10513
10520
10526
10527
10529
10530
10532
10533
10535
10542
10543
10556
10570
10588
10590
10605
10683
10710
10711
10717
10720
10722
10727
10729
10736
10745
10772
10777
10778
10805
10836
10837
10848
10857
10858
10864
10871
10886
10892
10894
10904
10909
10910
10912
10915
10916
10917
10919
10920
10921
10922
10925
10927
10928
10930
10934
10936
10940
10941
10943
10944
10946
10947
10950
10953
10956
10960
10963
10964
10968
10969
10975
10978
10979
10981
10983
10989
10991
10992
10993
10994
10996
10997
11001
11003
11004
11007
11008
11011
11014
11016
11017
11018
11022
11028
11030
11031
11032
11036
11042
11043
11052
11054
11057
11059
11061
11064
11065
11069
11071
11073
11075
11077
11082
11083
11084
11089
11091
11094
11096
11098
11099
11100
11101
11102
11104
11106
11107
11110
11113
11120
11122
11127
11131
11134
11135
11139
11142
11145
11149
11152
11155
11158
11166
11168
11171
11173
11176
11178
11179
11180
11181
11182
11188
11190
11191
11194
11205
11207
11209
11210
11211
11214
11219
11224
11230
11231
11236
11237
11239
11242
11243
11244
11247
11250
11251
11252
11266
11276
11278
11286
11289
11297
11299
11300
11320
11321
11333
11335
11344
11346
11358
11375
11377
11394
11410
11420
11426
11443
11444
11465
11468
11470
11473
11474
11475
11476
11477
11482
11483
11502
11526
11531
11541
11561
11576
11579
11595
11607
11616
11618
11619
11622
11628
11629
11638
11705
11706
11734
11748
11752
11777
11778
11779
11781
11787
11845
11849
11864
11872
11874
11875
11888
11889
11890
11893
11901
11909
11911
11915
11917
11923
11936
11945
11963
11966
11968
11969
11971
11972
11983
11984
11989
12019
12021
12025
12057
12060
12062
12064
12066
12067
12068
12070
12072
12078
12080
12083
12084
12085
12091
12092
12094
12095
12100
12103
12105
12106
12110
12111
12113
12115
12116
12119
12121
12127
12130
12134
12135
12139
12159
12162
12167
12172
12184
12186
12190
12195
12197
12198
12200
12201
12204
12206
12209
12210
12212
12213
12214
12217
12221
12222
12228
12230
12232
12234
12235
12274
12278
12282
12290
12305
12306
12309
12333
12344
12348
12375
12402
12403
12406
12407
12438
12439
12469
12515
12524
12533
12543
12546
12552
12562
12567
12574
12617
12622
12628
12629
12630
12634
12638
12641
12642
12643
12670
12728
12731
12739
12753
12761
12781
12811
12824
12853
12856
12868
12886
12908
12929
12934
12942
12951
12958
12960
12971
12972
12973
12979
12997
13003
13006
13042
13053
13057
13066
13076
13081
13084
13089
13094
13095
13102
13103
13104
13113
13118
13120
13130
13137
13145
13146
13147
13155
13161
13162
13166
13170
13172
13173
13177
13178
13179
13207
13218
13243
13257
13268
13277
13290
13317
13328
13329
13331
13334
13335
13336
13339
13341
13342
13346
13348
13349
13351
13353
13357
13362
13365
13366
13368
13369
13371
13372
13373
13374
13376
13377
13379
13383
13386
13389
13392
13394
13396
13398
13399
13401
13403
13404
13405
13409
13417
13423
13425
13428
13430
13432
13434
13438
13439
13442
13443
13447
13448
13450
13451
13452
13454
13462
13465
13467
13469
13471
13473
13477
13479
13481
13482
13483
13484
13487
13491
13493
13495
13504
13509
13530
13533
13545
13562
13568
13583
13585
13586
13607
13616
13617
13620
13630
13632
13633
13635
13637
13638
13643
13644
13646
13649
13652
13661
13664
13665
13667
13669
13672
13682
13684
13685
13686
13688
13690
13691
13692
13694
13696
13699
13702
13703
13706
13708
13709
13712
13714
13715
13722
13728
13729
13730
13756
13817
13829
13849
13867
13870
13878
13892
13904
13911
13928
13963
13981
13998
14006
14007
14009
14013
14026
14035
14064
14066
14107
14117
14128
14130
14134
14135
14138
14139
14141
14163
14173
14213
14215
14228
14234
14237
14238
14243
14296
14306
14318
14325
14378
14388
14389
14390
14391
14392
14393
14414
14416
14425
14453
14459
14460
14461
14466
14473
14474
14516
14520
14530
14536
14578
14579
14585
14590
14596
14599
14603
14606
14610
14612
14616
14626
14632
14634
14640
14642
14643
14646
14650
14653
14657
14659
14661
14662
14663
14670
14671
14672
14675
14696
14705
14710
14712
14714
14719
14728
14734
14745
14746
14754
14760
14763
14770
14797
14801
14822
14826
14833
14872
14880
14889
14897
14930
14938
14951
14962
14994
15004
15013
15014
15015
15017
15021
15025
15054
15055
15065
15098
15100
15105
15109
15118
15122
15127
15131
15133
15135
15142
15147
15155
15160
15164
15167
15193
15206
15212
15218
15257
15258
15260
15267
15273
15274
15276
15284
15293
15323
15332
15336
15349
15352
15353
15354
15363
15367
15368
15391
15396
15398
15409
15415
15424
15429
15456
15466
15486
15490
15499
15503
15510
15513
15515
15519
15523
15543
15546
15547
15558
15561
15575
15579
15595
15599
15605
15610
15620
15621
15624
15625
15635
15645
15657
15667
15675
15709
15714
15728
15731
15732
15733
15735
15740
15744
15748
15749
15750
15757
15758
15768
15769
15770
15777
15786
15788
15791
15794
15801
15807
15808
15812
15813
15814
15816
15818
15819
15824
15825
15827
15829
15837
15839
15840
15841
15845
15851
15853
15859
15860
15877
15896
15906
15941
15944
15947
15948
15950
15951
15955
15958
15961
15962
15965
15966
15969
15971
15975
15976
15977
15980
15988
15990
15993
15996
15997
15999
16000
16004
16007
16012
16013
16015
16018
16022
16026
16028
16029
16034
16035
16040
16044
16048
16054
16055
16056
16061
16062
16064
16067
16071
16073
16074
16081
16084
16086
16091
16092
16093
16099
16100
16105
16109
16110
16112
16115
16117
16119
16121
16125
16126
16132
16142
16172
16174
16184
16189
16222
16229
16243
16262
16291
16292
16296
16328
16332
16335
16344
16348
16364
16365
16380
16385
16394
16406
16417
16418
16428
16435
16436
16448
16458
16461
16475
16483
16508
16512
16517
16524
16526
16527
16536
16539
16541
16543
16546
16550
16570
16583
16612
16613
16616
16617
16621
16628
16643
16654
16662
16671
16676
16683
16684
16700
16709
16718
16719
16720
16731
16740
16742
16786
16796
16804
16805
16806
16812
16857
16872
16882
16883
16884
16894
16916
16928
16937
16950
16962
16963
16971
16972
16983
16994
17026
17048
17066
17067
17080
17089
17093
17097
17101
17102
17103
17122
17128
17143
17158
17168
17188
17195
17206
17228
17235
17243
17259
17275
17285
17289
17322
17332
17336
17345
17352
17353
17365
17387
17403
17407
17446
17449
17450
17454
17456
17458
17462
17463
17466
17472
17475
17479
17480
17488
17490
17497
17502
17505
17507
17513
17514
17527
17532
17542
17584
17590
17594
17606
17625
17631
17652
17667
17685
17691
17696
17719
17722
17731
17777
17780
17782
17784
17785
17790
17795
17796
17799
17801
17803
17804
17805
17809
17813
17815
17816
17820
17823
17828
17830
17864
17868
17870
17872
17874
17896
17904
17911
17915
17920
17923
17937
17947
17955
17956
17957
17973
17977
17978
17988
18007
18017
18028
18037
18041
18050
18054
18107
18157
18162
18176
18177
18179
18181
18198
18209
18212
18217
18224
18239
18247
18260
18277
18287
18290
18292
18304
18311
18312
18325
18327
18328
18329
18330
18331
18332
18335
18336
18337
18338
18339
18340
18341
18344
18351
18352
18353
18354
18356
18360
18362
18363
18364
18366
18369
18370
18371
18382
18406
18434
18437
18441
18443
18445
18448
18451
18452
18453
18455
18458
18460
18465
18467
18471
18473
18478
18479
18481
18482
18484
18488
18490
18491
18494
18495
18499
18500
18503
18510
18513
18519
18520
18522
18524
18529
18533
18534
18535
18537
18541
18547
18548
18549
18550
18551
18555
18556
18560
18562
18564
18566
18567
18568
18572
18573
18590
18606
18626
18655
18660
18687
18711
18743
18762
18803
18809
18810
18828
18846
18857
18866
18902
18911
18922
18937
18939
18944
18960
18964
18990
19000
19027
19044
19060
19094
19097
19101
19105
19108
19119
19124
19132
19150
19168
19179
19205
19216
19221
19243
19250
19313
19374
19440
19456
19460
19491
19493
19498
19503
19534
19557
19570
19613
19639
19641
19657
19665
19669
19674
19698
19708
19733
19748
19750
19774
19790
19796
19816
19817
19837
19847
19866
19885
19886
19887
19889
19891
19892
19903
19907
19910
19915
19917
19930
19935
19940
19943
19955
19965
20003
20004
20010
20019
20056
20097
20101
20105
20116
20119
20143
20146
20167
20181
20182
20183
20184
20199
20200
20207
20215
20244
20258
20261
20262
20270
20271
20317
20319
20329
20331
20334
20354
20390
20402
20411
20441
20445
20462
20470
20480
20509
20518
20537
20565
20571
20585
20586
20592
20606
20613
20626
20630
20649
20671
20733
20743
20745
20746
20747
20748
20749
20754
20781
20802
20821
20826
20830
20843
20865
20872
20883
20885
20912
20913
20933
20935
20946
20947
20960
21014
21018
21021
21025
21029
21034
21035
21036
21040
21051
21054
21063
21064
21070
21078
21083
21092
21096
21099
21105
21110
21120
21123
21136
21144
21153
21154
21166
21168
21174
21175
21180
21183
21187
21188
21191
21192
21196
21199
21202
21203
21207
21210
21211
21212
21213
21217
21221
21222
21229
21263
21272
21287
21298
21332
21335
21346
21348
21354
21363
21369
21371
21372
21379
21384
21388
21390
21392
21393
21394
21397
21410
21431
21432
21439
21440
21441
21452
21453
21455
21458
21472
21473
21490
21491
21492
21496
21498
21499
21528
21546
21547
21572
21577
21584
21590
21617
21618
21638
21643
21677
21686
21709
21714
21760
21761
21763
21766
21781
21789
21797
21799
21807
21828
21834
21835
21843
21854
21858
21866
21884
21885
21914
21923
21952
21954
21968
21980
21994
22031
22047
22052
22059
22062
22071
22097
22108
22121
22171
22188
22201
22211
22220
22230
22244
22305
22347
22351
22357
22399
22408
22418
22427
22429
22463
22467
22482
22490
22515
22535
22539
22542
22543
22558
22569
22578
22618
22622
22626
22631
22633
22640
22641
22657
22667
22672
22685
22695
22705
22739
22744
22794
22817
22824
22862
22873
22900
22939
22998
23003
23019
23020
23022
23025
23027
23029
23037
23038
23047
23048
23077
23129
23147
23148
23152
23157
23162
23164
23172
23173
23179
23185
23192
23208
23211
23217
23264
23281
23361
23417
23419
23449
23498
23594
23610
23615
23625
23668
23670
23672
23674
23676
23679
23680
23689
23717
23727
23759
23795
23816
23819
23854
23875
23891
23915
23918
23945
23952
23976
23977
23980
23987
23991
23993
23996
23997
24028
24036
24038
24078
24092
24094
24096
24097
24124
24142
24151
24160
24171
24173
24236
24246
24247
24267
24280
24295
24296
24300
24322
24336
24348
24364
24398
24403
24414
24423
24435
24449
24465
24467
24469
24471
24472
24500
24503
24532
24543
24559
24568
24576
24583
24609
24639
24660
24738
24743
24750
24765
24781
24850
24878
24938
25009
25024
25039
25058
25064
25072
25075
25083
25116
25129
25186
25192
25195
25203
25214
25219
25247
25250
25253
25255
25286
25306
25320
25332
25337
25343
25349
25350
25359
25369
25396
25397
25408
25412
25419
25420
25425
25427
25428
25429
25441
25446
25454
25460
25461
25462
25469
25470
25475
25476
25483
25484
25492
25496
25499
25505
25522
25523
25527
25533
25542
25545
25554
25576
25623
25625
25656
25685
25690
25698
25704
25708
25731
25741
25749
25754
25759
25762
25763
25806
25811
25826
25828
25854
25875
25917
25920
25932
25947
25965
25979
25983
25989
26071
26075
26122
26135
26139
26188
26213
26251
26252
26310
26328
26329
26338
26339
26343
26347
26354
26358
26360
26363
26366
26378
26384
26390
26395
26426
26431
26435
26458
26473
26475
26476
26532
26539
26578
26588
26591
26618
26627
26650
26656
26657
26660
26673
26695
26697
26720
26739
26778
26782
26783
26799
26812
26834
26835
26850
26857
26867
26885
26894
26904
26926
26938
26941
26954
26966
26983
26986
26987
27014
27036
27041
27046
27047
27049
27051
27053
27084
27100
27103
27122
27145
27157
27160
27164
27173
27185
27226
27231
27232
27242
27244
27245
27246
27247
27253
27255
27279
27298
27330
27374
27385
27408
27420
27422
27431
27468
27522
27524
27525
27530
27588
27596
27607
27619
27636
27637
27644
27671
27703
27706
27707
27732
27788
27789
27791
27802
27829
27843
27896
27963
27978
27992
27994
28014
28035
28041
28080
28089
28093
28094
28111
28120
28133
28153
28165
28170
28171
28179
28197
28199
28204
28208
28209
28212
28217
28219
28238
28262
28266
28271
28317
28318
28320
28322
28360
28363
28375
28377
28426
28443
28482
28502
28525
28532
28537
28539
28545
28547
28557
28565
28576
28601
28602
28604
28609
28612
28614
28626
28631
28636
28656
28667
28674
28690
28713
28732
28734
28738
28739
28745
28748
28750
28754
28802
28817
28820
28823
28829
28832
28834
28835
28871
28886
28888
28896
28901
28904
28905
28923
28931
28935
28973
28979
28981
28982
28985
28986
28990
28991
28997
29000
29002
29008
29010
29040
29048
29064
29092
29112
29120
29126
29127
29141
29186
29187
29277
29303
29310
29340
29350
29353
29365
29366
29371
29413
29457
29499
29518
29525
29526
29528
29569
29574
29576
29579
29580
29582
29583
29588
29590
29591
29594
29615
29659
29687
29694
29707
29713
29726
29730
29731
29732
29738
29762
29765
29766
29778
29779
29787
29792
29795
29826
29827
29828
29833
29834
29840
29871
29886
29917
29922
29987
29988
29997
30011
30028
30044
30049
30050
30056
30090
30161
30164
30185
30196
30203
30214
30226
30229
30257
30262
30264
30269
30362
30421
30439
30445
30465
30480
30503
30506
30520
30536
30539
30570
30576
30601
30622
30625
30628
30641
30645
30646
30663
30680
30686
30718
30724
30771
30813
30840
30878
30888
30909
30946
30956
30994
31020
31115
31126
31169
31176
31194
31216
31236
31271
31338
31354
31381
31396
31411
31418
31459
31467
31471
31567
31590
31605
31606
31610
31614
31616
31658
31715
31724
31725
31750
31769
31780
31794
31822
31838
31891
31893
31900
31921
31949
31997
32017
32024
32066
32075
32120
32128
32129
32134
32179
32184
32216
32235
32247
32297
32343
32347
32370
32383
32395
32429
32449
32466
32478
32573
32596
32597
32601
32610
32615
32629
32656
32703
32705
32734
32771
32790
32821
32873
32960
32974
32986
32999
33009
33015
33054
33130
33174
33182
33235
33261
33271
33293
33296
33322
33337
33349
33393
33394
33438
33443
33487
33501
33521
33524
33549
33584
33598
33670
33684
33698
33709
33728
33750
33810
33832
33846
33877
33881
33887
34025
34030
34050
34088
34099
34124
34129
34134
34146
34170
34194
34203
34212
34245
34253
34263
34273
34329
34343
34388
34408
34451
34503
34514
34534
34572
34573
34596
34601
34659
34687
34710
34711
34722
34768
34770
34776
34793
34854
34880
34883
34905
34919
34926
35014
35045
35114
35135
35157
35256
35275
35287
35301
35312
35418
35447
35495
35504
35618
35619
35621
35635
35663
35692
35693
35717
35727
35728
35732
35759
35772
35773
35783
35785
35793
35843
35845
35884
35899
36048
36053
36061
36181
36186
36245
36274
36309
36347
36372
36383
36407
36456
36460
36472
36543
36545
36549
36569
36644
36656
36676
36766
36782
36811
36832
36839
36880
36917
36923
36960
37000
37011
37071
37091
37103
37110
37113
37116
37139
37141
37162
37211
37239
37276
37317
37376
37425
37440
37468
37472
37482
37494
37530
37548
37585
37596
37598
37634
37649
37743
37918
37923
37986
37999
38017
38059
38061
38069
38071
38110
38140
38166
38190
38278
38283
38294
38314
38332
38367
38441
38471
38674
38712
38718
38734
38781
38799
38808
38866
38874
38899
38912
38933
38960
38962
38973
38989
39011
39037
39118
39158
39200
39205
39305
39306
39307
39308
39332
39351
39369
39395
39421
39464
39548
39558
39583
39584
39631
39652
39672
39682
39710
39747
39756
39770
39919
39965
39968
39984
39996
40023
40041
40067
40071
40076
40110
40119
40154
40237
40263
40325
40335
40354
40370
40388
40403
40409
40410
40413
40465
40633
40634
40649
40700
40709
40729
40801
40809
40817
40923
41025
41030
41042
41052
41058
41065
41070
41077
41079
41092
41094
41096
41102
41103
41105
41160
41161
41174
41222
41251
41341
41388
41457
41459
41469
41471
41487
41562
41588
41638
41723
41764
41858
41874
41935
41939
41992
42022
42048
42082
42097
42100
42162
42163
42195
42200
42212
42234
42341
42373
42394
42467
42481
42494
42562
42568
42591
42606
42612
42650
42655
42658
42659
42663
42672
42676
42685
42686
42687
42689
42691
42692
42735
42748
42820
42840
42852
42888
42958
42979
43036
43155
43163
43218
43240
43259
43299
43386
43408
43412
43460
43490
43524
43538
43623
43890
43920
43925
43959
43997
44086
44089
44126
44179
44263
44280
44321
44323
44324
44325
44327
44329
44331
44342
44346
44350
44352
44380
44457
44502
44523
44547
44599
44651
44697
44723
44747
44769
44906
44926
44963
44982
44983
45035
45184
45311
45314
45381
45540
45622
45844
45870
45969
45975
46024
46115
46138
46190
46316
46333
46336
46368
46423
46614
46616
46734
46740
46905
47054
47091
47291
47441
47490
47640
47779
47887
47931
