0
30
53
60
67
68
69
78
109
146
152
154
169
178
187
191
193
198
213
220
237
239
241
248
271
277
314
331
353
367
390
395
406
428
429
444
445
468
480
481
492
537
538
544
561
579
584
617
682
686
701
730
733
734
740
759
761
766
784
789
802
809
817
824
837
839
842
847
866
871
874
883
909
917
921
924
935
952
953
967
977
978
985
992
993
996
1008
1049
1074
1075
1082
1091
1127
1166
1184
1195
1215
1245
1265
1316
1334
1360
1371
1379
1384
1389
1395
1412
1429
1432
1448
1455
1461
1464
1477
1504
1515
1528
1529
1538
