0
0
5
6
7
9
10
11
12
16
18
19
22
24
27
28
29
30
34
42
45
47
49
55
58
62
63
66
69
71
73
80
87
93
94
102
105
106
109
111
126
134
136
137
142
144
152
153
155
156
158
162
164
167
172
184
198
199
210
219
236
249
255
256
265
274
279
280
281
282
285
288
291
292
293
294
296
298
300
301
304
306
307
308
309
310
312
315
321
322
324
326
329
330
337
339
341
346
349
351
352
353
355
360
377
378
383
388
395
404
405
411
418
435
439
448
451
453
457
459
468
469
472
473
478
479
485
487
500
503
518
556
564
566
567
571
579
588
591
607
627
633
645
646
656
658
672
685
687
701
702
704
705
708
709
710
724
742
745
754
765
769
783
785
790
791
804
830
831
844
862
887
896
913
918
922
923
926
947
948
951
954
957
959
960
965
968
970
975
976
992
994
1032
1036
1038
1040
1041
1046
1047
1056
1065
1074
1077
1078
1080
1092
1107
1111
1134
1138
1144
1148
1150
1152
1155
1156
1164
1166
1168
1169
1170
1171
1174
1176
1177
1179
1180
1189
1192
1202
1207
1212
1264
1266
1269
1302
1304
1316
1330
1331
1337
1339
1346
1347
1349
1352
1354
1358
1363
1368
1370
1372
1374
1377
1382
1384
1386
1393
1394
1398
1399
1401
1402
1404
1405
1406
1408
1409
1411
1417
1419
1421
1423
1424
1427
1429
1432
1434
1435
1438
1441
1443
1445
1448
1449
1451
1454
1458
1461
1462
1466
1467
1470
1471
1472
1474
1476
1478
1479
1480
1482
1484
1485
1487
1489
1492
1493
1497
1498
1502
1507
1510
1511
1512
1516
1518
1519
1521
1523
1524
1526
1527
1529
1532
1533
1534
1536
1538
1540
1541
1543
1545
1548
1550
1555
1557
1559
1564
1566
1567
1569
1570
1571
1573
1576
1578
1580
1582
1583
1584
1593
1650
1651
1653
1654
1655
1659
1663
1666
1669
1670
1679
1686
1687
1689
1704
1711
1717
1726
1731
1748
1750
1760
1797
1817
1832
1834
1840
1844
1866
1867
1870
1873
1874
1877
1888
1895
1910
1915
1923
1924
1935
1940
1955
1972
1975
1976
1983
1984
1987
1992
1994
1995
2003
2004
2007
2009
2022
2023
2030
2049
2053
2056
2061
2070
2079
2085
2105
2113
2121
2138
2142
2144
2150
2165
2166
2185
2194
2204
2208
2213
2215
2217
2219
2230
2242
2245
2247
2252
2254
2274
2286
2313
2323
2362
2373
2389
2393
2395
2409
2413
2416
2418
2421
2422
2458
2466
2467
2472
2474
2476
2478
2493
2502
2513
2514
2516
2520
2541
2554
2555
2558
2563
2567
2573
2575
2583
2584
2593
2597
2620
2621
2640
2642
2670
2674
2687
2689
2697
2702
2705
2734
2754
2756
2759
2761
2786
2792
2794
2823
2843
2846
2848
2851
2869
2879
2881
2883
2890
2893
2897
2898
2904
2916
2922
2928
2931
2936
2942
2947
3001
3010
3011
3025
3040
3043
3048
3050
3079
3095
3099
3101
3104
3107
3112
3113
3114
3140
3147
3198
3201
3205
3207
3208
3209
3212
3213
3217
3223
3225
3229
3233
3241
3243
3247
3249
3251
3254
3256
3258
3260
3261
3263
3267
3269
3272
3273
3274
3276
3281
3285
3286
3288
3290
3293
3298
3299
3301
3302
3306
3308
3310
3320
3329
3330
3337
3340
3341
3356
3360
3375
3379
3380
3383
3384
3389
3393
3394
3395
3398
3400
3401
3402
3404
3409
3410
3416
3418
3453
3465
3487
3489
3492
3496
3505
3510
3511
3523
3530
3534
3547
3559
3573
3585
3614
3626
3655
3656
3659
3660
3664
3695
3715
3720
3775
3810
3841
3850
3859
3861
3869
3890
3896
3902
3908
3916
3927
3931
3952
3967
3984
3995
4010
4022
4040
4053
4085
4086
4088
4093
4099
4102
4106
4113
4116
4122
4133
4134
4157
4159
4173
4192
4194
4199
4204
4212
4214
4224
4241
4248
4272
4285
4303
4314
4318
4320
4323
4343
4347
4348
4349
4368
4375
4387
4393
4398
4399
4400
4403
4405
4408
4418
4432
4450
4461
4469
4470
4481
4491
4501
4513
4519
4523
4533
4535
4539
4541
4543
4545
4549
4555
4556
4560
4580
4595
4613
4616
4624
4628
4632
4640
4656
4725
4741
4761
4763
4773
4810
4815
4821
4822
4826
4827
4836
4848
4868
4881
4894
4895
4899
4900
4904
4911
4916
4956
4962
4976
4990
4998
5004
5007
5022
5023
5065
5082
5084
5106
5109
5115
5122
5131
5135
5137
5138
5140
5144
5147
5170
5173
5174
5175
5176
5185
5189
5194
5206
5215
5222
5237
5262
5272
5274
5276
5280
5299
5314
5321
5334
5386
5395
5414
5439
5440
5472
5474
5477
5496
5498
5537
5538
5539
5540
5556
5569
5572
5601
5606
5629
5636
5642
5654
5680
5688
5691
5709
5715
5723
5743
5745
5763
5772
5773
5774
5786
5825
5884
5941
5947
5965
5991
5993
6019
6030
6055
6074
6077
6080
6124
6132
6146
6148
6166
6177
6183
6195
6198
6214
6220
6243
6251
6253
6280
6298
6319
6346
6356
6360
6390
6397
6419
6424
6444
6464
6466
6475
6477
6481
6486
6503
6506
6539
6545
6560
6566
6581
6593
6600
6602
6626
6632
6637
6660
6662
6673
6708
6727
6733
6739
6776
6804
6826
6834
6844
6850
6863
6879
6895
6910
6920
6927
6963
6981
6986
7003
7004
7006
7008
7015
7031
7041
7060
7061
7063
7075
7086
7102
7134
7138
7147
7159
7161
7171
7206
7221
7233
7253
7262
7268
7269
7275
7299
7300
7332
7334
7336
7339
7356
7357
7391
7392
7398
7413
7422
7425
7442
7446
7473
7513
7516
7538
7541
7551
7564
7623
7628
7633
7645
7655
7662
7695
7697
7700
7704
7705
7711
7731
7732
7745
7747
7749
7755
7757
7779
7792
7810
7811
7812
7818
7821
7837
7841
7851
7897
7901
7904
7933
7935
7936
7963
7966
7988
8017
8026
8028
8029
8030
8033
8035
8037
8038
8039
8045
8048
8051
8058
8060
8062
8064
8066
8068
8069
8070
8071
8072
8073
8079
8083
8087
8089
8090
8092
8093
8095
8116
8118
8156
8159
8161
8162
8185
8201
8245
8262
8275
8277
8298
8344
8399
8401
8410
8411
8419
8435
8452
8476
8487
8488
8503
8505
8515
8531
8591
8624
8643
8646
8650
8651
8658
8666
8668
8698
8708
8718
8730
8735
8759
8762
8781
8805
8817
8837
8851
8869
8872
8899
8913
8980
8991
8994
9010
9019
9026
9107
9112
9116
9118
9124
9145
9179
9181
9191
9196
9197
9198
9234
9243
9248
9254
9267
9280
9297
9298
9304
9331
9343
9349
9377
9381
9383
9394
9401
9420
9428
9437
9442
9458
9463
9466
9470
9472
9473
9474
9475
9476
9477
9483
9497
9507
9518
9538
9541
9556
9560
9567
9574
9575
9576
9586
9600
9604
9625
9649
9659
9682
9689
9696
9698
9717
9720
9722
9731
9743
9746
9751
9762
9765
9768
9771
9772
9775
9779
9781
9791
9792
9804
9821
9921
9946
9954
9958
9961
9977
9989
10005
10018
10037
10043
10046
10076
10079
10081
10113
10117
10136
10141
10148
10182
10185
10194
10255
10262
10265
10273
10291
10298
10301
10332
10347
10357
10369
10377
10428
10435
10436
10481
10482
10488
10511
10526
10532
10545
10549
10559
10562
10593
10596
10597
10599
10608
10610
10619
10650
10656
10663
10695
10701
10715
10730
10745
10767
10793
10798
10807
10809
10812
10814
10815
10818
10827
10828
10847
10849
10852
10866
10884
10945
10946
10959
10961
10971
10973
10981
10998
11000
11028
11033
11041
11043
11063
11070
11071
11077
11092
11095
11115
11121
11128
11129
11142
11147
11172
11174
11175
11187
11204
11207
11223
11229
11230
11233
11236
11238
11242
11244
11246
11247
11253
11255
11256
11261
11280
11305
11310
11324
11355
11364
11365
11375
11376
11384
11415
11416
11421
11436
11452
11484
11487
11511
11525
11531
11538
11551
11565
11573
11604
11620
11636
11642
11658
11667
11674
11677
11680
11723
11724
11727
11733
11759
11776
11779
11794
11827
11839
11846
11847
11855
11861
11876
11882
11892
11907
11923
11930
11974
12021
12050
12058
12120
12153
12169
12198
12228
12238
12247
12249
12251
12253
12259
12260
12265
12267
12269
12272
12273
12274
12314
12362
12381
12394
12414
12431
12446
12455
12476
12484
12485
12529
12541
12564
12619
12623
12625
12628
12629
12631
12633
12636
12639
12641
12643
12650
12653
12657
12659
12661
12665
12666
12671
12673
12676
12677
12682
12691
12720
12741
12795
12845
12870
12877
12878
12881
12906
12923
12925
12929
12962
12986
13001
13005
13006
13007
13009
13013
13017
13023
13038
13066
13099
13106
13148
13160
13163
13179
13216
13218
13225
13238
13269
13306
13330
13339
13342
13343
13354
13355
13368
13375
13378
13380
13382
13384
13385
13392
13441
13456
13476
13517
13605
13614
13620
13633
13644
13653
13768
13781
13798
13799
13825
13840
13877
13904
13917
13926
13949
13962
13980
13982
14008
14012
14017
14057
14058
14062
14070
14072
14112
14140
14144
14170
14193
14200
14216
14225
14237
14263
14283
14316
14341
14352
14369
14373
14379
14442
14445
14460
14490
14491
14499
14504
14509
14523
14535
14546
14549
14559
14567
14580
14626
14631
14666
14669
14744
14771
14792
14804
14861
14879
14902
14931
14943
14953
14981
14983
15106
15161
15169
15177
15189
15235
15269
15286
15321
15385
15387
15411
15414
15422
15448
15472
15509
15525
15527
15531
15596
15630
15637
15646
15687
15694
15727
15737
15741
15761
15804
15840
15864
15888
15898
15936
15958
15985
15990
15997
16009
16024
16026
16068
16112
16155
16159
16166
16186
16218
16220
16260
16284
16300
16379
16394
16406
16408
16441
16448
16469
16489
16527
16540
16610
16641
16649
16692
16736
16738
16744
16818
16819
16835
16853
16875
16877
16899
16917
16938
16980
16991
16995
17016
17078
17107
17191
17235
17255
17284
17301
17320
17326
17364
17375
17402
17417
17437
17469
17476
17486
17492
17497
17549
17574
17591
17594
17665
17687
17708
17722
17728
17732
17796
17886
17891
17895
17897
17901
17905
17910
17912
17937
17951
17952
18001
18006
18044
18053
18064
18089
18109
18122
18185
18221
18223
18236
18253
18371
18403
18437
18438
18449
18458
18518
18540
18564
18592
18626
18698
18720
18721
18742
18748
18809
18831
18847
18897
18899
18922
18951
18968
19030
19063
19068
19085
19088
19106
19136
19152
19212
19213
19287
19294
19312
19346
19352
19354
19361
19387
19406
19415
19441
19454
19481
19505
19569
19599
19614
19630
19656
19719
19783
19790
19797
19821
19831
19942
19986
19992
20012
20032
20033
20068
20083
20098
20115
20161
20166
20178
20193
20240
20253
20277
20289
20321
20354
20450
20513
20519
20527
20548
20580
20634
20711
20751
20802
20803
20824
20884
20942
21228
21294
21413
21480
21508
21515
21570
21606
21653
21656
21657
21707
21719
21847
21882
21892
21981
22058
22212
22231
22257
22288
22304
22337
22480
22553
22558
22566
22642
22672
22685
22728
22735
22736
22783
22786
22810
22818
22872
22921
22949
22961
22981
23011
23212
23320
23397
23542
23573
23581
23874
23901
23939
23940
23966
23972
24075
24302
24350
24641
24733
24765
24805
24812
24894
25106
25199
25311
25359
25558
25691
25735
25755
25774
25929
25946
26249
26292
26437
