0
28
33
35
36
51
59
64
69
72
77
83
98
99
129
146
156
166
171
194
195
217
219
275
281
283
303
348
349
354
388
389
396
408
418
422
429
446
450
452
477
482
494
502
503
511
517
525
528
529
535
600
619
681
683
687
723
732
747
789
799
810
828
839
845
862
872
884
892
900
937
945
955
962
966
970
982
999
1001
1057
1067
1096
1097
1103
1106
1120
1138
1142
1149
1161
1172
1199
1217
1223
1237
1241
1242
1258
1264
1269
1280
1287
1294
1307
1308
1310
1316
1323
1360
1391
1392
1406
1413
1431
1439
1470
1476
1501
1505
1514
1529
1543
1563
1576
1586
1595
1601
1604
1645
1652
1662
1674
1684
1687
1724
1746
1749
1750
1765
1775
1778
1796
1800
1823
1855
1880
1887
1911
1928
1955
1956
1979
2000
