0
0
3
4
5
7
8
13
23
32
33
35
37
50
55
74
75
76
78
80
82
83
86
87
88
89
101
108
114
120
136
153
177
183
189
198
216
242
243
244
257
258
271
273
289
291
296
297
314
322
325
326
338
341
342
343
344
347
351
353
355
357
358
379
389
391
395
400
401
405
410
414
420
426
427
429
433
435
436
438
440
447
464
465
473
485
495
497
507
526
530
531
533
538
540
543
544
545
548
551
553
561
564
576
592
593
599
606
608
615
618
626
627
630
632
633
635
637
639
640
644
647
648
651
660
665
671
676
678
680
682
683
687
689
692
697
701
703
717
722
733
736
739
741
743
745
757
760
765
766
769
771
778
779
784
789
798
802
812
825
827
828
831
852
854
860
869
891
894
899
900
902
904
907
914
920
935
944
945
946
951
953
954
966
974
987
995
996
1008
1018
1030
1034
1043
1046
1047
1048
1051
1056
1062
1063
1087
1100
1105
1121
1126
1128
1129
1130
1133
1142
1151
1166
1180
1198
1202
1211
1220
1230
1252
1254
1256
1258
1262
1266
1281
1313
1315
1321
1322
1323
1325
1327
1329
1338
1343
1349
1359
1369
1374
1381
1382
1383
1407
1408
1418
1419
1424
1426
1427
1429
1437
1439
1440
1443
1454
1457
1459
1463
1467
1472
1475
1476
1477
1483
1486
1492
1498
1503
1505
1511
1539
1565
1567
1568
1569
1571
1574
1577
1581
1585
1588
1592
1594
1595
1619
1640
1651
1668
1678
1680
1684
1693
1700
1720
1749
1765
1788
1812
1821
1822
1823
1826
1827
1829
1831
1835
1837
1841
1842
1843
1850
1852
1872
1914
1927
1932
1938
1940
1944
1946
1947
1952
1964
1973
1987
2022
2028
2029
2030
2031
2039
2044
2045
2046
2059
2078
2100
2107
2114
2122
2124
2130
2133
2142
2144
2146
2151
2196
2203
2216
2256
2273
2279
2295
2308
2313
2318
2322
2335
2343
2345
2348
2349
2356
2373
2397
2413
2427
2431
2432
2439
2441
2446
2450
2453
2457
2460
2462
2465
2472
2473
2477
2484
2486
2499
2500
2503
2505
2512
2514
2517
2522
2526
2530
2532
2543
2555
2560
2571
2588
2591
2594
2595
2596
2601
2626
2644
2657
2673
2682
2698
2703
2711
2713
2719
2720
2730
2734
2750
2758
2762
2776
2788
2807
2815
2821
2822
2855
2864
2869
2886
2897
2899
2901
2906
2909
2915
2922
2923
2927
2929
2931
2933
2938
2949
2958
2991
2992
3004
3007
3030
3033
3050
3059
3070
3085
3094
3095
3096
3098
3101
3108
3125
3134
3150
3189
3210
3239
3240
3243
3246
3252
3260
3261
3297
3343
3364
3387
3390
3395
3407
3453
3455
3456
3468
3475
3476
3479
3481
3492
3495
3502
3508
3520
3530
3536
3562
3617
3622
3654
3659
3660
3664
3683
3696
3701
3716
3749
3786
3789
3794
3802
3822
3836
3839
3859
3863
3883
3891
3930
3941
3951
3984
3992
3993
3996
3999
4002
4005
4007
4008
4009
4014
4015
4026
4090
4097
4102
4121
4128
4129
4130
4146
4162
4175
4178
4181
4183
4185
4188
4190
4209
4263
4268
4273
4278
4279
4282
4287
4295
4298
4304
4313
4328
4335
4339
4346
4347
4350
4353
4360
4363
4364
4367
4377
4400
4417
4424
4427
4473
4491
4506
4539
4543
4571
4586
4600
4628
4629
4642
4656
4662
4668
4678
4683
4684
4700
4702
4708
4731
4741
4772
4815
4818
4847
4860
4865
4897
4904
4914
4928
4949
4953
4957
5038
5051
5062
5119
5129
5182
5202
5227
5259
5265
5278
5292
5293
5300
5308
5318
5339
5354
5367
5373
5392
5408
5432
5447
5501
5536
5537
5538
5541
5546
5547
5549
5558
5566
5582
5600
5617
5637
5659
5661
5667
5692
5715
5735
5769
5774
5802
5807
5813
5825
5853
5854
5856
5895
5920
5926
5957
5992
6036
6037
6060
6063
6080
6093
6095
6100
6101
6104
6105
6106
6110
6112
6114
6116
6118
6120
6135
6141
6143
6166
6205
6226
6235
6236
6237
6238
6245
6256
6258
6271
6274
6289
6290
6315
6320
6324
6334
6374
6381
6383
6420
6423
6462
6528
6533
6572
6584
6618
6658
6665
6677
6729
6758
6769
6803
6823
6884
6923
6952
6969
7000
7013
7015
7028
7076
7085
7155
7186
7247
7279
7300
7302
7313
7326
7354
7378
7393
7421
7436
7438
7469
7485
7491
7514
7529
7552
7559
7602
7623
7644
7646
7681
7715
7765
7816
7823
7869
7877
7942
7979
8002
8005
8062
8076
8084
8097
8098
8102
8149
8170
8197
8227
8254
8290
8310
8389
8401
8424
8436
8457
8474
8497
8551
8585
8598
8660
8697
8703
8720
8753
8764
8785
8804
8808
8843
8886
8925
8938
8941
8970
8987
8992
8993
9000
9017
9112
9114
9211
9238
9261
9321
9402
9438
9439
9446
9448
9450
9451
9452
9456
9498
9547
9598
9703
9720
9721
9737
9752
9774
9802
9816
9826
9903
9968
9993
10014
10037
10049
10069
10143
10205
10211
10245
10275
10309
10415
10438
10498
10554
10585
10631
10684
10711
10736
10754
10811
10830
10924
11013
11070
11155
11171
11211
11229
11289
11290
11293
11320
11338
11416
11489
11527
11584
11622
11653
11680
11700
11735
11738
11788
11804
11834
11874
11905
11914
11941
11999
12046
12048
12075
12101
12128
12164
12202
12309
12373
12416
12423
12444
12482
12617
12691
12712
12714
12752
12813
12832
12857
12859
12943
12976
12977
13127
13149
13210
13212
13256
13336
13359
13385
13505
13545
13564
13615
13628
13725
13734
13787
13832
13837
13905
13981
14118
14119
14131
14139
