0
19
22
27
31
43
44
45
50
52
54
55
66
85
91
93
106
126
175
177
195
196
199
202
210
212
231
234
258
260
262
273
279
282
285
299
305
315
323
342
346
350
361
375
389
395
413
428
429
433
443
447
459
460
492
507
522
526
561
582
589
593
598
599
626
631
635
644
661
669
677
706
714
722
778
812
825
826
854
861
862
868
886
891
896
929
931
937
942
948
958
962
977
978
1006
1014
1022
1027
1028
1055
1080
1082
1091
1095
1117
1120
1126
1134
1149
1153
1175
1186
1190
1193
1214
1255
1256
1273
1279
1282
1297
1313
1323
1342
1353
1354
1365
1401
1414
1415
1423
1439
1471
1476
1484
1493
1530
1531
1534
1539
1550
1566
1605
1623
1628
1652
1655
1669
1670
1672
1682
1724
1725
1729
1734
1747
1779
1788
1794
1809
1838
1842
1848
1873
1877
1889
1896
1899
1913
1953
1980
2015
2025
2031
2037
2038
2072
2094
2105
2108
2121
2122
2140
2162
2181
2187
2205
2225
2241
2247
2255
2261
2265
2272
2275
2287
2298
2331
2337
2358
2365
2381
2386
2390
2397
2405
2431
2465
2473
2479
2492
2503
2534
2556
2569
2589
2601
2622
2643
2692
2700
2712
2721
2739
2745
2752
2771
2785
2810
2830
2843
2855
2878
2883
2911
2914
2916
2921
2924
2925
2937
2951
2960
3019
3030
3040
3058
