0
110
111
119
120
145
147
150
170
184
191
192
194
211
231
248
280
295
310
326
338
350
351
357
380
393
395
398
404
418
423
447
457
461
470
503
520
536
540
541
549
552
559
579
629
638
668
673
682
718
739
747
767
779
784
793
802
838
852
860
861
875
876
879
893
914
919
937
951
967
971
981
1013
1020
1029
1036
1059
1071
1075
1077
1080
1102
1103
1106
1123
1124
1129
1156
1170
1201
1211
1238
1243
1246
1269
1281
1282
1291
1297
1298
1300
1312
1315
1320
1321
1331
1340
1341
1347
1373
1396
1402
1417
1421
1441
1453
1455
1461
1477
1503
1507
1515
1516
1519
1539
1541
1543
1551
1555
1556
1559
1560
1575
1576
1579
1583
1584
1612
1616
1621
1632
1633
1646
1647
1654
1660
1680
1686
1701
1703
1719
1723
1724
1742
1744
1745
1772
1794
1803
1809
1810
1815
1816
1824
1829
1831
1833
1863
1874
1884
1896
1909
1913
1925
1926
1932
1976
2014
2030
2048
2059
2064
2072
2088
2105
2109
2111
2144
2155
2156
2157
2178
2189
2198
2210
2220
2271
2281
2306
2326
2344
2369
2373
2388
2410
2418
2419
2420
2439
2455
2460
2466
2474
2493
2500
2505
2518
2526
2535
2542
2569
2575
2604
2605
2665
2669
2670
2675
2679
2700
2711
2720
2721
2745
2746
2768
2770
2772
2784
2811
2816
2820
2835
2860
2879
2896
2897
2901
2905
2911
2933
2957
2966
2985
2989
3000
3039
3040
3055
3109
3156
3192
3200
3202
3203
3205
3228
3230
3231
3244
3249
3252
3265
3266
3282
3287
3297
3300
3320
3328
3329
3354
3358
3361
3379
3383
3395
3438
3456
3465
3468
3477
3521
3526
3546
3550
3553
3562
3563
3589
3603
3615
3621
3636
3651
3664
3675
3742
3749
3753
3787
3788
3836
3847
3852
3893
3894
3951
3954
3958
3965
3972
3992
4023
4033
4040
4055
4073
4085
4093
4115
4156
4184
4190
4204
4217
4248
4249
4258
4259
4260
4262
4269
4270
4283
4295
4312
4357
4365
4380
4383
4387
4407
4431
4462
4476
4479
4480
4482
4493
4496
4505
4508
4509
4527
4536
4547
4564
4568
4600
4614
4625
4631
4641
4642
4660
4662
4702
4717
4753
4832
4855
4869
4878
4887
4900
4921
4932
4935
4952
4958
4972
4984
5005
5009
5016
5027
5078
5079
5082
5090
5124
5147
5158
5164
5168
5169
5185
5188
5200
5209
5214
5233
5241
5245
5246
5247
5255
5269
5271
5278
5302
5306
5317
5334
5351
5363
5367
5387
5388
5391
5455
5459
5466
5481
5484
5497
5504
5507
5509
5528
5540
5542
5543
5577
5578
5583
5598
5630
5633
5641
5643
5649
5657
5693
5701
5716
5732
5736
5746
5752
5753
5763
5774
5813
5828
5832
5840
5856
5889
5913
5921
5940
5943
5973
5975
6025
6053
6086
6100
6106
6120
6132
6134
6136
6143
6148
6157
6235
6242
6247
6262
6320
6327
6379
6411
6415
6456
6462
6475
6476
6483
6536
6538
6545
6566
6623
6639
6666
6680
6686
6697
6702
6704
6741
6771
6784
6785
6848
6930
6956
6970
6977
7029
7054
7069
7070
7084
7101
7108
7129
7151
7169
7190
7203
7246
7263
7279
7346
7352
7367
7432
7443
7463
7482
7492
7499
7512
7526
7585
7612
7615
7623
7635
7645
7681
7683
7715
7724
7765
7767
7791
7808
7938
7958
7966
7978
7979
7982
7996
8026
8029
8075
8088
8090
8109
8110
8127
8132
8136
8164
8170
8175
8209
8222
8246
8248
8272
8299
8313
8319
8357
8379
8394
8395
8418
8422
8449
8457
8460
8471
8487
8491
8547
8549
8570
8574
8581
8601
8620
8636
8638
8652
8686
8688
8708
8725
8754
8756
8772
8774
8782
8811
8834
8853
8857
8867
8898
8917
8918
8945
8946
8983
9003
9047
9057
9080
9096
9100
9135
9150
9151
9194
9199
9205
9208
9211
9213
9252
9271
9275
9277
9288
9295
9308
9315
9318
9399
9431
9437
9454
9459
9476
9502
9510
9519
9534
9554
9584
9617
9649
9654
9702
9725
9744
9747
9763
9770
9838
9849
9867
9874
9888
9910
10005
10048
10125
10158
10209
10222
10266
10283
10285
10328
10337
10369
10393
10398
10421
10431
10450
10475
10499
10508
10535
10539
10602
10645
10656
10700
10728
10752
10798
10842
10852
10914
10921
10994
11000
11069
11071
11106
11138
11256
11268
11406
11412
11478
11515
11535
11536
11575
11602
11682
11705
11762
11813
11866
11868
11932
11961
11990
12047
12193
12281
12385
12427
12580
12657
12668
12740
12755
12841
12848
12857
12930
12993
13100
13257
13356
13377
13384
13399
13484
13635
