0
0
2
5
54
56
76
103
107
119
129
130
139
142
180
181
197
246
256
306
319
331
349
373
378
384
396
404
416
419
438
456
458
459
461
462
517
518
552
555
589
601
607
609
610
622
623
626
670
673
735
737
739
741
792
793
795
796
804
805
830
843
845
848
849
852
876
877
878
880
883
887
888
901
905
907
908
909
936
942
945
950
962
984
987
988
1053
1054
1057
1065
1066
1070
1073
1074
1076
1078
1081
1084
1085
1086
1089
1090
1093
1094
1095
1097
1099
1100
1102
1104
1105
1107
1108
1109
1111
1112
1113
1114
1115
1118
1122
1123
1144
1151
1180
1200
1221
1240
1256
1275
1291
1293
1294
1297
1314
1318
1347
1348
1351
1354
1355
1373
1383
1398
1399
1434
1452
1456
1510
1514
1515
1516
1517
1519
1520
1524
1525
1527
1530
1532
1535
1536
1538
1553
1556
1558
1575
1585
1586
1604
1610
1634
1651
1666
1684
1716
1729
1735
1744
1780
1781
1790
1798
1800
1801
1810
1827
1838
1858
1864
1885
1888
1890
1893
1894
1896
1897
1898
1917
1918
1922
1925
1943
1946
1947
1949
1952
1953
1954
1956
1958
1959
1960
1962
1965
1968
1969
1970
1971
1976
1977
1978
1979
1980
1981
1984
2007
2008
2009
2031
2039
2063
2079
2122
2131
2145
2185
2186
2247
2276
2280
2290
2318
2325
2338
2351
2375
2422
2433
2437
2440
2452
2459
2460
2462
2463
2465
2484
2486
2490
2492
2495
2499
2502
2505
2508
2516
2542
2566
2658
2667
2671
2674
2676
2703
2753
2776
2780
2793
2819
2820
2822
2825
2864
2880
2898
2936
2940
2941
2952
2953
2956
2972
2974
2985
2987
3022
3023
3039
3061
3100
3108
3122
3142
3155
3174
3190
3192
3206
3215
3220
3231
3245
3247
3248
3252
3258
3260
3261
3263
3265
3266
3267
3271
3295
3364
3382
3401
3432
3458
3467
3468
3500
3526
3541
3585
3611
3617
3621
3623
3624
3647
3687
3706
3784
3789
3833
3855
3857
3861
3926
3929
3933
3943
3944
3947
3948
3976
3995
3998
3999
4000
4008
4017
4023
4038
4080
4094
4118
4120
4136
4143
4146
4203
4226
4235
4236
4239
4288
4297
4302
4308
4345
4376
4410
4413
4416
4417
4420
4423
4424
4425
4427
4428
4451
4476
4508
4524
4528
4537
4540
4562
4564
4566
4567
4570
4574
4623
4626
4634
4636
4639
4641
4643
4646
4649
4654
4655
4657
4659
4662
4667
4669
4674
4682
4695
4696
4704
4729
4758
4761
4762
4774
4787
4789
4791
4793
4795
4798
4799
4802
4807
4808
4811
4818
4833
4872
4887
4968
4985
5009
5026
5032
5033
5044
5047
5053
5054
5064
5100
5114
5119
5132
5209
5223
5246
5253
5269
5304
5310
5311
5312
5323
5327
5339
5353
5437
5473
5481
5511
5571
5637
5638
5683
5724
5741
5763
5789
5818
5821
5822
5831
5854
5948
5949
5952
5954
5976
6025
6042
6063
6083
6093
6103
6131
6137
6237
6268
6347
6377
6381
6421
6422
6426
6463
6501
6506
6511
6553
6610
6694
6713
6753
6819
6833
6849
6854
6878
6888
6894
6949
6979
6980
6982
6984
6985
7001
7003
7014
7071
7072
7074
7158
7219
7221
7225
7245
7248
7260
7283
7373
7433
7436
7513
7536
7537
7545
7546
7548
7550
7552
7553
7583
7626
7664
7712
7720
7754
7798
7823
7831
7836
7862
7875
7881
7892
7970
7999
8025
8039
8155
8179
8226
8240
8247
8267
8283
8326
8433
8485
8586
8596
8700
8764
8810
8815
8845
8879
8926
9043
9059
9101
9130
9142
9143
9145
9182
9185
9187
9188
9189
9230
9232
9240
9276
9303
9340
9404
9462
9469
9470
9472
9479
9530
9624
9791
9799
9837
9893
9930
9981
9991
10013
10025
10066
10241
10303
10304
10307
10309
10464
10568
10617
10645
10685
10688
10691
10692
10702
10706
