0 47
0 49
0 8
1 47
2 47
1 49
0 9
2 49
3 47
1 8
2 8
3 8
4 8
0 14
0 31
2 6
4 47
0 32
3 49
2 40
1 9
0 45
3 6
2 9
4 49
2 23
0 44
1 31
1 14
0 40
3 9
4 9
0 7
2 14
1 45
2 45
3 40
1 40
2 31
3 14
0 39
2 27
0 21
3 45
0 6
1 21
0 27
1 32
0 3
1 44
0 2
1 7
1 39
0 29
2 3
2 44
1 3
0 43
1 6
2 32
3 32
0 34
1 29
3 3
1 43
2 29
1 27
4 3
2 42
2 39
3 44
0 24
2 21
2 43
0 42
3 27
0 22
4 45
0 23
2 7
1 2
3 29
1 34
1 24
2 48
3 21
3 39
1 42
0 5
2 2
4 14
4 6
2 34
0 16
0 13
4 40
1 13
1 5
2 15
0 38
2 13
1 22
1 23
0 19
4 44
3 13
2 5
2 24
4 13
0 0
4 27
1 38
4 39
2 0
2 22
0 15
4 32
3 24
3 42
3 7
3 23
3 0
0 48
2 38
1 19
0 1
4 21
1 16
4 42
2 16
4 29
1 0
0 25
4 7
1 15
3 31
4 0
0 41
1 25
0 35
3 38
3 34
4 23
3 43
0 17
1 1
0 33
1 48
3 15
4 24
2 25
3 22
2 20
0 20
2 1
3 25
1 41
1 33
4 31
0 37
3 20
3 5
2 17
3 2
0 28
1 17
1 20
4 20
4 15
0 36
4 25
0 4
2 33
2 10
1 4
2 4
1 37
4 5
0 26
0 18
2 37
0 46
0 11
1 36
2 36
3 37
3 16
1 18
0 12
3 1
3 36
0 10
1 26
4 43
2 26
1 35
1 46
1 11
3 33
1 10
1 12
0 30
3 4
2 12
3 12
2 35
3 35
3 17
4 12
1 28
2 19
1 30
2 18
4 4
3 19
3 10
4 22
2 11
4 16
4 38
2 28
2 41
4 2
3 48
4 33
4 36
2 30
3 30
4 34
4 17
4 19
4 35
3 28
2 46
3 18
4 48
4 28
3 11
3 26
4 26
4 11
3 41
4 1
4 37
3 46
4 30
4 10
4 18
4 41
4 46

Score: 134.82000000000352