0
0
1
5
6
8
9
11
14
15
16
23
26
29
31
33
35
38
41
42
44
48
50
51
54
57
58
62
65
67
70
72
74
82
84
85
87
90
92
96
100
102
108
109
110
115
116
117
119
121
124
130
131
133
134
135
136
138
139
141
142
144
147
150
151
152
157
159
161
163
164
165
167
169
170
171
172
173
176
179
181
183
186
187
191
192
193
195
196
198
200
201
202
204
205
206
209
210
212
215
217
220
223
225
226
229
230
237
238
239
240
242
243
245
247
250
251
253
257
259
261
262
263
264
267
270
273
279
282
284
286
289
292
297
300
302
304
305
306
309
310
313
314
315
316
320
325
328
330
331
332
334
335
336
337
339
340
344
347
348
349
352
353
356
358
359
362
366
367
370
372
373
377
383
385
388
389
392
393
395
397
399
400
401
405
408
409
411
417
418
425
428
430
433
435
436
437
440
445
447
454
455
456
461
470
472
474
476
478
479
482
485
486
487
489
490
493
495
496
498
501
502
503
505
507
510
514
515
519
521
523
526
528
529
534
537
539
540
541
545
547
549
553
555
556
559
563
564
566
568
570
571
573
575
576
582
585
586
588
590
596
598
599
601
602
604
605
606
607
610
612
615
616
617
620
622
626
628
632
635
637
638
642
644
646
648
651
653
657
658
660
662
666
669
672
673
674
675
677
679
682
688
690
692
698
702
703
707
708
711
718
720
725
727
729
731
735
737
738
740
744
749
751
752
753
756
759
763
764
766
767
768
769
770
772
773
774
777
778
780
781
782
783
785
789
791
792
794
795
797
799
801
802
804
805
806
808
809
811
815
816
819
822
823
826
827
830
831
833
835
837
841
844
845
846
852
855
858
859
860
861
862
865
867
869
871
873
874
878
879
881
883
885
888
889
891
893
894
898
901
903
906
907
908
911
917
923
925
927
930
932
935
937
938
939
940
941
944
946
948
949
952
954
957
961
966
967
970
973
982
983
985
986
987
988
991
993
997
998
999
1000
1001
1002
1003
1006
1009
1011
1012
1015
1020
1023
1027
1029
1035
1041
1042
1046
1049
1051
1057
1059
1063
1064
1065
1067
1071
1073
1076
1081
1082
1084
1085
1086
1088
1089
1090
1091
1092
1093
1097
1104
1105
1106
1109
1110
1113
1114
1115
1116
1121
1124
1125
1130
1132
1137
1138
1139
1141
1144
1145
1147
1151
1152
1155
1157
1160
1165
1166
1173
1182
1187
1188
1192
1194
1197
1199
1203
1208
1216
1219
1221
1223
1225
1227
1230
1233
1234
1235
1239
1240
1241
1243
1245
1247
1248
1250
1252
1254
1257
1260
1263
1264
1265
1267
1269
1272
1275
1277
1282
1283
1284
1287
1288
1289
1299
1301
1319
1323
1357
1360
1361
1363
1365
1367
1369
1371
1373
1378
1380
1393
1396
1398
1399
1400
1405
1406
1414
1424
1428
1432
1434
1442
1444
1445
1446
1448
1449
1452
1453
1463
1472
1473
1483
1484
1489
1490
1491
1494
1497
1500
1506
1514
1517
1519
1524
1528
1532
1535
1536
1546
1557
1558
1560
1564
1568
1573
1576
1599
1608
1611
1621
1628
1629
1630
1643
1649
1650
1651
1664
1666
1689
1692
1697
1702
1704
1706
1709
1715
1718
1722
1723
1725
1728
1729
1731
1738
1753
1757
1758
1760
1761
1771
1772
1773
1776
1778
1781
1784
1792
1795
1796
1798
1799
1810
1812
1814
1816
1818
1826
1827
1828
1834
1835
1837
1838
1839
1841
1844
1847
1848
1850
1854
1855
1857
1858
1861
1862
1866
1867
1868
1872
1876
1877
1879
1882
1883
1887
1891
1893
1898
1902
1903
1905
1908
1912
1913
1919
1922
1923
1925
1927
1929
1930
1931
1932
1934
1935
1936
1938
1944
1945
1946
1947
1950
1952
1954
1956
1957
1960
1962
1963
1965
1967
1968
1969
1970
1973
1978
1979
1980
1983
1986
1988
1990
1993
1995
1998
1999
2000
2006
2009
2010
2011
2016
2017
2023
2025
2026
2027
2028
2029
2033
2034
2035
2036
2037
2041
2042
2043
2044
2048
2049
2051
2052
2054
2056
2058
2060
2061
2062
2064
2065
2068
2069
2071
2074
2076
2077
2084
2088
2089
2090
2093
2094
2096
2098
2099
2100
2105
2106
2108
2109
2113
2114
2115
2116
2117
2120
2122
2123
2125
2126
2130
2133
2134
2135
2139
2140
2141
2142
2147
2151
2154
2155
2158
2159
2166
2169
2170
2171
2173
2174
2175
2176
2177
2178
2181
2183
2184
2185
2187
2188
2190
2192
2194
2195
2196
2197
2198
2199
2204
2209
2210
2214
2216
2218
2220
2221
2223
2225
2226
2227
2230
2231
2232
2234
2235
2236
2238
2241
2243
2244
2245
2247
2248
2249
2251
2254
2259
2260
2262
2264
2267
2270
2272
2273
2274
2278
2280
2284
2289
2292
2294
2297
2301
2304
2306
2307
2309
2312
2313
2314
2317
2319
2321
2322
2324
2325
2327
2332
2335
2338
2339
2340
2342
2343
2344
2354
2358
2360
2364
2374
2377
2380
2384
2391
2392
2394
2400
2408
2410
2411
2413
2414
2417
2423
2428
2429
2431
2435
2436
2438
2439
2442
2443
2444
2445
2449
2450
2451
2452
2453
2454
2456
2457
2458
2464
2466
2468
2469
2470
2471
2472
2473
2476
2477
2479
2484
2486
2488
2494
2496
2499
2501
2506
2510
2513
2514
2517
2522
2523
2525
2526
2527
2528
2535
2538
2539
2540
2543
2545
2548
2549
2550
2553
2557
2560
2565
2568
2569
2573
2574
2576
2579
2585
2588
2594
2601
2604
2605
2608
2611
2613
2615
2620
2622
2623
2626
2627
2628
2632
2633
2634
2638
2640
2641
2646
2649
2650
2655
2656
2657
2659
2661
2662
2666
2667
2668
2670
2671
2672
2675
2678
2679
2680
2683
2684
2687
2691
2695
2696
2700
2703
2704
2708
2717
2719
2720
2722
2727
2728
2733
2740
2743
2747
2748
2750
2752
2754
2755
2756
2757
2760
2761
2762
2764
2766
2771
2776
2780
2781
2785
2786
2787
2790
2791
2794
2795
2798
2800
2802
2804
2807
2808
2811
2815
2817
2821
2822
2823
2825
2827
2828
2833
2836
2837
2840
2841
2843
2844
2846
2849
2850
2852
2853
2854
2858
2861
2863
2864
2865
2866
2871
2873
2875
2876
2877
2878
2879
2880
2883
2886
2888
2889
2890
2891
2893
2896
2898
2900
2903
2904
2907
2909
2911
2914
2915
2918
2921
2922
2925
2930
2932
2935
2936
2937
2938
2940
2944
2945
2946
2949
2950
2951
2956
2959
2961
2963
2964
2965
2967
2968
2969
2970
2974
2975
2979
2980
2984
2986
2988
2991
2992
2994
2997
2999
3000
3002
3005
3008
3010
3011
3014
3015
3017
3018
3019
3024
3026
3032
3033
3035
3036
3038
3039
3041
3043
3045
3047
3050
3051
3053
3054
3055
3056
3058
3059
3060
3063
3072
3080
3084
3091
3098
3102
3107
3110
3117
3122
3129
3132
3134
3135
3142
3143
3147
3150
3154
3155
3156
3159
3165
3168
3171
3174
3180
3181
3185
3188
3189
3190
3192
3193
3202
3203
3205
3206
3207
3208
3209
3211
3213
3215
3217
3219
3220
3221
3225
3228
3229
3232
3233
3235
3236
3238
3239
3243
3244
3246
3249
3251
3253
3258
3264
3265
3266
3268
3269
3270
3271
3272
3278
3279
3281
3282
3284
3286
3287
3290
3293
3296
3298
3299
3302
3303
3308
3311
3313
3314
3317
3319
3321
3322
3323
3325
3328
3331
3333
3338
3339
3345
3349
3352
3357
3358
3359
3360
3368
3369
3375
3381
3383
3385
3389
3390
3392
3396
3398
3399
3400
3401
3408
3411
3414
3417
3418
3429
3431
3437
3443
3444
3445
3450
3458
3460
3463
3464
3466
3468
3472
3477
3479
3480
3483
3484
3485
3486
3487
3491
3495
3499
3502
3504
3505
3506
3508
3509
3511
3515
3516
3518
3519
3520
3522
3523
3524
3526
3527
3532
3534
3537
3542
3543
3544
3549
3552
3555
3556
3557
3558
3561
3563
3565
3566
3571
3573
3574
3577
3580
3581
3582
3583
3585
3587
3588
3589
3590
3592
3596
3598
3605
3609
3610
3612
3614
3617
3623
3625
3633
3635
3639
3640
3643
3644
3645
3648
3649
3650
3653
3654
3656
3658
3659
3661
3664
3668
3669
3672
3675
3676
3682
3688
3691
3695
3696
3700
3704
3705
3707
3715
3728
3771
3777
3781
3783
3786
3801
3807
3816
3818
3821
3830
3835
3841
3843
3844
3848
3849
3851
3852
3853
3855
3859
3861
3863
3865
3873
3878
3884
3886
3888
3890
3892
3895
3907
3917
3920
3926
3929
3930
3937
3941
3944
3946
3948
3955
3956
3958
3959
3966
3967
3970
3973
3975
3976
3977
3979
3984
3988
3991
3994
3996
4000
4002
4008
4017
4022
4073
4075
4077
4080
4083
4086
4088
4089
4091
4092
4094
4096
4098
4099
4100
4104
4105
4108
4110
4111
4115
4117
4122
4123
4124
4128
4130
4132
4134
4135
4140
4142
4143
4145
4149
4150
4152
4154
4156
4157
4163
4165
4168
4177
4184
4185
4186
4191
4197
4198
4208
4214
4218
4222
4223
4224
4230
4238
4241
4244
4246
4247
4250
4253
4256
4260
4262
4264
4266
4269
4272
4274
4275
4276
4277
4278
4279
4281
4284
4285
4287
4290
4294
4296
4297
4299
4305
4306
4308
4311
4313
4316
4317
4320
4323
4325
4327
4328
4329
4332
4333
4335
4339
4340
4345
4348
4349
4354
4355
4357
4359
4362
4363
4366
4367
4368
4369
4373
4377
4380
4382
4384
4386
4387
4392
4393
4394
4400
4401
4407
4411
4418
4420
4424
4427
4430
4432
4434
4438
4443
4449
4452
4462
4465
4469
4472
4476
4478
4480
4483
4484
4485
4486
4491
4492
4493
4495
4496
4499
4501
4502
4504
4505
4506
4511
4513
4514
4515
4521
4522
4524
4529
4531
4534
4535
4542
4545
4546
4550
4551
4552
4556
4558
4562
4567
4569
4571
4573
4576
4577
4580
4581
4584
4586
4591
4592
4599
4605
4613
4614
4618
4619
4622
4624
4628
4632
4633
4634
4635
4638
4639
4641
4642
4643
4648
4649
4650
4674
4676
4685
4687
4688
4690
4692
4695
4699
4701
4702
4705
4706
4707
4710
4711
4716
4718
4723
4724
4728
4742
4745
4747
4751
4752
4753
4756
4757
4760
4763
4764
4765
4770
4771
4775
4776
4777
4778
4780
4783
4786
4787
4789
4790
4794
4796
4798
4808
4809
4814
4815
4816
4818
4819
4820
4821
4823
4825
4826
4828
4832
4833
4835
4836
4837
4839
4840
4842
4843
4847
4849
4854
4860
4861
4862
4868
4869
4872
4877
4878
4880
4885
4887
4891
4893
4896
4904
4907
4920
4922
4924
4926
4934
4935
4938
4947
4950
4956
4957
4958
4959
4963
4965
4966
4967
4968
4969
4970
4972
4974
4975
4977
4978
4982
4984
4986
4988
4990
4991
4992
4995
4997
4998
5000
5002
5007
5008
5010
5012
5014
5015
5016
5017
5020
5021
5025
5026
5029
5032
5036
5038
5039
5040
5046
5049
5050
5051
5057
5058
5061
5062
5067
5068
5071
5072
5073
5074
5078
5105
5107
5108
5118
5120
5123
5154
5159
5172
5189
5197
5206
5261
5280
5295
5303
5305
5306
5310
5314
5316
5331
5337
5342
5343
5346
5351
5357
5359
5360
5362
5363
5366
5367
5370
5374
5375
5379
5381
5383
5384
5391
5394
5403
5406
5410
5414
5418
5420
5422
5424
5426
5428
5429
5431
5432
5433
5434
5435
5437
5439
5440
5442
5445
5446
5447
5448
5450
5451
5452
5454
5456
5459
5461
5463
5465
5466
5468
5470
5477
5478
5480
5483
5485
5488
5489
5493
5495
5496
5497
5499
5500
5501
5508
5509
5510
5513
5518
5519
5521
5522
5526
5527
5528
5529
5535
5536
5537
5538
5542
5544
5549
5550
5551
5554
5557
5558
5560
5561
5563
5565
5566
5570
5575
5577
5578
5579
5582
5595
5606
5611
5633
5635
5649
5668
5672
5681
5683
5684
5689
5691
5695
5698
5700
5704
5708
5709
5718
5719
5720
5722
5723
5724
5725
5726
5730
5738
5739
5742
5765
5787
5791
5797
5805
5819
5831
5833
5839
5842
5843
5845
5846
5847
5848
5850
5853
5854
5855
5856
5857
5861
5864
5867
5871
5873
5875
5877
5887
5892
5894
5897
5899
5902
5905
5906
5909
5911
5912
5916
5917
5918
5920
5924
5926
5928
5930
5937
5944
5946
5947
5954
5956
5961
5962
5964
5966
5967
5991
5993
6005
6009
6011
6013
6031
6034
6036
6037
6038
6040
6041
6043
6053
6060
6063
6068
6070
6077
6085
6086
6090
6092
6096
6099
6100
6102
6103
6105
6107
6108
6117
6119
6134
6136
6139
6142
6143
6146
6156
6163
6164
6171
6174
6186
6189
6190
6191
6193
6197
6201
6202
6203
6205
6207
6208
6213
6217
6218
6219
6222
6223
6227
6229
6243
6247
6249
6254
6255
6256
6259
6260
6262
6263
6265
6266
6269
6270
6273
6275
6278
6279
6281
6285
6289
6290
6293
6294
6299
6300
6301
6304
6305
6306
6308
6310
6312
6315
6319
6321
6326
6330
6332
6333
6340
6343
6360
6370
6373
6380
6381
6382
6383
6385
6386
6387
6390
6392
6394
6397
6398
6401
6402
6425
6451
6453
6455
6458
6460
6464
6468
6470
6471
6474
6476
6479
6481
6483
6484
6485
6502
6504
6505
6507
6513
6514
6517
6519
6521
6523
6525
6528
6529
6530
6531
6533
6535
6537
6538
6540
6542
6543
6544
6546
6547
6549
6550
6555
6556
6557
6561
6567
6571
6575
6576
6577
6579
6581
6582
6583
6584
6585
6593
6594
6595
6598
6600
6601
6604
6605
6609
6611
6612
6613
6614
6620
6621
6626
6627
6630
6634
6639
6640
6644
6647
6648
6649
6652
6653
6654
6655
6657
6658
6659
6662
6664
6667
6670
6678
6681
6682
6683
6687
6690
6693
6694
6696
6700
6701
6704
6710
6711
6714
6716
6718
6722
6724
6725
6726
6729
6733
6735
6738
6742
6747
6750
6751
6753
6755
6758
6761
6765
6766
6767
6768
6770
6774
6777
6780
6783
6784
6786
6788
6791
6793
6794
6797
6802
6803
6804
6805
6806
6809
6810
6813
6816
6817
6819
6822
6823
6825
6827
6829
6831
6834
6837
6838
6841
6844
6850
6852
6854
6855
6857
6858
6859
6861
6863
6864
6867
6868
6869
6871
6872
6874
6878
6880
6886
6889
6891
6893
6895
6901
6905
6907
6909
6912
6914
6916
6918
6924
6925
6926
6928
6930
6931
6932
6934
6935
6940
6943
6944
6949
6950
6952
6955
6959
6960
6964
6966
6967
6968
6969
6971
6972
6975
6977
6978
6980
6983
6985
6986
6987
6989
6999
7026
7032
7033
7038
7041
7044
7046
7050
7055
7064
7066
7068
7070
7071
7074
7076
7083
7090
7092
7112
7114
7121
7129
7135
7136
7141
7142
7144
7145
7147
7148
7150
7154
7156
7157
7160
7161
7163
7164
7166
7170
7173
7174
7176
7177
7181
7185
7187
7194
7196
7197
7200
7203
7205
7207
7208
7213
7217
7219
7222
7223
7224
7226
7227
7231
7236
7237
7238
7239
7240
7241
7244
7245
7247
7252
7254
7255
7256
7258
7259
7260
7261
7263
7268
7270
7272
7278
7279
7281
7282
7283
7284
7287
7288
7289
7292
7293
7294
7296
7297
7299
7301
7307
7311
7312
7316
7317
7319
7320
7325
7329
7330
7332
7334
7336
7337
7344
7351
7357
7374
7384
7386
7390
7391
7392
7393
7400
7403
7406
7408
7410
7412
7413
7414
7437
7451
7457
7466
7467
7469
7472
7476
7484
7489
7492
7497
7501
7504
7515
7524
7526
7531
7532
7533
7536
7538
7541
7546
7548
7551
7552
7554
7555
7561
7562
7563
7565
7566
7569
7572
7574
7576
7577
7579
7581
7582
7583
7584
7587
7588
7589
7594
7596
7598
7599
7603
7605
7609
7613
7617
7618
7619
7623
7626
7628
7631
7632
7634
7640
7641
7642
7647
7654
7658
7659
7661
7665
7668
7670
7675
7676
7678
7680
7681
7684
7688
7691
7693
7695
7699
7701
7702
7706
7709
7712
7713
7718
7721
7725
7728
7730
7731
7732
7736
7737
7740
7745
7747
7749
7750
7751
7753
7757
7760
7762
7764
7766
7784
7786
7790
7801
7829
7836
7854
7855
7857
7861
7864
7865
7869
7870
7872
7874
7877
7879
7884
7887
7889
7890
7891
7894
7895
7897
7898
7902
7905
7906
7909
7911
7914
7915
7917
7919
7921
7925
7926
7928
7929
7931
7936
7944
7945
7947
7950
7951
7953
7955
7956
7958
7960
7965
7970
7972
7977
7979
7981
7985
7988
7992
7994
7999
8001
8002
8005
8008
8014
8016
8023
8032
8033
8036
8045
8046
8048
8049
8052
8056
8058
8059
8061
8065
8067
8070
8072
8073
8076
8078
8081
8083
8084
8088
8090
8092
8094
8095
8097
8098
8100
8101
8102
8105
8110
8113
8114
8116
8118
8121
8122
8123
8125
8127
8129
8130
8131
8132
8134
8137
8140
8142
8146
8147
8149
8152
8155
8156
8159
8161
8162
8164
8168
8173
8174
8176
8177
8178
8179
8180
8182
8183
8185
8187
8192
8193
8196
8197
8198
8204
8205
8206
8208
8211
8216
8217
8222
8225
8231
8235
8236
8241
8243
8246
8248
8253
8254
8255
8256
8261
8265
8269
8270
8273
8276
8277
8281
8284
8288
8290
8312
8313
8316
8334
8335
8349
8352
8366
8375
8377
8378
8383
8404
8405
8407
8423
8446
8447
8449
8454
8459
8460
8461
8463
8466
8469
8474
8475
8479
8480
8482
8484
8486
8488
8491
8494
8495
8497
8502
8507
8508
8509
8514
8515
8517
8530
8536
8540
8541
8542
8543
8545
8546
8547
8550
8553
8555
8556
8558
8562
8565
8567
8569
8571
8574
8576
8578
8579
8581
8586
8592
8595
8596
8598
8599
8602
8604
8605
8606
8607
8609
8612
8614
8617
8622
8623
8626
8629
8630
8636
8637
8638
8639
8642
8644
8647
8650
8654
8655
8656
8659
8662
8665
8668
8673
8674
8675
8677
8682
8685
8687
8689
8692
8698
8700
8702
8705
8710
8712
8714
8716
8718
8723
8725
8727
8731
8734
8735
8736
8738
8739
8741
8742
8744
8747
8752
8754
8755
8757
8759
8760
8761
8762
8766
8767
8768
8772
8773
8776
8780
8781
8784
8785
8787
8788
8790
8793
8794
8795
8796
8797
8798
8803
8812
8814
8815
8817
8819
8821
8823
8826
8829
8832
8833
8836
8840
8844
8845
8847
8849
8850
8854
8855
8857
8860
8862
8865
8866
8876
8877
8879
8880
8885
8889
8894
8897
8898
8903
8912
8913
8918
8920
8927
8936
8937
8940
8944
8946
8949
8951
8958
8962
8963
8969
8971
8973
8979
8985
8990
8996
9000
9008
9011
9012
9044
9045
9046
9048
9050
9051
9052
9058
9066
9067
9068
9077
9086
9090
9091
9093
9095
9096
9098
9102
9106
9107
9108
9115
9117
9119
9123
9135
9138
9139
9141
9143
9145
9150
9161
9165
9166
9169
9172
9173
9176
9179
9181
9184
9185
9187
9190
9193
9194
9197
9200
9201
9203
9206
9208
9215
9219
9224
9226
9228
9231
9236
9237
9241
9242
9248
9249
9251
9253
9255
9262
9264
9267
9269
9273
9275
9278
9280
9282
9285
9286
9289
9292
9294
9297
9298
9305
9306
9313
9322
9323
9328
9335
9338
9340
9343
9349
9350
9356
9362
9366
9369
9372
9374
9375
9376
9377
9380
9382
9384
9386
9388
9391
9392
9395
9400
9402
9403
9404
9406
9411
9414
9415
9419
9424
9430
9433
9434
9435
9437
9440
9442
9444
9445
9448
9453
9455
9457
9458
9459
9466
9468
9470
9471
9473
9475
9479
9481
9483
9484
9487
9488
9490
9492
9494
9495
9497
9499
9501
9505
9507
9510
9511
9512
9517
9520
9522
9523
9526
9527
9534
9542
9543
9545
9548
9551
9555
9556
9562
9567
9568
9569
9570
9571
9572
9573
9574
9578
9581
9593
9600
9602
9607
9612
9613
9614
9618
9624
9630
9634
9635
9638
9640
9642
9645
9648
9649
9653
9654
9667
9669
9672
9673
9674
9677
9679
9680
9684
9685
9686
9687
9691
9694
9695
9697
9698
9700
9702
9703
9707
9709
9712
9714
9735
9750
9818
9840
9846
9847
9849
9852
9863
9866
9869
9875
9877
9882
9883
9886
9888
9897
9899
9902
9907
9909
9912
9913
9915
9918
9923
9925
9927
9931
9932
9934
9935
9937
9938
9939
9943
9946
9947
9950
9952
9954
9955
9956
9958
9959
9963
9964
9965
9968
9969
9970
9974
9977
9978
9980
9983
9985
9986
9987
9989
9990
9992
9993
9996
9997
10000
10002
10003
10004
10009
10010
10015
10023
10024
10025
10026
10028
10032
10033
10038
10040
10043
10045
10048
10050
10052
10054
10057
10058
10061
10065
10067
10071
10072
10077
10083
10088
10089
10091
10092
10094
10095
10096
10098
10102
10105
10109
10113
10116
10122
10126
10128
10130
10139
10140
10147
10150
10151
10152
10153
10154
10156
10157
10159
10166
10172
10173
10177
10181
10182
10185
10187
10188
10189
10190
10191
10193
10195
10196
10198
10201
10202
10205
10208
10211
10212
10214
10215
10216
10217
10219
10221
10222
10225
10228
10230
10233
10234
10235
10238
10242
10247
10250
10255
10257
10260
10261
10264
10266
10268
10269
10270
10272
10274
10275
10276
10278
10279
10282
10284
10285
10287
10289
10294
10295
10296
10301
10304
10306
10309
10312
10315
10316
10317
10320
10322
10328
10329
10331
10333
10334
10338
10340
10342
10343
10347
10349
10351
10353
10354
10356
10359
10364
10365
10367
10368
10372
10374
10379
10380
10382
10383
10387
10391
10392
10394
10396
10397
10399
10405
10406
10407
10410
10411
10413
10415
10416
10418
10419
10422
10426
10427
10432
10433
10435
10436
10441
10442
10444
10449
10452
10455
10456
10457
10460
10461
10463
10466
10468
10469
10471
10473
10474
10476
10478
10479
10483
10485
10492
10494
10497
10500
10502
10504
10507
10509
10511
10515
10520
10521
10523
10524
10525
10527
10528
10529
10530
10535
10536
10540
10542
10544
10550
10553
10554
10558
10563
10564
10568
10574
10576
10577
10581
10590
10593
10594
10596
10600
10601
10603
10605
10606
10607
10609
10610
10612
10615
10617
10619
10620
10623
10625
10628
10631
10632
10634
10635
10636
10640
10641
10643
10646
10648
10650
10651
10652
10653
10654
10655
10658
10659
10660
10664
10666
10668
10670
10672
10675
10678
10680
10681
10684
10687
10694
10696
10697
10698
10700
10702
10704
10705
10707
10709
10711
10712
10715
10716
10717
10720
10724
10731
10734
10739
10744
10745
10748
10752
10755
10757
10759
10761
10764
10765
10767
10769
10770
10771
10773
10780
10782
10783
10786
10787
10790
10793
10794
10796
10797
10799
10802
10803
10807
10815
10816
10820
10822
10831
10833
10835
10839
10841
10842
10854
10883
10886
10887
10891
10893
10896
10933
10944
11007
11017
11019
11022
11024
11025
11026
11027
11028
11029
11030
11033
11039
11047
11050
11058
11059
11061
11083
11134
11135
11153
11154
11159
11162
11164
11206
11231
11233
11234
11236
11237
11242
11243
11252
11253
11258
11261
11262
11266
11267
11269
11270
11275
11282
11283
11288
11289
11291
11292
11316
11343
11355
11357
11359
11364
11366
11367
11368
11370
11374
11375
11376
11379
11381
11383
11385
11386
11431
11441
11448
11449
11452
11455
11462
11463
11466
11468
11470
11473
11479
11480
11483
11486
11487
11490
11493
11495
11504
11505
11506
11508
11513
11515
11517
11523
11524
11529
11531
11532
11533
11540
11542
11548
11549
11551
11557
11558
11562
11566
11568
11584
11587
11591
11598
11601
11612
11625
11626
11631
11634
11636
11639
11640
11642
11644
11648
11651
11653
11656
11657
11660
11663
11664
11665
11667
11685
11690
11719
11762
11763
11769
11780
11785
11786
11789
11791
11792
11794
11795
11796
11802
11811
11812
11826
11827
11846
11912
11914
11929
11936
11937
11943
11946
11948
11949
11950
11959
11960
11965
11972
11975
11976
11980
11987
11991
11992
11999
12004
12010
12012
12013
12015
12016
12019
12021
12049
12059
12061
12063
12067
12071
12072
12075
12084
12088
12093
12095
12101
12103
12105
12106
12112
12120
12125
12130
12133
12134
12139
12143
12146
12151
12153
12158
12159
12160
12184
12192
12193
12217
12220
12221
12227
12228
12230
12233
12236
12239
12240
12242
12248
12250
12252
12255
12261
12265
12269
12270
12278
12280
12283
12291
12299
12302
12306
12308
12309
12310
12312
12315
12318
12319
12320
12321
12323
12326
12329
12337
12340
12344
12345
12349
12350
12353
12354
12355
12358
12361
12362
12363
12366
12367
12369
12372
12376
12378
12381
12383
12384
12385
12387
12389
12390
12392
12393
12394
12401
12403
12405
12409
12410
12413
12416
12418
12425
12426
12429
12430
12431
12434
12438
12439
12441
12442
12444
12446
12448
12451
12454
12455
12460
12461
12464
12465
12467
12469
12473
12475
12480
12482
12486
12493
12495
12499
12503
12505
12508
12509
12512
12517
12518
12520
12524
12528
12536
12539
12541
12543
12552
12556
12558
12560
12566
12569
12577
12589
12594
12596
12598
12600
12603
12604
12609
12616
12617
12618
12620
12623
12625
12627
12628
12631
12632
12633
12635
12637
12640
12642
12645
12646
12649
12650
12655
12657
12660
12661
12662
12666
12669
12671
12678
12680
12681
12682
12684
12685
12687
12688
12692
12693
12694
12695
12697
12698
12700
12701
12703
12705
12709
12714
12716
12717
12718
12720
12721
12723
12724
12726
12728
12729
12732
12734
12735
12740
12741
12744
12745
12747
12761
12764
12765
12767
12769
12771
12772
12775
12777
12778
12781
12783
12786
12790
12792
12794
12797
12800
12802
12804
12806
12808
12809
12811
12812
12816
12817
12819
12820
12826
12829
12830
12834
12835
12838
12839
12841
12847
12848
12849
12851
12853
12855
12858
12862
12868
12870
12871
12873
12876
12877
12879
12880
12885
12887
12891
12895
12899
12903
12904
12905
12907
12912
12917
12921
12925
12930
12933
12935
12940
12946
12953
12955
12958
12961
12973
12974
12984
12991
12992
12997
13002
13005
13007
13009
13011
13014
13017
13019
13022
13023
13024
13026
13030
13032
13036
13040
13043
13044
13046
13050
13052
13053
13055
13062
13064
13066
13067
13069
13071
13076
13080
13082
13083
13086
13088
13089
13090
13095
13099
13103
13104
13106
13109
13110
13111
13113
13115
13119
13122
13123
13127
13132
13137
13142
13143
13144
13145
13146
13156
13171
13175
13179
13181
13185
13187
13190
13193
13195
13196
13206
13212
13213
13214
13215
13217
13218
13221
13223
13224
13231
13234
13236
13237
13242
13245
13247
13249
13250
13251
13257
13259
13260
13261
13262
13263
13268
13273
13275
13278
13279
13280
13282
13283
13284
13285
13288
13289
13290
13292
13295
13297
13298
13299
13303
13304
13310
13312
13315
13317
13321
13325
13328
13329
13331
13332
13334
13335
13337
13338
13369
13371
13373
13374
13376
13379
13380
13384
13385
13387
13389
13401
13406
13413
13415
13436
13438
13443
13447
13448
13450
13454
13455
13459
13460
13463
13465
13467
13469
13470
13471
13472
13475
13480
13484
13487
13489
13490
13491
13492
13493
13495
13526
13529
13532
13537
13538
13539
13541
13545
13547
13549
13550
13552
13553
13554
13556
13561
13562
13563
13565
13569
13570
13571
13572
13574
13575
13576
13577
13579
13580
13583
13586
13587
13590
13592
13593
13594
13596
13597
13599
13601
13605
13608
13613
13615
13619
13621
13623
13625
13626
13630
13634
13636
13639
13642
13643
13645
13646
13648
13651
13654
13657
13659
13662
13664
13665
13668
13670
13673
13677
13680
13681
13685
13687
13691
13697
13698
13702
13704
13707
13714
13715
13716
13718
13721
13723
13726
13728
13731
13733
13735
13738
13741
13742
13746
13747
13751
13753
13754
13758
13760
13762
13763
13764
13765
13767
13769
13770
13772
13773
13774
13778
13779
13785
13788
13789
13794
13803
13807
13814
13820
13821
13822
13828
13830
13831
13834
13840
13843
13844
13846
13849
13853
13854
13861
13866
13867
13868
13870
13873
13881
13890
13904
13906
13908
13910
13911
13915
13918
13921
13928
13938
13939
13940
13947
13949
13950
13955
13961
13970
13973
13975
13978
13980
13987
13992
13995
13998
14001
14002
14010
14014
14021
14027
14032
14033
14035
14044
14047
14050
14052
14055
14062
14065
14066
14069
14071
14074
14075
14077
14080
14082
14083
14084
14086
14090
14092
14094
14096
14099
14101
14102
14122
14130
14136
14141
14143
14144
14145
14152
14153
14156
14157
14160
14164
14165
14167
14169
14172
14176
14177
14178
14181
14182
14183
14187
14188
14191
14195
14196
14199
14202
14209
14211
14216
14218
14220
14221
14224
14225
14227
14230
14232
14235
14236
14238
14244
14245
14246
14250
14256
14257
14258
14259
14261
14264
14265
14266
14267
14268
14272
14274
14276
14279
14281
14286
14291
14294
14298
14300
14301
14306
14307
14309
14311
14316
14317
14318
14319
14321
14322
14324
14327
14330
14333
14336
14338
14339
14341
14343
14344
14346
14347
14348
14350
14354
14357
14359
14360
14361
14363
14364
14366
14369
14373
14374
14375
14376
14378
14380
14381
14384
14388
14390
14392
14393
14394
14397
14401
14406
14407
14417
14423
14431
14432
14450
14453
14454
14462
14488
14489
14492
14494
14495
14499
14509
14513
14514
14520
14523
14525
14529
14531
14534
14544
14587
14594
14619
14651
14704
14718
14732
14752
14768
14773
14780
14785
14790
14791
14797
14799
14800
14803
14808
14809
14812
14815
14816
14818
14821
14826
14828
14830
14833
14834
14839
14840
14849
14851
14855
14872
14895
14915
14923
14932
14933
14935
14944
14945
14949
14950
14952
14955
14956
14959
14963
14966
14972
14981
15000
15004
15009
15013
15017
15021
15023
15024
15056
15109
15110
15112
15113
15116
15121
15124
15126
15148
15151
15153
15156
15165
15169
15183
15186
15189
15219
15243
15245
15248
15252
15253
15254
15260
15263
15264
15266
15268
15270
15275
15284
15285
15295
15298
15299
15308
15312
15317
15320
15322
15324
15326
15328
15329
15331
15332
15339
15340
15341
15344
15346
15347
15356
15357
15360
15361
15363
15367
15369
15371
15374
15377
15385
15389
15395
15396
15400
15402
15414
15428
15430
15434
15448
15461
15463
15464
15477
15500
15515
15521
15525
15528
15537
15550
15558
15562
15566
15568
15570
15574
15576
15580
15581
15584
15585
15588
15591
15593
15597
15604
15608
15609
15611
15612
15616
15618
15619
15626
15630
15637
15642
15644
15645
15646
15650
15659
15661
15663
15665
15668
15680
15683
15687
15689
15692
15693
15699
15702
15703
15706
15707
15709
15713
15715
15716
15718
15720
15723
15724
15727
15728
15730
15731
15734
15739
15742
15743
15745
15748
15749
15751
15754
15757
15758
15760
15761
15766
15770
15773
15775
15777
15787
15791
15793
15799
15806
15808
15813
15814
15821
15823
15824
15826
15827
15829
15832
15839
15843
15845
15846
15849
15850
15852
15855
15858
15865
15866
15870
15872
15873
15874
15883
15899
15911
15919
15923
15924
15925
15928
15932
15934
15936
15938
15939
15944
15947
15948
15950
15954
15960
15962
15965
15972
15974
15976
16011
16013
16015
16016
16018
16041
16044
16081
16085
16092
16106
16108
16110
16150
16159
16168
16204
16205
16206
16208
16211
16218
16220
16223
16227
16231
16234
16240
16244
16253
16270
16284
16308
16310
16314
16321
16323
16325
16326
16327
16330
16333
16334
16341
16342
16344
16357
16372
16390
16414
16417
16419
16422
16423
16427
16430
16435
16436
16440
16443
16445
16446
16447
16449
16450
16451
16452
16457
16459
16473
16475
16479
16483
16484
16490
16492
16496
16499
16504
16506
16507
16508
16511
16513
16514
16515
16516
16523
16524
16526
16527
16529
16532
16533
16535
16537
16541
16543
16544
16548
16552
16553
16556
16557
16559
16560
16562
16563
16566
16573
16596
16627
16628
16641
16679
16686
16705
16715
16729
16732
16746
16780
16848
16851
16853
16855
16864
16870
16871
16873
16874
16915
16935
16936
16941
16947
16955
16956
16958
16962
16964
16965
16969
16970
16971
16972
16982
16987
16990
16991
17016
17046
17059
17061
17064
17065
17069
17070
17121
17127
17131
17140
17155
17157
17158
17160
17161
17165
17167
17172
17175
17176
17178
17180
17181
17184
17188
17192
17204
17216
17220
17222
17240
17241
17249
17252
17255
17259
17260
17262
17265
17267
17274
17276
17278
17279
17283
17284
17287
17291
17293
17294
17298
17301
17303
17305
17307
17311
17317
17318
17324
17328
17332
17335
17343
17344
17346
17350
17352
17353
17355
17358
17359
17360
17363
17365
17369
17371
17374
17375
17379
17380
17385
17386
17388
17392
17393
17395
17397
17399
17401
17404
17408
17413
17414
17415
17417
17420
17423
17429
17430
17438
17439
17440
17448
17471
17472
17473
17479
17481
17483
17484
17486
17488
17489
17492
17494
17499
17501
17503
17504
17507
17511
17517
17523
17527
17532
17533
17542
17548
17550
17560
17564
17567
17568
17573
17576
17577
17580
17585
17590
17591
17592
17593
17596
17597
17598
17604
17605
17612
17613
17620
17624
17627
17629
17630
17632
17633
17637
17638
17640
17643
17646
17648
17650
17653
17657
17660
17661
17663
17666
17668
17671
17677
17681
17684
17686
17688
17689
17691
17692
17696
17697
17702
17704
17706
17707
17708
17710
17711
17712
17714
17715
17717
17718
17719
17720
17721
17722
17724
17727
17728
17729
17736
17737
17739
17741
17745
17747
17748
17750
17753
17755
17758
17760
17764
17768
17772
17775
17778
17781
17782
17785
17787
17789
17790
17794
17797
17800
17803
17804
17805
17810
17811
17813
17820
17821
17823
17828
17830
17834
17835
17837
17839
17840
17845
17850
17852
17856
17857
17860
17862
17863
17868
17870
17872
17873
17875
17876
17877
17882
17884
17885
17887
17899
17902
17911
17919
17920
17924
17933
17934
17940
17947
17951
17955
17965
17973
17975
17995
18000
18003
18004
18007
18009
18016
18018
18024
18025
18027
18028
18035
18039
18043
18051
18052
18053
18059
18064
18065
18070
18077
18089
18096
18101
18103
18106
18113
18126
18127
18136
18152
18163
18164
18166
18179
18183
18191
18194
18222
18223
18234
18240
18245
18246
18247
18248
18250
18256
18258
18259
18263
18264
18265
18268
18271
18274
18277
18278
18296
18308
18325
18326
18329
18332
18345
18352
18360
18364
18367
18370
18372
18374
18378
18381
18384
18391
18394
18397
18401
18407
18409
18417
18421
18422
18423
18428
18430
18432
18436
18438
18440
18444
18450
18452
18459
18463
18464
18470
18471
18474
18476
18488
18491
18497
18503
18505
18508
18510
18512
18516
18519
18522
18526
18529
18532
18534
18541
18543
18547
18548
18549
18561
18565
18567
18570
18575
18578
18582
18583
18585
18590
18591
18596
18600
18601
18603
18606
18608
18611
18612
18613
18615
18616
18618
18619
18622
18625
18626
18638
18640
18643
18644
18666
18667
18668
18681
18682
18684
18687
18688
18692
18694
18717
18719
18725
18726
18729
18736
18748
18750
18762
18763
18769
18771
18775
18777
18779
18781
18787
18788
18789
18790
18791
18794
18797
18802
18803
18811
18812
18816
18817
18820
18827
18830
18831
18832
18834
18836
18843
18849
18850
18852
18853
18858
18860
18870
18875
18881
18885
18888
18889
18891
18892
18899
18905
18935
18943
18947
18949
18952
18961
18975
18981
18988
18990
19025
19027
19033
19037
19040
19044
19045
19049
19051
19058
19061
19103
19106
19108
19110
19111
19112
19114
19117
19119
19121
19122
19124
19128
19130
19136
19139
19141
19142
19148
19162
19164
19185
19196
19214
19224
19250
19275
19311
19338
19340
19341
19342
19343
19347
19349
19351
19353
19355
19357
19361
19365
19368
19372
19374
19376
19377
19380
19382
19383
19386
19389
19390
19392
19395
19398
19402
19404
19405
19407
19409
19410
19413
19415
19416
19419
19420
19421
19425
19426
19430
19431
19432
19434
19436
19440
19441
19444
19450
19451
19456
19457
19459
19466
19499
19506
19509
19511
19513
19514
19518
19520
19522
19530
19544
19553
19564
19568
19575
19580
19608
19611
19620
19626
19659
19665
19704
19715
19716
19720
19729
19750
19757
19759
19761
19769
19771
19774
19775
19776
19786
19787
19789
19790
19791
19795
19796
19800
19806
19809
19814
19816
19817
19820
19823
19831
19844
19860
19862
19911
19922
19925
19928
19939
19947
19950
19960
19970
19979
19988
19998
20005
20018
20042
20044
20070
20081
20107
20125
20132
20140
20151
20157
20158
20168
20169
20171
20173
20177
20188
20189
20201
20202
20203
20214
20218
20220
20222
20223
20224
20246
20259
20297
20311
20328
20334
20342
20348
20350
20365
20385
20387
20397
20408
20416
20439
20457
20499
20509
20510
20522
20538
20544
20548
20564
20569
20572
20575
20577
20579
20584
20589
20596
20599
20606
20609
20617
20624
20627
20630
20636
20637
20643
20647
20650
20653
20655
20656
20658
20662
20666
20668
20670
20672
20677
20680
20682
20685
20693
20696
20707
20713
20717
20719
20720
20723
20724
20728
20733
20734
20741
20743
20748
20751
20753
20756
20758
20762
20763
20764
20765
20768
20774
20775
20779
20780
20785
20793
20794
20795
20805
20837
20886
20888
20906
20919
20934
20938
20951
20972
21010
21022
21043
21053
21056
21066
21077
21083
21089
21118
21119
21125
21158
21206
21216
21221
21223
21251
21262
21305
21329
21330
21333
21334
21344
21347
21349
21350
21352
21357
21359
21360
21367
21373
21376
21382
21383
21384
21386
21389
21394
21395
21397
21398
21401
21419
21454
21482
21527
21531
21532
21533
21536
21546
21550
21555
21558
21560
21566
21571
21598
21600
21603
21607
21611
21639
21665
21684
21689
21697
21711
21734
21735
21736
21739
21747
21748
21754
21755
21766
21769
21770
21771
21773
21775
21813
21851
21868
21907
21909
21910
21911
21918
21922
21923
21924
21926
21928
21929
21931
21934
21940
21943
21946
21947
21948
21951
21953
21954
21956
21957
21958
21959
21963
21973
22002
22025
22044
22068
22071
22073
22076
22079
22085
22113
22123
22128
22133
22164
22168
22181
22183
22210
22220
22222
22234
22269
22279
22291
22320
22337
22339
22340
22342
22347
22349
22357
22363
22365
22371
22382
22385
22392
22404
22411
22425
22426
22427
22429
22430
22434
22436
22438
22446
22463
22468
22469
22484
22494
22499
22512
22522
22526
22530
22534
22536
22539
22541
22547
22551
22556
22562
22590
22599
22601
22602
22607
22608
22610
22614
22615
22620
22622
22623
22624
22625
22627
22628
22630
22635
22639
22640
22643
22644
22649
22651
22657
22658
22662
22664
22665
22666
22671
22673
22678
22684
22690
22703
22714
22716
22719
22731
22742
22747
22749
22750
22752
22756
22757
22758
22759
22762
22764
22766
22771
22772
22777
22778
22779
22780
22782
22787
22789
22790
22791
22796
22797
22799
22802
22804
22808
22812
22813
22816
22817
22818
22822
22823
22826
22828
22829
22830
22834
22837
22840
22841
22843
22845
22846
22850
22851
22856
22862
22864
22867
22884
22891
22892
22896
22898
22899
22915
22916
22920
22925
22927
22928
22929
22938
22941
22954
22956
22960
22982
23033
23039
23047
23067
23104
23114
23119
23127
23142
23148
23159
23160
23163
23168
23171
23172
23175
23178
23181
23185
23186
23192
23193
23195
23203
23205
23214
23234
23238
23243
23249
23259
23260
23264
23282
23283
23284
23285
23286
23287
23288
23291
23292
23294
23295
23301
23303
23308
23309
23312
23313
23314
23316
23320
23336
23344
23349
23350
23366
23370
23371
23378
23380
23390
23391
23394
23395
23396
23401
23412
23414
23415
23419
23423
23424
23426
23429
23432
23464
23497
23513
23516
23519
23520
23523
23525
23527
23528
23530
23532
23548
23561
23562
23564
23568
23570
23573
23580
23582
23588
23589
23593
23597
23598
23599
23602
23603
23606
23608
23610
23617
23620
23624
23627
23629
23631
23632
23634
23635
23636
23640
23641
23645
23647
23656
23659
23660
23664
23667
23670
23675
23676
23679
23683
23689
23694
23704
23752
23791
23792
23794
23796
23799
23800
23801
23802
23804
23806
23807
23814
23818
23821
23824
23825
23828
23829
23831
23834
23838
23839
23840
23841
23843
23846
23849
23850
23852
23853
23855
23856
23859
23864
23866
23870
23871
23873
23876
23877
23887
23888
23892
23900
23901
23904
23906
23908
23909
23912
23913
23915
23919
23921
23923
23925
23926
23928
23931
23933
23934
23939
23940
23942
23943
23947
23952
23953
23957
23960
23963
23966
23969
23974
23976
23980
23981
23984
23988
23989
23990
23993
23995
23996
23999
24003
24006
24009
24013
24014
24017
24021
24029
24030
24037
24038
24040
24043
24045
24049
24050
24054
24059
24062
24064
24065
24066
24068
24069
24072
24074
24077
24081
24082
24084
24090
24094
24097
24098
24099
24103
24104
24106
24110
24111
24114
24116
24117
24121
24122
24127
24129
24132
24135
24137
24141
24143
24144
24147
24149
24181
24195
24208
24215
24217
24218
24220
24221
24225
24233
24237
24240
24244
24246
24248
24257
24260
24261
24268
24270
24278
24285
24291
24295
24301
24302
24311
24313
24316
24317
24322
24326
24329
24359
24364
24367
24389
24407
24410
24436
24440
24445
24447
24448
24452
24461
24471
24473
24474
24476
24479
24480
24481
24493
24501
24504
24520
24531
24536
24542
24587
24609
24611
24613
24614
24618
24619
24621
24622
24654
24663
24667
24683
24685
24687
24704
24752
24764
24771
24773
24785
24828
24846
24871
24875
24885
24925
24932
24939
24942
24945
24946
24955
24957
24958
24961
24963
24967
24970
24973
24976
24983
24994
24995
24999
25000
25001
25002
25006
25008
25010
25017
25019
25021
25037
25042
25044
25057
25067
25075
25087
25095
25098
25107
25116
25153
25197
25199
25221
25241
25242
25262
25275
25350
25357
25361
25378
25394
25409
25424
25440
25443
25471
25474
25489
25520
25522
25526
25529
25539
25540
25542
25543
25546
25547
25548
25551
25564
25569
25573
25575
25576
25579
25601
25643
25660
25672
25682
25698
25699
25700
25703
25705
25707
25721
25725
25729
25734
25737
25739
25759
25763
25775
25789
25799
25805
25818
25820
25824
25828
25854
25879
25902
25903
25917
25921
25924
25934
25938
25944
25947
25950
25953
25961
25963
25968
25971
25972
25974
25980
25984
25988
25990
26000
26016
26017
26019
26020
26023
26029
26030
26048
26049
26078
26079
26080
26082
26084
26088
26090
26092
26094
26095
26096
26097
26099
26101
26102
26103
26106
26107
26153
26155
26161
26163
26164
26166
26171
26172
26175
26178
26179
26180
26185
26186
26204
26208
26219
26223
26225
26227
26253
26256
26258
26264
26266
26267
26291
26294
26301
26311
26318
26319
26321
26322
26328
26333
26334
26335
26336
26340
26342
26344
26347
26348
26350
26353
26362
26364
26366
26368
26369
26370
26373
26375
26377
26391
26392
26396
26397
26400
26401
26408
26410
26415
26418
26419
26422
26430
26431
26437
26440
26441
26442
26443
26447
26448
26450
26451
26455
26456
26460
26461
26463
26465
26467
26468
26474
26475
26476
26479
26481
26483
26485
26489
26490
26493
26500
26501
26502
26504
26508
26511
26513
26516
26518
26521
26525
26528
26533
26535
26537
26541
26547
26548
26550
26551
26554
26558
26560
26566
26568
26569
26572
26576
26582
26585
26589
26590
26595
26601
26602
26605
26606
26608
26612
26614
26615
26620
26622
26623
26625
26629
26630
26631
26632
26635
26636
26640
26645
26646
26649
26652
26653
26654
26657
26660
26661
26665
26667
26670
26672
26676
26679
26680
26683
26684
26689
26690
26693
26694
26695
26696
26697
26701
26703
26705
26711
26713
26717
26718
26721
26722
26726
26728
26731
26732
26734
26740
26742
26745
26747
26752
26753
26754
26757
26761
26762
26763
26767
26768
26776
26781
26786
26788
26793
26797
26799
26802
26803
26805
26806
26817
26823
26824
26826
26828
26833
26835
26837
26842
26843
26845
26847
26849
26852
26855
26857
26860
26861
26867
26869
26871
26873
26876
26877
26879
26880
26886
26890
26893
26897
26898
26901
26902
26905
26906
26907
26909
26914
26917
26918
26920
26931
26932
26934
26942
26949
26953
26970
26972
26988
26995
27000
27012
27019
27026
27033
27034
27036
27038
27040
27043
27045
27046
27049
27050
27052
27053
27056
27058
27073
27074
27084
27111
27117
27131
27133
27147
27150
27155
27156
27160
27163
27167
27184
27185
27188
27205
27207
27212
27217
27218
27219
27220
27244
27286
27323
27326
27328
27340
27344
27351
27378
27381
27413
27418
27440
27450
27471
27475
27489
27508
27515
27545
27555
27562
27595
27599
27603
27619
27673
27679
27682
27684
27687
27692
27697
27698
27700
27703
27704
27705
27707
27710
27712
27713
27720
27723
27727
27729
27733
27734
27736
27738
27742
27743
27744
27745
27749
27753
27755
27757
27759
27760
27762
27763
27769
27770
27772
27773
27775
27777
27779
27781
27782
27785
27786
27788
27795
27801
27809
27810
27812
27813
27821
27825
27828
27829
27832
27835
27842
27848
27852
27857
27860
27866
27870
27879
27886
27899
27903
27906
27914
27924
27932
27948
27967
27984
27993
28002
28032
28051
28063
28065
28075
28079
28091
28092
28122
28124
28126
28149
28155
28162
28168
28175
28176
28191
28193
28194
28195
28198
28199
28207
28209
28213
28217
28218
28221
28223
28225
28230
28231
28235
28241
28244
28246
28247
28249
28250
28255
28256
28259
28263
28264
28267
28268
28270
28272
28276
28277
28279
28281
28285
28287
28290
28293
28297
28298
28299
28302
28303
28306
28311
28315
28319
28320
28321
28322
28323
28324
28327
28332
28337
28338
28340
28342
28343
28344
28346
28351
28352
28357
28358
28361
28366
28370
28371
28373
28374
28378
28380
28386
28388
28395
28399
28401
28405
28411
28420
28421
28422
28424
28426
28428
28490
28491
28493
28495
28503
28539
28552
28556
28567
28579
28583
28587
28588
28591
28602
28603
28606
28618
28622
28623
28626
28630
28636
28637
28639
28646
28649
28650
28677
28685
28697
28728
28733
28734
28763
28768
28771
28779
28806
28813
28817
28828
28851
28875
28877
28913
28915
28917
28921
28953
28963
28966
29021
29023
29052
29054
29059
29060
29061
29063
29067
29068
29074
29077
29080
29083
29084
29091
29108
29118
29122
29134
29155
29161
29163
29200
29234
29238
29249
29273
29274
29279
29292
29303
29305
29308
29340
29365
29429
29440
29450
29458
29478
29480
29484
29486
29490
29494
29497
29511
29514
29517
29562
29563
29600
29601
29616
29619
29623
29625
29645
29667
29668
29682
29739
29741
29746
29764
29767
29769
29778
29798
29813
29827
29853
29863
29866
29914
29923
29940
29973
29988
29994
29995
30004
30057
30060
30100
30137
30157
30163
30173
30184
30193
30195
30196
30208
30209
30214
30248
30269
30271
30316
30342
30358
30359
30400
30404
30408
30423
30434
30437
30446
30483
30490
30492
30494
30497
30498
30501
30534
30539
30549
30556
30559
30562
30577
30581
30590
30594
30597
30619
30624
30648
30655
30656
30660
30661
30662
30666
30669
30670
30671
30674
30678
30679
30682
30687
30689
30691
30693
30694
30697
30699
30723
30740
30760
30773
30789
30798
30800
30804
30809
30812
30827
30828
30829
30831
30833
30834
30837
30840
30843
30846
30850
30852
30853
30855
30857
30858
30865
30875
30876
30880
30882
30884
30885
30887
30892
30894
30895
30896
30932
30981
30993
31009
31043
31047
31107
31111
31113
31116
31119
31122
31126
31127
31131
31133
31138
31140
31141
31145
31148
31150
31152
31154
31156
31164
31167
31168
31170
31171
31173
31177
31179
31181
31184
31189
31190
31193
31194
31195
31196
31208
31256
31265
31276
31277
31285
31288
31298
31299
31302
31303
31305
31308
31313
31314
31317
31319
31321
31331
31333
31334
31335
31339
31340
31344
31346
31347
31352
31354
31358
31360
31363
31365
31366
31370
31371
31372
31373
31374
31375
31395
31396
31433
31440
31446
31450
31454
31456
31462
31480
31523
31571
31597
31602
31629
31631
31634
31635
31637
31640
31710
31726
31737
31740
31747
31755
31771
31773
31774
31790
31809
31813
31815
31816
31820
31821
31825
31826
31830
31832
31837
31860
31944
31946
31960
32025
32045
32082
32103
32115
32134
32140
32142
32146
32148
32152
32222
32253
32257
32268
32273
32276
32278
32282
32283
32286
32290
32293
32299
32300
32345
32359
32411
32425
32442
32449
32450
32459
32473
32478
32484
32488
32490
32493
32517
32519
32520
32525
32526
32567
32597
32621
32624
32626
32627
32630
32634
32635
32636
32638
32641
32643
32646
32648
32650
32652
32654
32656
32672
32673
32702
32710
32738
32742
32745
32746
32747
32748
32753
32756
32757
32767
32770
32774
32776
32784
32786
32787
32790
32794
32796
32800
32802
32803
32804
32805
32807
32810
32815
32820
32830
32837
32839
32842
32843
32844
32852
32856
32863
32864
32868
32869
32870
32871
32872
32876
32877
32882
32899
32900
32901
32904
32907
32908
32923
32928
32953
32954
32955
32959
32989
33018
33037
33039
33040
33043
33044
33055
33057
33060
33065
33075
33085
33092
33097
33118
33133
33174
33184
33208
33230
33265
33269
33271
33272
33274
33275
33277
33279
33280
33283
33285
33287
33290
33291
33293
33295
33298
33301
33302
33307
33309
33320
33345
33346
33348
33349
33364
33374
33383
33398
33416
33422
33436
33452
33476
33494
33496
33535
33544
33576
33584
33594
33605
33624
33647
33673
33686
33707
33718
33720
33721
33724
33727
33734
33735
33737
33741
33748
33750
33751
33755
33761
33764
33769
33773
33774
33778
33781
33784
33786
33787
33791
33792
33794
33797
33804
33805
33808
33812
33814
33815
33817
33818
33821
33822
33827
33828
33832
33834
33835
33836
33840
33842
33847
33849
33850
33852
33856
33860
33863
33864
33867
33868
33871
33872
33876
33879
33880
33883
33886
33888
33890
33897
33900
33901
33909
33911
33914
33919
33922
33925
33926
33927
33930
33933
33934
33941
33942
33952
33958
33960
33962
33966
33970
33971
33973
33975
33977
33980
33981
33982
33985
33989
33990
33993
33996
34000
34004
34006
34010
34012
34013
34016
34018
34021
34027
34028
34030
34032
34036
34038
34041
34045
34049
34058
34062
34063
34071
34080
34086
34088
34090
34091
34094
34098
34099
34101
34105
34106
34108
34112
34122
34124
34127
34129
34130
34138
34140
34145
34146
34148
34161
34165
34168
34171
34176
34180
34189
34192
34196
34198
34202
34209
34212
34216
34217
34218
34222
34228
34256
34267
34275
34287
34290
34292
34295
34297
34340
34343
34349
34361
34362
34365
34366
34367
34369
34372
34376
34377
34378
34382
34383
34384
34387
34389
34390
34392
34393
34398
34401
34408
34410
34414
34418
34422
34424
34436
34447
34449
34454
34456
34458
34459
34463
34464
34468
34479
34482
34486
34488
34493
34495
34496
34499
34500
34503
34507
34509
34513
34514
34518
34522
34523
34527
34528
34530
34532
34536
34538
34540
34541
34544
34547
34548
34550
34552
34553
34554
34558
34560
34562
34563
34564
34566
34571
34573
34574
34584
34585
34587
34589
34590
34594
34597
34601
34629
34638
34643
34648
34654
34661
34664
34666
34670
34674
34676
34677
34679
34687
34721
34723
34726
34728
34731
34732
34736
34737
34741
34762
34777
34787
34790
34834
34840
34854
34885
34958
34983
35021
35022
35026
35029
35030
35032
35036
35041
35042
35044
35046
35048
35054
35055
35058
35060
35063
35068
35071
35074
35076
35088
35095
35096
35097
35106
35108
35115
35118
35120
35122
35129
35131
35135
35136
35138
35153
35160
35171
35174
35175
35178
35179
35180
35185
35198
35201
35204
35205
35207
35208
35213
35222
35224
35225
35228
35236
35237
35240
35241
35246
35248
35249
35252
35258
35261
35264
35269
35272
35273
35274
35276
35285
35286
35289
35290
35292
35297
35299
35306
35310
35314
35315
35316
35317
35322
35326
35332
35335
35338
35340
35342
35343
35346
35349
35353
35355
35356
35357
35360
35369
35374
35376
35377
35383
35391
35399
35400
35403
35404
35408
35411
35418
35421
35427
35433
35438
35448
35450
35455
35456
35459
35461
35463
35464
35465
35469
35474
35477
35478
35479
35489
35490
35491
35493
35498
35505
35512
35514
35516
35520
35521
35522
35524
35526
35528
35530
35531
35532
35535
35536
35542
35545
35546
35547
35549
35550
35552
35554
35558
35562
35563
35565
35567
35570
35571
35573
35576
35578
35595
35600
35605
35610
35612
35617
35631
35633
35635
35636
35646
35654
35770
35777
35786
35793
35812
35818
35846
35871
35874
35881
35906
35911
35915
35956
35977
35999
36000
36018
36026
36031
36041
36054
36085
36095
36113
36121
36127
36129
36213
36233
36237
36258
36273
36339
36342
36345
36364
36484
36486
36520
36537
36538
36539
36543
36546
36547
36553
36554
36556
36590
36596
36609
36610
36615
36618
36629
36633
36636
36639
36646
36664
36692
36694
36695
36697
36698
36699
36703
36705
36706
36708
36717
36719
36721
36725
36729
36730
36732
36739
36742
36743
36744
36746
36748
36750
36754
36758
36760
36762
36764
36766
36768
36770
36771
36774
36775
36778
36781
36784
36813
36821
36866
36868
36871
36886
36911
36912
36949
36954
36974
36989
36997
37028
37063
37110
37156
37183
37231
37264
37280
37283
37312
37322
37333
37428
37433
37434
37437
37441
37442
37443
37446
37447
37450
37455
37459
37461
37497
37504
37507
37512
37528
37560
37561
37567
37587
37589
37598
37602
37606
37654
37675
37688
37721
37729
37746
37761
37764
37768
37777
37803
37823
37857
37870
37872
37875
37879
37880
37917
37950
38001
38005
38007
38018
38021
38028
38030
38038
38083
38116
38139
38140
38147
38150
38169
38170
38175
38177
38178
38182
38188
38211
38217
38231
38238
38284
38285
38289
38294
38357
38373
38385
38411
38527
38555
38573
38620
38658
38689
38692
38693
38694
38696
38699
38706
38708
38712
38714
38715
38717
38720
38721
38725
38726
38728
38730
38733
38736
38738
38742
38767
38796
38797
38805
38824
38868
38874
38877
38884
38891
38907
38908
38923
38933
38938
38947
38955
38960
38969
38999
39011
39019
39033
39038
39039
39040
39052
39056
39059
39081
39112
39122
39126
39130
39132
39133
39148
39149
39152
39188
39189
39202
39231
39240
39250
39261
39262
39317
39325
39344
39361
39383
39386
39435
39440
39441
39446
39450
39461
39476
39479
39490
39534
39540
39541
39542
39544
39548
39552
39576
39587
39599
39601
39603
39631
39638
39678
39682
39687
39693
39700
39703
39707
39708
39710
39712
39717
39718
39723
39729
39730
39732
39733
39734
39735
39738
39739
39741
39744
39746
39747
39748
39749
39753
39756
39759
39761
39766
39768
39770
39771
39772
39773
39780
39784
39785
39786
39789
39790
39791
39792
39794
39795
39867
39871
39877
39911
39931
39933
39934
39953
39962
39963
39977
40001
40002
40007
40013
40020
40027
40031
40055
40075
40080
40083
40110
40164
40209
40210
40213
40217
40221
40223
40224
40228
40230
40267
40269
40291
40321
40333
40349
40358
40362
40369
40425
40456
40471
40500
40501
40503
40506
40508
40511
40512
40514
40515
40520
40524
40525
40527
40529
40534
40535
40538
40539
40545
40546
40547
40550
40551
40552
40559
40560
40562
40563
40570
40572
40574
40575
40578
40580
40582
40594
40595
40597
40600
40604
40610
40611
40615
40618
40620
40623
40625
40666
40692
40705
40716
40721
40751
40752
40754
40755
40760
40761
40762
40766
40770
40771
40773
40774
40776
40778
40779
40783
40786
40788
40789
40791
40793
40794
40795
40797
40798
40800
40801
40803
40807
40809
40810
40811
40812
40813
40817
40819
40821
40824
40825
40826
40828
40829
40834
40855
40862
40873
40874
40879
40933
40940
40988
40989
41003
41005
41007
41026
41044
41051
41101
41112
41123
41156
41167
41182
41194
41206
41225
41231
41243
41246
41247
41258
41261
41267
41301
41309
41314
41325
41328
41351
41352
41354
41361
41366
41367
41369
41370
41371
41374
41375
41381
41444
41476
41484
41487
41510
41534
41542
41546
41572
41593
41594
41595
41596
41597
41639
41671
41674
41683
41685
41694
41697
41699
41707
41709
41712
41715
41716
41728
41739
41742
41744
41745
41760
41769
41794
41818
41863
41864
41882
41894
41957
41958
41960
41966
41980
41995
42009
42028
42034
42037
42055
42068
42082
42083
42084
42086
42088
42091
42094
42097
42099
42103
42105
42110
42111
42114
42118
42119
42125
42130
42131
42133
42136
42138
42140
42141
42142
42147
42150
42154
42155
42158
42160
42163
42164
42166
42168
42171
42173
42178
42181
42182
42184
42200
42227
42246
42247
42264
42274
42281
42298
42306
42345
42353
42358
42361
42405
42413
42433
42434
42439
42440
42443
42449
42450
42452
42454
42455
42456
42461
42465
42466
42467
42471
42474
42481
42486
42509
42518
42528
42531
42532
42533
42536
42537
42538
42539
42540
42548
42552
42553
42555
42557
42569
42617
42642
42671
42673
42678
42692
42719
42816
42820
42822
42824
42826
42827
42832
42834
42838
42847
42865
42872
42881
42886
42897
42909
42911
42913
42914
42915
42923
42926
42936
42938
42947
42951
42960
42979
43040
43050
43078
43081
43091
43161
43171
43189
43205
43239
43244
43263
43268
43274
43283
43307
43322
43332
43338
43339
43341
43348
43357
43368
43378
43380
43404
43420
43428
43496
43540
43599
43604
43630
43646
43669
43670
43684
43686
43694
43697
43712
43759
43776
43777
43779
43796
43797
43831
43849
43856
43857
43862
43866
43867
43871
43875
43885
43892
43908
43911
43914
43916
43917
43920
43921
43929
43935
43947
43948
43978
43997
44013
44024
44026
44050
44099
44115
44127
44168
44180
44222
44223
44231
44337
44366
44382
44392
44401
44419
44425
44437
44495
44497
44498
44536
44543
44592
44602
44637
44649
44719
44730
44739
44754
44787
44793
44809
44810
44837
44893
44947
44957
44974
44992
45025
45090
45107
45157
45159
45167
45172
45175
45179
45181
45182
45187
45192
45197
45199
45203
45206
45216
45217
45222
45227
45229
45230
45238
45240
45243
45244
45251
45252
45261
45262
45264
45269
45271
45279
45287
45292
45296
45299
45340
45352
45353
45363
45366
45385
45401
45419
45423
45424
45426
45459
45485
45503
45507
45512
45514
45516
45519
45524
45525
45528
45530
45531
45532
45538
45540
45541
45547
45550
45553
45554
45555
45558
45560
45563
45564
45569
45572
45573
45575
45579
45587
45601
45605
45622
45647
45654
45677
45688
45716
45728
45756
45758
45759
45764
45769
45772
45811
45833
45853
45880
45884
45896
45897
45922
45928
45945
45954
45991
46000
46002
46008
46013
46015
46016
46017
46018
46019
46022
46028
46031
46044
46075
46090
46096
46138
46143
46178
46188
46191
46192
46196
46202
46204
46209
46212
46216
46217
46220
46221
46224
46226
46228
46232
46233
46239
46245
46255
46280
46309
46315
46360
46388
46433
46443
46456
46486
46494
46525
46621
46634
46654
46656
46659
46684
46688
46696
46739
46745
46755
46756
46759
46770
46771
46774
46775
46776
46777
46784
46792
46801
46844
46849
46852
46854
46869
46903
46932
46947
46977
47012
47029
47053
47063
47069
47071
47072
47077
47079
47092
47094
47153
47210
47236
47243
47248
47271
47292
47294
47318
47390
47449
47481
47482
47517
47526
47557
47565
47567
47568
47618
47629
47643
47663
47692
47704
47720
47749
47778
47793
47799
47800
47812
47824
47840
47842
47863
47880
47884
47886
47891
47905
47910
47912
47914
47915
47923
47928
47932
47935
47946
47951
47955
47958
47960
47964
47970
47976
47979
47982
47987
47988
47991
47995
48004
48029
48037
48075
48099
48152
48156
48170
48180
48226
48237
48297
48299
48377
48380
48450
48455
48491
48504
48547
48553
48555
48612
48624
48626
48657
48668
48677
48685
48690
48694
48710
48713
48750
48761
48778
48795
48825
48830
48888
48907
48924
48968
48979
48991
49046
49091
49136
49146
49150
49153
49158
49161
49174
49177
49182
49193
49195
49196
49197
49198
49201
49205
49209
49215
49220
49221
49226
49228
49236
49249
49253
49269
49271
49276
49281
49298
49301
49319
49329
49365
49380
49414
49420
49421
49425
49427
49429
49437
49439
49530
49582
49605
49608
49609
49612
49617
49618
49621
49624
49626
49631
49633
49634
49635
49636
49647
49665
49678
49719
49727
49780
49851
49897
49922
49936
49971
49974
49975
49976
49983
49988
49994
50001
50003
50007
50017
50020
50024
50025
50041
50046
50051
50065
50082
50146
50150
50179
50272
50290
50293
50311
50431
50432
50446
50474
50479
50521
50522
50558
50573
50588
50600
50619
50637
50651
50691
50729
50731
50751
50781
50838
50881
50888
50925
50934
51018
51027
51036
51042
51043
51046
51048
51049
51051
51054
51057
51059
51066
51067
51068
51073
51076
51081
51086
51088
51090
51093
51098
51109
51110
51111
51113
51114
51117
51119
51120
51132
51135
51151
51186
51230
51263
51312
51338
51347
51385
51421
51501
51513
51514
51535
51541
51569
51582
51592
51657
51679
51723
51727
51748
51792
51801
51851
51861
51880
51881
51884
51887
51889
51890
51892
51896
51897
51898
51929
51945
51977
52014
52050
52051
52085
52092
52173
52203
52218
52223
52231
52292
52294
52343
52392
52434
52463
52473
52476
52478
52479
52494
52510
52516
52564
52565
52568
52571
52575
52600
52604
52606
52620
52696
52698
52701
52703
52704
52706
52710
52712
52713
52714
52715
52720
52722
52723
52729
52730
52735
52737
52740
52741
52744
52746
52748
52751
52753
52755
52757
52758
52761
52785
52828
52841
52845
52847
52915
53005
53008
53009
53017
53033
53036
53054
53057
53063
53074
53102
53105
53124
53128
53148
53153
53161
53162
53164
53167
53169
53179
53189
53194
53197
53204
53207
53208
53219
53224
53232
53234
53237
53241
53242
53252
53286
53318
53321
53361
53451
53462
53484
53487
53515
53570
53571
53626
53631
53642
53656
53658
53736
53809
53817
53818
53819
53870
53876
53893
53898
53914
53974
53979
53989
54032
54049
54062
54099
54210
54227
54243
54277
54290
54356
54407
54444
54466
54574
54619
54651
54673
54685
54688
54768
54841
54868
54958
54984
54995
55018
55092
55135
55167
55215
55216
55217
55218
55236
55243
55244
55253
55256
55258
55262
55264
55268
55314
55335
55404
55422
55425
55439
55481
55485
55486
55548
55554
55608
55633
55655
55679
55696
55754
55793
55892
55901
55916
55926
55944
55950
55975
55980
56054
56117
56149
56238
56242
56257
56322
56382
56384
56419
56525
56533
56535
56565
56573
56580
56584
56588
56589
56593
56599
56736
56757
56761
56764
56765
56852
56879
56904
56910
56930
56949
57049
57092
57099
57108
57120
57121
57122
57125
57127
57131
57132
57133
57135
57136
57141
57143
57145
57146
57149
57159
57171
57181
57185
57195
57202
57203
57206
57209
57213
57215
57222
57227
57286
57310
57315
57322
57328
57348
57355
57358
57371
57385
57415
57418
57421
57435
57490
57528
57537
57549
57572
57585
57595
57614
57615
57653
57691
57709
57744
57762
57775
57779
57787
57805
57835
57894
57913
57926
57936
57977
58040
58064
58144
58228
58276
58372
58450
58486
58555
58559
58561
58568
58570
58577
58579
58584
58586
58588
58590
58599
58600
58602
58608
58610
58618
58622
58638
58647
58678
58680
58692
58693
58701
58703
58704
58709
58714
58717
58727
58732
58737
58740
58891
58951
59001
59030
59082
59112
59115
59116
59127
59132
59134
59142
59143
59144
59153
59157
59161
59167
59169
59176
59180
59186
59197
59198
59203
59213
59227
59228
59240
59289
59319
59320
59322
59324
59325
59326
59330
59334
59335
59336
59341
59343
59345
59347
59348
59352
59355
59361
59362
59363
59365
59369
59374
59375
59379
59382
59383
59385
59387
59389
59391
59392
59395
59398
59404
59405
59411
59413
59415
59418
59419
59420
59424
59427
59429
59432
59439
59441
59443
59447
59448
59449
59482
59494
59512
59588
59591
59672
59777
59882
59900
59977
59983
59993
60059
60144
60170
60172
60176
60181
60185
60187
60202
60214
60265
60266
60268
60283
60284
60339
60347
60407
60418
60448
60490
60531
60533
60694
60705
60759
60780
60809
60823
60871
60926
61013
61069
61076
61087
61096
61124
61128
61131
61133
61135
61137
61141
61142
61144
61146
61148
61150
61151
61153
61160
61165
61171
61174
61178
61181
61184
61187
61190
61191
61196
61202
61206
61215
61224
61227
61228
61232
61238
61239
61244
61249
61250
61252
61254
61255
61262
61267
61272
61276
61277
61278
61279
61316
61329
61352
61355
61358
61373
61376
61405
61411
61421
61430
61439
61443
61445
61452
61465
61468
61475
61544
61567
61658
61683
61723
61795
61861
61864
61867
61868
61922
61965
62005
62017
62119
62141
62154
62171
62209
62212
62235
62244
62270
62303
62305
62310
62312
62316
62326
62333
62335
62338
62340
62342
62345
62346
62348
62350
62354
62357
62361
62363
62368
62371
62372
62374
62376
62377
62378
62380
62382
62390
62394
62395
62399
62400
62401
62404
62407
62408
62410
62411
62413
62415
62420
62421
62424
62432
62436
62441
62443
62517
62606
62748
62816
62822
62935
62936
62948
62977
63037
63091
63103
63114
63206
63311
63312
63349
63408
63423
63427
63428
63435
63454
63466
63491
63614
63619
63654
63655
63660
63737
63744
63805
63810
63811
63815
63818
63820
63822
63824
63826
63829
63830
63976
64072
64082
64265
64395
64399
64435
64451
64472
64483
64488
64526
64640
64673
64700
64746
64755
64757
64850
64877
64902
64967
64999
65057
65084
65108
65150
65174
65181
65185
65189
65194
65201
65203
65206
65216
65227
65284
65293
65297
65301
65434
65475
65485
65493
65500
65501
65533
65538
65544
65561
65649
65668
65674
65676
65678
65686
65688
65692
65693
65694
65696
65698
65703
65704
65706
65707
65709
65714
65716
65724
65735
65755
65784
65802
65819
65828
65854
65900
66029
66048
66297
66301
66323
66368
66379
66415
66435
66486
66488
66495
66503
66504
66507
66536
66585
66594
66640
66641
66643
66648
66658
66663
66665
66666
66667
66673
66675
66678
66680
66681
66685
66687
66691
66694
66696
66700
66701
66748
66790
66792
66796
66797
66798
66800
66840
66860
66872
66875
67047
67071
67088
67099
67133
67224
67236
67266
67348
67354
67395
67505
67566
67570
67618
67678
67712
67778
67794
67811
67861
67938
67946
67967
67976
68073
68129
68139
68148
68212
68268
68432
68553
68589
68701
68703
68705
68707
68708
68825
68866
68988
68997
69010
69017
69020
69029
69038
69040
69043
69047
69056
69061
69072
69073
69075
69082
69083
69084
69086
69088
69092
69098
69099
69101
69105
69109
69112
69114
69119
69120
69127
69130
69178
69253
69357
69515
69575
69579
69629
69658
69661
69707
69786
69805
69886
69906
69930
69939
70015
70122
70197
70271
70334
70377
70400
70470
70506
70522
70615
70637
70703
70707
70709
70713
70718
70767
70774
70788
70799
70848
70916
70970
70985
70990
71002
71045
71102
71103
71136
71152
71277
71300
71395
71452
71454
71548
71574
71582
71604
71609
71738
71797
71801
71803
71907
71945
72016
72056
72068
72284
72330
72348
72359
72360
72380
72476
72477
72479
72560
72583
72591
72602
72647
72871
73104
73175
73181
73184
73185
73187
73189
73193
73195
73202
73203
73204
73206
73245
73246
73259
73288
73380
73420
73453
73487
73532
73641
73657
73674
73726
73776
73814
73817
73830
73877
73969
74012
74015
74019
74020
74026
74033
74037
74039
74041
74045
74046
74059
74115
74125
74181
74253
74316
74368
74427
74542
74564
74590
74607
74725
74825
74832
74857
74889
74993
75002
75019
75020
75058
75064
75104
75139
75169
75509
75547
75553
75590
75661
75679
75723
75736
75748
75765
75865
75869
75876
75965
76006
76022
76073
76167
76259
76352
76363
76397
76401
76404
76406
76410
76415
76419
76421
76433
76440
76444
76445
76446
76448
76454
76460
76465
76471
76526
76593
76597
76660
76676
76681
76688
76695
76727
76728
76801
76896
76911
76958
77027
77079
77194
77308
77346
77348
77451
77457
77551
77576
77594
77684
77739
77889
78001
78039
78083
78102
78206
78273
78289
78292
78298
78306
78331
78340
78341
78346
78349
78354
78355
78373
78409
78412
78659
78716
78760
78896
78902
78961
79023
79114
79173
79315
79441
79601
79623
79666
79794
79795
79884
79998
79999
