0
0
2
4
5
9
10
11
13
16
21
24
27
28
31
33
37
38
39
41
44
63
81
92
97
122
123
128
132
139
142
148
149
162
185
203
207
211
214
216
222
228
234
258
266
276
278
288
293
294
312
314
319
339
346
350
359
360
363
366
375
386
394
417
429
446
462
478
504
513
514
516
521
522
523
524
525
526
528
531
534
536
544
597
603
611
613
630
631
633
637
644
646
655
666
667
668
686
696
697
700
724
728
731
746
759
760
769
783
784
794
814
821
845
855
857
872
877
893
895
912
926
945
957
965
970
978
983
998
1002
1004
1005
1010
1054
1068
1072
1092
1095
1098
1099
1112
1136
1138
1144
1157
1166
1168
1172
1190
1201
1210
1211
1215
1220
1232
1235
1247
1263
1272
1283
1307
1310
1337
1340
1359
1364
1371
1372
1389
1401
1441
1452
1466
1469
1520
1530
1573
1578
1584
1586
1587
1591
1594
1601
1603
1609
1611
1614
1625
1640
1642
1653
1658
1660
1662
1676
1679
1682
1686
1699
1700
1701
1704
1717
1720
1722
1724
1731
1756
1762
1803
1805
1807
1811
1813
1815
1818
1821
1824
1828
1880
1924
1937
1942
1959
1963
1965
1970
1975
1977
1978
1980
1982
1988
2008
2017
2036
2049
2067
2098
2100
2106
2109
2111
2112
2122
2125
2126
2127
2129
2130
2134
2145
2148
2151
2177
2192
2199
2206
2208
2229
2230
2236
2237
2248
2255
2258
2274
2292
2305
2308
2310
2326
2335
2341
2345
2360
2364
2371
2386
2388
2428
2430
2431
2435
2440
2446
2447
2459
2461
2467
2473
2483
2488
2490
2495
2503
2505
2516
2521
2522
2536
2567
2568
2569
2571
2577
2585
2590
2600
2606
2631
2633
2634
2635
2637
2640
2658
2662
2667
2670
2673
2676
2686
2704
2729
2731
2735
2757
2767
2779
2782
2812
2813
2816
2817
2818
2819
2823
2828
2837
2841
2844
2866
2874
2879
2888
2922
2933
2938
2941
2953
2954
2967
3000
3011
3012
3016
3072
3077
3092
3142
3161
3162
3163
3185
3193
3202
3217
3227
3235
3236
3243
3252
3261
3270
3276
3278
3289
3298
3306
3307
3313
3333
3336
3341
3351
3357
3359
3410
3428
3440
3441
3453
3461
3484
3486
3492
3520
3524
3527
3529
3541
3544
3545
3572
3583
3607
3623
3629
3642
3649
3652
3674
3678
3686
3698
3700
3701
3718
3732
3741
3755
3761
3779
3782
3798
3815
3823
3838
3840
3842
3867
3868
3873
3876
3878
3879
3900
3929
3958
3965
3970
3981
4003
4015
4038
4041
4051
4069
4073
4091
4101
4144
4145
4155
4165
4176
4190
4191
4202
4205
4224
4244
4250
4276
4277
4300
4322
4325
4335
4340
4342
4366
4374
4387
4390
4398
4411
4431
4521
4523
4525
4526
4545
4579
4587
4589
4594
4595
4626
4628
4637
4639
4661
4665
4667
4671
4673
4675
4676
4677
4681
4684
4686
4688
4690
4695
4697
4700
4701
4702
4703
4706
4765
4766
4792
4793
4802
4803
4814
4822
4825
4861
4870
4871
4872
4875
4879
4893
4907
4913
4937
4951
4993
5006
5011
5027
5034
5043
5044
5046
5047
5054
5055
5064
5075
5095
5102
5104
5113
5114
5118
5126
5136
5149
5155
5156
5186
5216
5228
5235
5241
5245
5286
5300
5316
5318
5319
5326
5328
5330
5332
5352
5364
5365
5366
5382
5384
5401
5405
5430
5433
5434
5454
5460
5461
5492
5493
5502
5512
5514
5520
5521
5523
5524
5525
5526
5554
5568
5585
5594
5595
5604
5617
5618
5655
5677
5684
5694
5721
5736
5746
5770
5773
5774
5787
5803
5820
5842
5849
5860
5866
5868
5870
5883
5885
5887
5890
5891
5922
5925
5927
5928
5961
5970
5971
5973
6001
6002
6012
6017
6020
6022
6054
6056
6057
6066
6067
6068
6098
6110
6145
6148
6155
6156
6176
6189
6199
6203
6215
6238
6259
6260
6261
6270
6285
6294
6319
6324
6326
6335
6337
6339
6380
6384
6409
6431
6450
6473
6481
6512
6541
6550
6551
6565
6574
6583
6590
6602
6603
6606
6622
6625
6635
6650
6655
6657
6666
6667
6682
6688
6693
6699
6718
6747
6750
6761
6780
6825
6828
6838
6861
6917
6942
6951
6958
6959
6960
6966
6991
7032
7065
7067
7117
7124
7141
7152
7156
7164
7178
7181
7184
7189
7192
7195
7225
7256
7257
7264
7293
7301
7308
7314
7334
7356
7369
7387
7396
7398
7401
7402
7425
7426
7435
7446
7447
7502
7506
7507
7548
7561
7578
7600
7601
7602
7614
7627
7635
7648
7673
7680
7682
7688
7692
7714
7738
7756
7766
7773
7777
7779
7789
7795
7803
7804
7807
7826
7829
7831
7835
7840
7849
7863
7878
7880
7890
7916
7929
7954
7992
8001
8020
8024
8052
8067
8084
8089
8098
8100
8131
8135
8159
8197
8201
8206
8209
8259
8264
8300
8324
8346
8362
8367
8376
8391
8398
8413
8417
8429
8456
8459
8472
8513
8537
8538
8541
8573
8580
8628
8637
8650
8656
8660
8661
8687
8691
8693
8725
8731
8734
8759
8768
8778
8783
8790
8822
8843
8862
8880
8912
8935
8936
8955
8965
8970
8991
9000
9003
9010
9019
9021
9065
9072
9080
9082
9107
9109
9125
9139
9194
9214
9215
9224
9227
9236
9243
9247
9248
9251
9252
9254
9257
9258
9292
9295
9345
9354
9355
9356
9358
9430
9442
9443
9468
9488
9510
9540
9549
9585
9602
9605
9610
9637
9639
9680
9696
9701
9708
9713
9727
9736
9750
9757
9767
9768
9785
9791
9796
9801
9804
9807
9810
9811
9812
9814
9816
9822
9825
9899
9906
9935
9956
9962
10016
10043
10089
10095
10129
10149
10157
10166
10172
10236
10302
10321
10347
10356
10366
10375
10423
10436
10458
10475
10507
10509
10629
10645
10665
10669
10692
10772
10782
10792
10803
10871
10880
10898
10899
10922
10947
10962
10985
11054
11058
11069
11091
11142
11213
11219
11251
11299
11304
11305
11389
11404
11421
11422
11451
11472
11487
11494
11509
11522
11532
11534
11553
11556
11568
11592
11602
11603
11626
11656
11658
11685
11732
11742
11747
11813
11826
11848
11859
11861
11866
11873
11914
11937
11959
12035
12037
12042
12050
12066
12075
12091
12163
12229
12238
12251
12267
12329
12350
12387
12392
12403
12420
12434
12453
12505
12554
12574
12606
12613
12657
12663
12702
12708
12728
12752
12802
12824
12833
12836
12874
12886
12903
12981
13007
13066
13105
13121
13122
13144
13151
13188
13198
13223
13227
13228
13231
13232
13233
13235
13240
13242
13243
13245
13249
13254
13255
13258
13261
13263
13266
13268
13269
13272
13273
13276
13279
13281
13285
13291
13294
13298
13299
13303
13348
13349
13412
13433
13460
13468
13504
13529
13540
13542
13566
13588
13589
13592
13603
13628
13648
13702
13738
13768
13779
13783
13807
13820
13833
13900
13906
13909
13913
13922
13930
13934
13935
13971
14000
14008
14021
14056
14076
14078
14104
14113
14127
14208
14215
14271
14359
14381
14387
14392
14394
14424
14425
14439
14479
14522
14557
14567
14598
14603
14620
14677
14726
14728
14766
14930
15029
15041
15103
15150
15176
15249
15250
15264
15361
15362
15396
15417
15431
15452
15462
15519
15542
15564
15566
15572
15597
15622
15628
15703
15734
15740
15763
15781
15792
15816
15829
15848
15875
15891
15913
15947
15980
16050
16081
16088
16114
16125
16135
16167
16190
16276
16277
16284
16321
16376
16420
16439
16458
16469
16529
16531
16553
16641
16671
16672
16682
16728
16747
16786
16808
16901
16903
16904
16908
16910
16919
16952
16953
16968
16985
17014
17039
17053
17072
17096
17110
17124
17139
17140
17188
17256
17268
17303
17326
17332
17341
17343
17344
17459
17639
17726
17772
17795
17826
