0
247
258
265
267
275
290
291
293
301
304
315
320
349
370
378
382
395
401
409
411
414
426
462
476
494
517
527
556
561
564
598
599
612
636
657
681
687
696
702
703
708
716
747
757
761
762
770
777
780
802
837
863
876
880
891
926
947
982
984
995
1014
1019
1024
1029
1042
1068
1103
1111
1113
1135
1136
1137
1139
1140
1151
1190
1192
1193
1224
1230
1268
1291
1339
1386
1387
1388
1390
1395
1428
1433
1436
1437
1465
1472
1477
1478
1503
1522
1525
1543
1547
1567
1581
1594
1612
1616
1619
1627
1646
1658
1679
1695
1709
1728
1734
1756
1759
1773
1804
1806
1835
1838
1843
1848
1858
1864
1905
1925
1932
1938
1947
1959
1989
1990
1998
2008
2012
2013
2014
2027
2055
2056
2063
2067
2078
2092
2105
2109
2110
2113
2126
2136
2155
2159
2175
2200
2213
2225
2261
2279
2285
2301
2321
2330
2365
2370
2374
2378
2382
2405
2410
2412
2413
2433
2474
2479
2495
2497
2498
2542
2565
2570
2577
2580
2589
2637
2658
2668
2695
2707
2731
2736
2741
2766
2844
2848
2855
2930
2932
2974
2996
3013
3030
3046
3067
3105
3112
3122
3133
3183
3251
3255
3288
3330
3349
3362
3375
3417
3425
3461
3479
3487
3490
3505
3525
3532
3559
3586
3634
3670
3685
3720
3726
3734
3738
3762
3779
3797
3825
3827
3834
3847
3848
3863
3883
3891
3903
3968
4040
4046
4054
4060
4078
4097
4116
4173
4209
4259
4324
4460
4488
4500
4553
4561
4578
4600
4611
4653
4668
4683
4711
4751
4815
4825
4829
4830
4831
4832
4851
4867
4878
4897
4946
4964
4997
5055
5111
5116
5158
5173
5300
5303
5304
5318
5319
5381
5411
5474
5477
5540
5614
5618
5625
5631
5740
