0 17
0 30
0 48
0 41
0 27
1 41
2 3
0 40
0 10
1 48
0 25
1 17
2 41
2 48
1 10
1 30
2 17
1 25
2 10
0 18
0 36
0 39
1 18
1 40
0 37
1 36
0 3
1 27
0 8
0 20
0 47
1 37
2 36
1 39
0 13
0 21
1 3
1 20
0 6
0 12
2 37
1 47
1 12
1 21
0 5
1 13
0 14
2 21
2 20
2 13
2 25
1 5
2 12
1 6
2 39
0 28
2 32
1 14
1 28
2 28
0 2
2 27
2 14
2 43
1 2
0 44
1 8
0 32
2 40
2 5
1 44
2 44
0 9
1 32
0 11
0 0
2 22
0 43
0 26
0 46
2 6
1 0
2 2
0 23
1 26
2 26
0 42
2 8
1 9
0 4
0 1
1 11
2 30
1 46
0 34
0 29
0 35
0 49
1 1
2 11
2 0
1 4
0 22
0 33
1 29
0 7
1 34
1 35
0 31
0 16
2 29
1 31
1 33
1 49
2 49
0 19
1 42
2 46
2 16
1 16
2 31
0 45
0 38
0 15
2 34
2 35
1 38
1 23
2 9
2 47
1 22
0 24
1 43
1 24
2 1
2 18
1 7
1 19
2 33
2 24
1 45
1 15
2 15
2 19
2 42
2 4
2 23
2 38
2 7
2 45

Score: 127.03000000000085