0
2
6
9
10
12
13
14
16
17
19
21
22
23
25
26
28
31
32
33
53
57
58
60
65
67
76
80
84
88
90
91
96
103
105
106
107
110
112
113
114
115
117
120
122
125
126
129
130
131
132
135
136
148
149
152
165
169
173
174
175
176
178
179
182
183
184
185
189
190
192
193
195
197
198
200
203
204
206
213
214
216
217
218
219
222
223
225
227
233
234
236
239
243
244
246
249
251
252
254
256
258
261
262
266
267
268
269
270
275
277
279
281
283
284
286
287
289
290
294
295
297
300
320
322
324
326
327
330
331
376
377
382
384
395
414
416
424
425
426
427
429
431
439
440
443
445
447
453
466
468
470
471
474
476
478
481
482
484
486
487
496
501
547
549
550
552
556
559
560
563
564
568
576
580
581
588
589
590
597
599
603
605
607
609
611
615
618
620
621
624
625
627
628
629
630
632
635
637
640
643
644
645
650
652
654
656
658
659
660
661
662
663
667
670
671
672
674
675
676
679
680
682
689
691
692
702
706
707
709
710
714
715
718
720
725
726
728
729
730
732
733
735
738
739
743
745
746
747
749
750
752
755
756
757
758
761
763
766
771
772
774
775
776
778
780
781
783
784
785
786
788
790
798
802
803
807
810
811
812
814
817
818
820
824
827
832
833
835
839
841
842
845
848
849
852
854
856
864
865
867
869
870
873
874
876
877
879
880
884
887
888
889
893
897
898
900
906
945
978
994
999
1004
1005
1006
1008
1010
1011
1013
1015
1018
1019
1023
1027
1028
1030
1035
1036
1037
1039
1042
1045
1047
1049
1050
1052
1055
1060
1063
1066
1068
1071
1074
1075
1077
1079
1080
1081
1082
1085
1086
1087
1088
1089
1094
1096
1098
1103
1106
1109
1111
1112
1114
1115
1118
1120
1122
1125
1126
1129
1131
1132
1136
1137
1138
1140
1141
1142
1143
1145
1146
1149
1153
1155
1156
1159
1161
1162
1164
1166
1167
1174
1178
1181
1184
1186
1187
1188
1190
1192
1193
1194
1197
1199
1201
1202
1205
1206
1207
1208
1209
1210
1211
1212
1214
1216
1219
1220
1221
1223
1226
1227
1231
1233
1236
1238
1240
1245
1248
1251
1254
1256
1258
1259
1260
1261
1262
1265
1268
1269
1270
1271
1272
1275
1276
1278
1280
1281
1282
1283
1284
1285
1286
1289
1295
1299
1302
1303
1305
1306
1311
1312
1314
1315
1320
1322
1326
1333
1335
1336
1340
1344
1347
1349
1354
1356
1359
1360
1361
1365
1368
1370
1374
1375
1376
1377
1379
1384
1385
1392
1393
1396
1399
1400
1405
1407
1408
1409
1414
1415
1417
1419
1424
1426
1427
1428
1429
1430
1435
1438
1441
1444
1447
1450
1451
1457
1459
1469
1471
1477
1479
1481
1482
1485
1491
1492
1494
1495
1497
1499
1501
1505
1506
1515
1517
1518
1519
1548
1550
1554
1556
1564
1573
1580
1583
1589
1591
1592
1593
1594
1619
1621
1631
1640
1646
1649
1650
1651
1654
1659
1660
1664
1666
1669
1671
1676
1678
1679
1681
1685
1692
1694
1695
1696
1698
1700
1701
1706
1707
1710
1711
1713
1718
1723
1727
1731
1732
1735
1736
1737
1740
1741
1743
1744
1745
1746
1749
1751
1752
1753
1754
1755
1757
1762
1763
1764
1765
1771
1773
1775
1785
1787
1788
1790
1792
1794
1795
1797
1803
1809
1813
1814
1815
1817
1819
1821
1824
1825
1832
1834
1838
1839
1840
1841
1843
1847
1850
1853
1854
1855
1858
1861
1862
1866
1874
1876
1880
1885
1889
1891
1894
1895
1897
1901
1904
1905
1906
1908
1909
1910
1913
1914
1917
1921
1922
1923
1925
1927
1930
1931
1933
1935
1936
1940
1943
1945
1947
1949
1950
1953
1962
1971
1978
1983
1984
1986
1987
1990
1992
1994
1995
2001
2003
2020
2022
2025
2026
2028
2030
2032
2033
2035
2036
2039
2043
2046
2047
2051
2056
2059
2061
2068
2070
2076
2080
2084
2086
2087
2089
2090
2092
2094
2095
2096
2099
2104
2105
2107
2108
2109
2111
2116
2119
2123
2125
2126
2127
2133
2134
2136
2137
2138
2143
2148
2149
2150
2152
2154
2157
2159
2163
2164
2165
2166
2167
2168
2171
2173
2176
2180
2181
2182
2183
2184
2185
2186
2189
2190
2193
2195
2199
2201
2206
2207
2209
2211
2212
2220
2222
2223
2225
2227
2228
2229
2230
2234
2236
2238
2240
2241
2244
2245
2246
2247
2248
2249
2251
2254
2255
2256
2258
2262
2263
2266
2269
2270
2275
2276
2277
2281
2282
2284
2287
2288
2289
2291
2292
2295
2297
2299
2300
2303
2306
2308
2309
2313
2320
2322
2326
2335
2343
2347
2348
2349
2360
2368
2374
2379
2392
2396
2397
2448
2463
2464
2466
2468
2470
2485
2509
2535
2536
2537
2540
2542
2564
2579
2585
2593
2596
2597
2602
2604
2611
2613
2622
2624
2627
2632
2637
2647
2648
2656
2658
2661
2666
2671
2672
2674
2677
2696
2699
2706
2709
2710
2718
2719
2721
2722
2726
2727
2732
2733
2735
2737
2739
2741
2742
2747
2748
2751
2754
2757
2759
2760
2761
2770
2771
2777
2778
2780
2781
2782
2783
2784
2788
2792
2793
2800
2801
2804
2805
2806
2808
2809
2813
2815
2817
2820
2823
2824
2846
2847
2853
2854
2857
2862
2866
2868
2871
2873
2874
2876
2879
2884
2888
2889
2891
2905
2908
2912
2913
2916
2918
2923
2925
2934
2946
2954
2955
2960
2962
2964
2965
2967
2969
2977
2980
2981
2984
2987
2994
3004
3006
3007
3011
3014
3018
3019
3020
3021
3025
3028
3030
3031
3033
3038
3040
3043
3047
3050
3053
3054
3070
3081
3085
3093
3094
3096
3099
3103
3104
3105
3107
3114
3126
3136
3137
3141
3143
3158
3173
3175
3176
3180
3183
3190
3194
3198
3203
3204
3208
3213
3216
3223
3224
3225
3228
3231
3233
3234
3240
3245
3253
3254
3257
3259
3285
3286
3290
3293
3297
3299
3300
3301
3302
3303
3306
3308
3313
3316
3317
3322
3324
3325
3327
3340
3341
3342
3345
3346
3348
3353
3354
3357
3360
3362
3363
3366
3378
3384
3388
3391
3394
3395
3399
3400
3402
3404
3406
3409
3410
3413
3415
3420
3421
3424
3425
3427
3428
3429
3435
3439
3440
3455
3458
3469
3470
3472
3476
3493
3498
3500
3501
3502
3503
3538
3545
3549
3551
3552
3553
3554
3557
3563
3567
3569
3572
3574
3575
3577
3578
3580
3583
3584
3585
3586
3587
3588
3589
3590
3592
3593
3595
3597
3598
3601
3604
3615
3618
3621
3623
3625
3627
3629
3634
3636
3640
3642
3644
3648
3650
3653
3655
3657
3658
3660
3661
3665
3668
3670
3673
3674
3677
3678
3681
3683
3689
3691
3692
3695
3698
3700
3704
3705
3709
3719
3725
3727
3729
3730
3731
3762
3775
3776
3778
3782
3784
3785
3786
3787
3788
3802
3803
3807
3813
3819
3821
3823
3825
3827
3830
3832
3837
3838
3849
3853
3855
3856
3859
3862
3866
3869
3871
3872
3875
3876
3877
3880
3882
3888
3891
3892
3894
3896
3897
3898
3900
3906
3907
3908
3910
3914
3918
3923
3924
3925
3927
3930
3932
3936
3941
3943
3948
3952
3958
3959
3961
3964
3965
3966
3978
3979
3982
3985
3987
3988
3989
3990
3991
3993
3995
3998
3999
4000
4002
4003
4006
4018
4024
4025
4027
4028
4029
4031
4032
4033
4037
4039
4040
4042
4045
4049
4050
4056
4059
4062
4065
4067
4069
4071
4072
4073
4075
4078
4079
4080
4081
4082
4084
4085
4086
4087
4089
4091
4092
4093
4096
4097
4101
4104
4110
4113
4115
4116
4117
4126
4132
4133
4135
4138
4140
4144
4147
4148
4149
4152
4155
4160
4165
4169
4174
4181
4184
4189
4192
4198
4202
4204
4206
4207
4208
4212
4213
4214
4218
4221
4226
4228
4236
4240
4242
4244
4245
4246
4249
4250
4253
4254
4258
4259
4262
4265
4266
4267
4268
4271
4273
4274
4276
4277
4279
4280
4281
4284
4287
4288
4289
4291
4294
4295
4297
4300
4302
4304
4305
4310
4313
4317
4318
4320
4321
4329
4331
4332
4333
4334
4336
4340
4341
4343
4347
4350
4353
4354
4356
4358
4359
4361
4364
4366
4369
4370
4372
4374
4376
4379
4381
4383
4384
4386
4387
4389
4390
4395
4397
4398
4401
4403
4406
4408
4412
4414
4415
4420
4424
4427
4428
4430
4431
4432
4434
4436
4437
4438
4444
4447
4449
4451
4453
4455
4457
4461
4462
4463
4495
4497
4498
4510
4511
4515
4521
4524
4525
4528
4533
4535
4536
4538
4544
4549
4554
4556
4558
4562
4564
4567
4568
4571
4576
4578
4580
4585
4587
4589
4591
4593
4596
4597
4599
4600
4603
4606
4610
4617
4619
4620
4621
4622
4623
4627
4629
4632
4633
4634
4636
4638
4639
4641
4644
4646
4648
4649
4653
4654
4656
4659
4663
4665
4666
4669
4670
4672
4676
4677
4682
4686
4687
4688
4690
4691
4693
4695
4696
4697
4698
4700
4702
4728
4733
4800
4811
4821
4823
4826
4831
4833
4836
4837
4838
4840
4844
4846
4848
4851
4858
4859
4861
4862
4863
4864
4865
4867
4870
4872
4874
4876
4877
4878
4880
4901
4911
4916
4917
4920
4922
4925
4927
4943
4946
4947
4948
4951
4952
4954
4955
4958
4959
4962
4966
4967
4969
4970
4974
4977
4978
4980
4983
5017
5018
5020
5025
5026
5028
5031
5035
5039
5046
5047
5062
5066
5080
5083
5088
5115
5236
5242
5244
5246
5249
5251
5255
5257
5258
5259
5261
5264
5265
5268
5271
5273
5274
5277
5278
5281
5297
5302
5308
5318
5320
5332
5345
5372
5375
5376
5378
5379
5387
5391
5392
5445
5446
5447
5466
5469
5473
5475
5480
5482
5487
5490
5491
5492
5495
5497
5506
5507
5510
5511
5513
5517
5524
5525
5529
5532
5534
5536
5540
5542
5543
5546
5548
5551
5559
5561
5562
5564
5566
5569
5575
5578
5580
5581
5582
5632
5648
5655
5656
5660
5662
5663
5666
5668
5669
5670
5741
5756
5759
5764
5786
5806
5814
5821
5823
5824
5830
5832
5833
5835
5836
5840
5841
5842
5844
5846
5853
5854
5855
5859
5862
5867
5869
5870
5874
5876
5878
5881
5882
5886
5890
5895
5898
5900
5901
5906
5907
5908
5910
5911
5933
5946
5947
5948
5950
5952
5953
5955
5957
5958
5989
5994
5995
5996
5999
6001
6003
6004
6010
6014
6017
6018
6051
6053
6054
6056
6058
6059
6060
6062
6064
6065
6068
6070
6072
6073
6075
6079
6081
6082
6086
6089
6094
6112
6114
6115
6121
6124
6125
6131
6135
6136
6137
6139
6144
6145
6149
6152
6153
6162
6163
6164
6166
6169
6171
6173
6175
6177
6180
6183
6184
6185
6190
6191
6192
6197
6199
6207
6208
6210
6213
6215
6217
6218
6219
6223
6227
6229
6230
6232
6233
6238
6239
6241
6243
6244
6246
6247
6248
6250
6251
6252
6254
6260
6264
6266
6269
6270
6272
6275
6276
6278
6279
6282
6285
6287
6290
6291
6294
6296
6299
6301
6303
6304
6305
6306
6308
6311
6313
6314
6315
6317
6319
6323
6324
6328
6334
6336
6339
6340
6342
6343
6345
6346
6347
6350
6351
6352
6358
6361
6363
6366
6371
6373
6376
6377
6380
6382
6407
6429
6430
6432
6434
6436
6441
6446
6456
6459
6464
6466
6525
6527
6529
6530
6533
6534
6537
6539
6540
6541
6543
6547
6549
6551
6553
6555
6556
6558
6559
6563
6568
6569
6570
6571
6573
6574
6576
6577
6578
6580
6582
6584
6585
6587
6591
6593
6595
6597
6598
6599
6602
6604
6607
6608
6614
6615
6616
6617
6620
6622
6625
6628
6633
6637
6639
6640
6647
6648
6650
6651
6653
6655
6658
6662
6666
6667
6669
6671
6672
6675
6678
6680
6682
6683
6687
6690
6697
6728
6744
6747
6748
6749
6750
6761
6784
6794
6795
6804
6809
6812
6816
6817
6818
6822
6825
6827
6828
6830
6833
6837
6838
6839
6842
6845
6846
6849
6850
6851
6853
6856
6857
6859
6863
6865
6867
6868
6869
6871
6873
6874
6877
6878
6881
6885
6887
6888
6889
6911
6913
6915
6917
6918
6920
6925
6926
6927
6929
6932
6933
6935
6997
7008
7012
7013
7014
7018
7019
7021
7030
7034
7035
7038
7039
7045
7061
7071
7073
7077
7079
7083
7085
7088
7089
7093
7095
7098
7099
7101
7105
7107
7109
7110
7111
7113
7117
7143
7144
7145
7183
7184
7186
7188
7190
7195
7197
7198
7201
7203
7205
7207
7209
7211
7215
7217
7222
7223
7225
7228
7230
7232
7234
7235
7236
7240
7242
7244
7247
7248
7250
7251
7255
7256
7259
7260
7264
7265
7269
7274
7276
7277
7281
7300
7316
7364
7395
7424
7461
7470
7471
7518
7536
7549
7608
7668
7670
7671
7684
7687
7690
7692
7694
7700
7703
7706
7708
7710
7713
7715
7718
7719
7723
7736
7745
7747
7754
7758
7760
7764
7772
7777
7787
7811
7812
7815
7819
7821
7823
7827
7828
7833
7834
7840
7848
7849
7850
7854
7855
7898
7901
7906
7911
7913
7918
7922
7923
7928
7929
7931
7936
7938
7939
7945
7947
7951
7954
7956
7958
7960
7961
7962
7969
7971
7973
7976
7985
7988
7992
7996
8012
8014
8032
8040
8047
8050
8051
8056
8057
8059
8060
8064
8066
8067
8068
8070
8072
8073
8076
8077
8078
8079
8080
8091
8092
8094
8101
8102
8106
8109
8110
8113
8118
8119
8126
8130
8131
8134
8136
8140
8145
8146
8149
8150
8151
8153
8156
8159
8161
8162
8164
8168
8169
8173
8175
8178
8181
8182
8183
8188
8189
8192
8194
8196
8198
8201
8220
8248
8292
8293
8297
8299
8301
8307
8308
8309
8312
8313
8314
8316
8317
8320
8321
8322
8325
8328
8329
8331
8333
8334
8339
8340
8343
8344
8346
8347
8348
8350
8351
8353
8355
8356
8357
8359
8361
8362
8363
8368
8371
8372
8373
8374
8377
8378
8380
8384
8389
8392
8399
8402
8403
8405
8406
8409
8412
8413
8418
8422
8424
8426
8427
8430
8431
8434
8436
8439
8442
8448
8449
8451
8457
8458
8459
8460
8462
8465
8468
8471
8473
8476
8478
8479
8486
8489
8492
8495
8501
8512
8516
8520
8521
8524
8526
8534
8539
8544
8547
8551
8553
8556
8557
8558
8562
8563
8564
8566
8567
8570
8571
8575
8579
8581
8583
8587
8594
8595
8596
8597
8600
8602
8604
8606
8609
8611
8614
8616
8617
8618
8622
8623
8625
8627
8634
8636
8642
8643
8646
8647
8648
8650
8654
8655
8657
8706
8715
8718
8729
8731
8736
8748
8764
8766
8767
8784
8790
8795
8834
8868
8870
8892
8897
8899
8900
8901
8902
8903
8905
8910
8913
8915
8922
8923
8925
8926
8928
8930
8932
8934
8938
8942
8943
8945
8946
8948
8949
8953
8955
8956
8960
8963
8966
8970
8973
8974
8975
8977
8978
8979
8981
8982
8984
8985
8987
8990
8993
8996
8998
9003
9004
9005
9007
9009
9010
9013
9015
9017
9018
9020
9021
9026
9030
9033
9034
9036
9037
9041
9042
9045
9046
9051
9052
9053
9057
9059
9061
9063
9065
9066
9067
9070
9073
9076
9080
9083
9084
9085
9086
9089
9090
9091
9094
9096
9099
9100
9104
9105
9106
9111
9112
9115
9117
9119
9120
9123
9124
9127
9128
9134
9136
9140
9142
9143
9145
9148
9149
9151
9154
9157
9160
9162
9164
9167
9168
9171
9173
9175
9176
9180
9181
9182
9183
9184
9185
9186
9189
9192
9193
9195
9196
9197
9200
9202
9203
9205
9207
9211
9213
9214
9217
9219
9221
9222
9223
9225
9226
9231
9233
9235
9236
9237
9239
9241
9242
9245
9246
9247
9249
9252
9253
9256
9257
9258
9260
9261
9264
9266
9268
9273
9275
9276
9281
9283
9284
9285
9288
9290
9293
9294
9299
9302
9303
9304
9308
9311
9318
9320
9323
9330
9333
9335
9336
9337
9338
9344
9345
9348
9351
9352
9356
9357
9360
9361
9363
9365
9369
9370
9371
9373
9374
9375
9376
9377
9378
9380
9382
9385
9386
9390
9391
9396
9397
9398
9400
9402
9404
9405
9408
9414
9415
9417
9423
9424
9426
9429
9431
9433
9437
9439
9440
9442
9446
9448
9449
9452
9458
9459
9462
9463
9464
9468
9470
9471
9473
9475
9478
9479
9480
9481
9483
9485
9490
9493
9496
9497
9498
9501
9503
9505
9507
9510
9511
9513
9514
9516
9519
9521
9523
9524
9529
9532
9534
9535
9537
9539
9541
9554
9557
9562
9566
9568
9571
9573
9574
9576
9579
9584
9588
9590
9592
9596
9599
9602
9605
9607
9608
9610
9611
9613
9615
9617
9618
9619
9622
9624
9625
9627
9630
9632
9656
9659
9660
9677
9678
9680
9682
9684
9686
9689
9691
9694
9695
9698
9700
9701
9703
9704
9706
9708
9709
9710
9712
9714
9716
9717
9719
9721
9722
9725
9726
9729
9730
9731
9734
9738
9741
9742
9744
9748
9749
9750
9790
9794
9798
9800
9802
9813
9852
9866
9873
9903
9905
9917
9944
9998
9999
10004
10005
10007
10010
10013
10016
10022
10024
10026
10028
10029
10031
10036
10040
10042
10044
10046
10051
10052
10055
10061
10062
10064
10065
10067
10068
10069
10072
10074
10076
10078
10080
10081
10083
10085
10086
10087
10089
10090
10091
10092
10094
10096
10100
10101
10103
10105
10106
10107
10109
10112
10113
10118
10120
10123
10124
10126
10127
10131
10132
10136
10137
10138
10139
10141
10144
10149
10150
10151
10154
10155
10157
10163
10164
10166
10167
10168
10177
10180
10181
10183
10185
10186
10201
10206
10209
10211
10212
10215
10218
10219
10223
10236
10237
10239
10242
10243
10246
10249
10250
10253
10256
10257
10259
10262
10263
10268
10269
10273
10274
10277
10279
10283
10285
10292
10294
10295
10303
10306
10307
10308
10311
10312
10314
10317
10319
10320
10321
10323
10324
10327
10329
10334
10335
10337
10338
10339
10343
10344
10346
10349
10350
10352
10355
10356
10357
10360
10363
10365
10368
10371
10373
10374
10379
10387
10428
10431
10434
10436
10438
10441
10442
10446
10450
10455
10456
10457
10459
10463
10465
10466
10470
10474
10475
10477
10478
10483
10485
10486
10487
10489
10492
10494
10496
10498
10499
10501
10502
10505
10510
10512
10520
10521
10523
10527
10528
10529
10531
10536
10539
10543
10546
10550
10552
10553
10555
10558
10559
10561
10564
10565
10567
10570
10571
10572
10575
10577
10579
10581
10585
10586
10588
10590
10595
10596
10598
10599
10604
10609
10611
10613
10614
10616
10618
10622
10624
10625
10627
10631
10633
10634
10637
10640
10644
10645
10649
10650
10652
10656
10657
10659
10661
10662
10664
10666
10668
10674
10675
10683
10684
10685
10686
10687
10691
10693
10696
10699
10701
10703
10704
10706
10707
10709
10710
10712
10714
10716
10718
10720
10725
10730
10734
10738
10742
10743
10747
10750
10752
10753
10755
10761
10764
10766
10767
10771
10773
10777
10778
10782
10783
10789
10793
10795
10797
10798
10800
10802
10804
10806
10808
10811
10813
10816
10822
10824
10825
10826
10828
10829
10831
10833
10835
10838
10870
10874
10876
10878
10885
10887
10888
10892
10910
10912
10915
10916
10938
10963
10974
10975
10976
10977
10980
11001
11006
11009
11016
11018
11022
11027
11029
11032
11034
11035
11039
11041
11042
11045
11047
11052
11053
11054
11076
11078
11079
11080
11081
11084
11086
11089
11092
11095
11098
11100
11101
11103
11106
11110
11119
11129
11131
11145
11146
11148
11176
11177
11178
11179
11180
11184
11188
11191
11197
11200
11202
11205
11208
11209
11210
11213
11214
11221
11224
11245
11291
11292
11294
11298
11308
11309
11310
11314
11317
11318
11319
11323
11325
11327
11329
11333
11334
11338
11361
11427
11430
11450
11451
11455
11456
11461
11463
11470
11472
11532
11552
11553
11554
11557
11560
11561
11570
11571
11573
11576
11580
11583
11587
11590
11591
11596
11600
11602
11624
11640
11677
11743
11761
11775
11792
11793
11805
11817
11818
11831
11833
11837
11843
11846
11854
11863
11866
11869
11874
11875
11885
11959
12009
12022
12024
12033
12038
12042
12045
12048
12049
12050
12052
12056
12058
12061
12066
12072
12076
12078
12079
12080
12081
12084
12086
12087
12088
12090
12092
12094
12098
12101
12104
12105
12111
12167
12184
12190
12196
12197
12199
12219
12220
12223
12229
12230
12232
12234
12235
12240
12245
12249
12253
12265
12267
12275
12278
12279
12280
12296
12302
12303
12304
12312
12313
12319
12322
12326
12327
12334
12335
12338
12344
12376
12379
12385
12389
12391
12397
12400
12401
12406
12407
12410
12411
12413
12416
12419
12425
12426
12432
12434
12435
12437
12441
12444
12448
12452
12525
12527
12541
12552
12605
12611
12613
12614
12615
12616
12618
12621
12622
12623
12624
12652
12666
12704
12724
12725
12728
12729
12730
12732
12739
12761
12769
12776
12862
12864
12865
12867
12870
12874
12878
12880
12883
12884
12886
12888
12892
12948
12953
12975
12993
12996
12998
12999
13002
13004
13007
13008
13009
13012
13013
13018
13019
13021
13042
13044
13046
13050
13053
13054
13059
13079
13097
13099
13103
13118
13123
13131
13146
13160
13161
13162
13164
13167
13179
13181
13196
13199
13203
13204
13206
13209
13212
13214
13217
13220
13223
13225
13228
13230
13233
13235
13237
13238
13266
13267
13270
13337
13341
13352
13354
13356
13371
13372
13380
13384
13391
13393
13399
13402
13407
13412
13415
13416
13417
13418
13443
13444
13459
13461
13464
13498
13499
13502
13508
13509
13512
13513
13514
13515
13521
13523
13528
13529
13530
13532
13533
13537
13538
13539
13542
13543
13548
13550
13554
13556
13562
13563
13567
13568
13569
13572
13574
13578
13583
13584
13586
13589
13591
13592
13596
13599
13600
13603
13604
13605
13606
13607
13611
13630
13708
13715
13734
13774
13814
13817
13827
13873
13876
13879
13882
13893
13903
13922
13949
13954
13959
14015
14037
14043
14045
14054
14114
14134
14158
14161
14163
14166
14169
14171
14172
14173
14175
14180
14181
14183
14185
14186
14192
14215
14262
14282
14288
14289
14291
14293
14340
14374
14380
14383
14391
14394
14398
14401
14403
14404
14405
14407
14408
14410
14414
14419
14420
14425
14428
14429
14433
14436
14438
14439
14443
14447
14450
14454
14457
14461
14462
14463
14465
14466
14467
14473
14475
14480
14481
14487
14490
14495
14496
14497
14500
14504
14508
14509
14511
14515
14516
14520
14521
14523
14524
14525
14527
14531
14532
14535
14536
14537
14541
14549
14554
14555
14563
14592
14594
14597
14598
14599
14600
14602
14603
14607
14609
14610
14611
14612
14614
14617
14621
14623
14625
14627
14628
14630
14632
14633
14634
14635
14636
14638
14639
14641
14645
14646
14648
14651
14653
14654
14656
14657
14658
14661
14662
14664
14667
14673
14677
14678
14680
14682
14684
14712
14715
14716
14719
14721
14723
14725
14727
14729
14733
14743
14744
14745
14746
14748
14749
14751
14754
14755
14759
14760
14761
14768
14770
14772
14779
14780
14784
14785
14786
14788
14790
14792
14797
14803
14810
14811
14814
14820
14821
14833
14857
14859
14861
14866
14868
14871
14872
14874
14876
14877
14880
14883
14889
14905
14907
14910
14912
14915
14918
14923
14924
14925
14927
14928
14933
14936
14937
14939
14943
14945
14946
14947
14949
14952
14953
14960
14966
14967
14972
14980
14982
14985
14986
14995
14996
14998
15000
15001
15003
15005
15010
15014
15015
15017
15018
15022
15023
15024
15027
15031
15037
15039
15041
15072
15075
15080
15099
15102
15104
15117
15126
15149
15166
15169
15170
15175
15176
15179
15181
15186
15187
15188
15194
15202
15203
15206
15209
15210
15211
15212
15214
15216
15218
15223
15225
15229
15230
15236
15237
15239
15243
15244
15246
15247
15250
15252
15253
15256
15259
15265
15266
15270
15276
15277
15281
15284
15286
15287
15295
15297
15298
15301
15304
15305
15308
15312
15316
15322
15326
15346
15347
15349
15352
15355
15358
15361
15364
15365
15366
15368
15369
15370
15432
15444
15450
15454
15455
15456
15459
15460
15462
15463
15465
15466
15469
15473
15634
15650
15652
15655
15664
15665
15669
15670
15673
15676
15678
15679
15681
15682
15689
15690
15693
15694
15696
15697
15698
15704
15707
15708
15711
15712
15715
15719
15720
15722
15726
15741
15746
15748
15751
15753
15756
15757
15913
15924
15925
15931
15932
15935
15937
15939
15940
15941
15944
15946
15948
15949
15959
15962
15963
15964
15965
15969
15970
15971
15972
15974
15976
15978
15980
15987
15989
15990
15992
15993
15996
15997
15999
16003
16006
16007
16012
16017
16019
16021
16023
16025
16027
16028
16030
16033
16034
16036
16040
16042
16046
16049
16050
16051
16053
16055
16056
16058
16064
16071
16073
16078
16079
16081
16082
16083
16088
16091
16094
16104
16105
16106
16109
16111
16113
16116
16118
16119
16121
16122
16159
16161
16226
16234
16237
16240
16313
16323
16342
16345
16346
16355
16362
16368
16372
16375
16381
16385
16386
16389
16409
16424
16425
16428
16455
16462
16495
16497
16501
16502
16505
16506
16507
16510
16513
16516
16519
16522
16524
16525
16527
16530
16532
16534
16536
16539
16542
16545
16547
16550
16551
16552
16553
16557
16562
16563
16564
16566
16568
16569
16572
16573
16575
16577
16581
16585
16586
16589
16591
16596
16597
16598
16600
16601
16602
16605
16606
16607
16609
16610
16614
16616
16618
16620
16623
16624
16626
16627
16630
16631
16636
16637
16642
16647
16650
16652
16654
16657
16658
16659
16663
16666
16668
16669
16672
16675
16691
16779
16810
16818
16858
16860
16889
16920
16938
17015
17028
17052
17053
17055
17057
17059
17062
17067
17068
17070
17071
17073
17075
17116
17136
17149
17155
17156
17160
17167
17173
17174
17175
17179
17183
17184
17191
17193
17195
17197
17198
17200
17204
17207
17208
17209
17211
17212
17215
17218
17220
17222
17224
17226
17229
17231
17232
17233
17234
17236
17239
17240
17250
17252
17258
17259
17260
17261
17264
17266
17267
17333
17387
17417
17418
17420
17466
17480
17486
17512
17514
17515
17519
17521
17523
17526
17527
17529
17534
17535
17538
17540
17543
17545
17546
17548
17551
17553
17554
17563
17567
17568
17578
17614
17617
17644
17649
17651
17653
17654
17655
17656
17658
17664
17665
17667
17684
17689
17721
17723
17725
17730
17731
17732
17736
17739
17747
17750
17753
17757
17760
17761
17763
17765
17767
17769
17770
17771
17774
17775
17776
17778
17781
17787
17788
17789
17792
17802
17808
17842
17845
17848
17854
17857
17858
17870
17880
17949
17953
17961
17964
17967
17976
17979
17983
17986
18017
18020
18021
18023
18026
18027
18055
18057
18067
18070
18071
18075
18076
18077
18085
18087
18088
18089
18091
18094
18095
18096
18123
18124
18128
18130
18132
18136
18138
18141
18143
18144
18146
18148
18150
18151
18154
18156
18157
18159
18162
18164
18166
18168
18169
18174
18175
18178
18183
18185
18186
18187
18188
18189
18191
18195
18197
18201
18202
18204
18206
18207
18208
18211
18212
18215
18217
18219
18220
18224
18226
18227
18229
18230
18232
18234
18237
18238
18239
18240
18242
18245
18247
18251
18253
18254
18258
18263
18265
18266
18271
18274
18275
18276
18290
18300
18314
18343
18421
18437
18457
18459
18465
18475
18501
18510
18523
18536
18553
18557
18558
18560
18561
18562
18566
18570
18572
18573
18574
18576
18577
18579
18584
18586
18588
18589
18592
18593
18595
18597
18598
18604
18607
18608
18613
18615
18617
18619
18620
18621
18624
18626
18628
18629
18631
18632
18637
18638
18639
18641
18644
18646
18649
18650
18652
18657
18660
18661
18663
18667
18668
18671
18672
18675
18789
18926
18931
18934
18936
18940
18943
18945
18947
18948
18949
18952
18960
18963
18965
18969
18970
18971
18973
18975
18981
18982
18983
18985
18986
18988
18990
18992
18993
18995
18997
19001
19003
19004
19008
19009
19013
19014
19016
19045
19046
19048
19111
19169
19171
19178
19204
19223
19226
19227
19229
19231
19234
19235
19236
19238
19242
19244
19245
19246
19248
19250
19251
19252
19253
19257
19259
19262
19266
19267
19270
19273
19277
19280
19282
19284
19286
19291
19292
19294
19296
19298
19302
19308
19309
19310
19311
19314
19315
19317
19320
19367
19372
19396
19427
19458
19517
19518
19581
19584
19587
19605
19609
19611
19613
19713
19714
19719
19722
19724
19725
19726
19729
19730
19735
19736
19737
19739
19742
19743
19745
19746
19748
19749
19751
19752
19753
19755
19757
19758
19760
19763
19764
19765
19768
19770
19774
19777
19778
19779
19782
19783
19787
19788
19792
19812
19814
19815
19987
19990
19992
19995
20002
20034
20041
20046
20097
20098
20100
20102
20103
20106
20107
20108
20113
20114
20134
20138
20141
20142
20163
20165
20168
20192
20204
20215
20216
20220
20227
20229
20231
20232
20233
20237
20238
20239
20242
20244
20255
20277
20310
20337
20344
20394
20396
20401
20409
20410
20412
20414
20415
20418
20420
20423
20424
20429
20433
20434
20437
20438
20449
20482
20519
20524
20536
20555
20556
20564
20566
20572
20577
20582
20583
20587
20588
20589
20591
20593
20594
20597
20598
20599
20601
20603
20605
20607
20608
20613
20618
20620
20621
20624
20638
20639
20643
20645
20650
20669
20671
20672
20678
20692
20714
20720
20726
20727
20730
20740
20745
20748
20773
20777
20779
20782
20789
20793
20806
20862
20902
20913
20919
20922
20927
20929
20930
20931
20935
20937
20938
20942
20945
20946
20949
20951
20952
20957
20964
20965
20967
20982
20983
20986
20990
20994
20996
20998
21000
21002
21008
21012
21017
21039
21040
21056
21061
21062
21065
21070
21073
21090
21119
21135
21219
21223
21225
21226
21229
21230
21270
21286
21330
21384
21410
21412
21418
21423
21424
21429
21430
21433
21435
21438
21442
21452
21453
21455
21457
21458
21464
21467
21558
21566
21614
21615
21618
21621
21625
21627
21629
21631
21635
21637
21638
21641
21643
21645
21648
21650
21652
21653
21656
21657
21659
21661
21662
21666
21669
21670
21673
21675
21677
21680
21682
21685
21689
21697
21702
21709
21710
21716
21722
21723
21727
21732
21733
21736
21738
21740
21742
21756
21803
21804
21807
21808
21809
21822
21868
21869
21870
21871
21878
21879
21880
21882
21884
21889
21890
21893
21894
21895
21901
21903
21905
21906
21908
21910
21911
21912
21913
21914
21915
21916
21917
21919
21921
21922
21923
21925
21926
21930
21932
21935
21936
21937
21939
21943
21944
21947
21948
21950
21951
21954
21955
21956
21959
21962
21966
21968
21971
21972
21973
21976
21978
21979
21982
21983
21986
22019
22049
22058
22061
22137
22168
22182
22186
22187
22192
22194
22196
22197
22201
22203
22204
22206
22208
22209
22212
22213
22218
22222
22224
22226
22229
22231
22248
22304
22329
22331
22333
22336
22338
22339
22346
22348
22351
22352
22358
22361
22366
22367
22370
22379
22387
22389
22393
22400
22414
22489
22508
22521
22526
22538
22555
22559
22561
22575
22603
22609
22621
22639
22644
22645
22649
22659
22660
22662
22663
22665
22736
22807
22816
22827
22897
22901
22905
22940
22942
22991
22992
22994
22995
23009
23076
23080
23081
23082
23085
23088
23091
23092
23095
23097
23099
23101
23104
23105
23106
23109
23110
23113
23114
23117
23119
23121
23123
23124
23125
23126
23127
23128
23134
23135
23137
23138
23143
23144
23145
23149
23150
23152
23154
23156
23158
23160
23161
23162
23166
23167
23169
23171
23173
23174
23178
23181
23183
23184
23189
23190
23191
23195
23197
23198
23202
23204
23207
23210
23211
23213
23217
23222
23223
23225
23226
23228
23234
23241
23242
23244
23246
23248
23251
23254
23255
23260
23262
23263
23264
23269
23270
23272
23274
23277
23279
23281
23284
23287
23288
23291
23295
23297
23301
23303
23305
23309
23319
23327
23328
23329
23331
23332
23333
23334
23335
23337
23342
23345
23346
23348
23349
23350
23354
23357
23359
23360
23362
23366
23367
23372
23373
23375
23376
23379
23381
23383
23384
23386
23387
23389
23391
23393
23394
23397
23399
23401
23403
23406
23407
23408
23409
23410
23411
23415
23419
23420
23421
23423
23426
23427
23430
23431
23435
23436
23439
23443
23445
23446
23448
23451
23452
23455
23458
23461
23468
23469
23482
23551
23553
23556
23557
23559
23563
23564
23565
23568
23571
23574
23708
23741
23774
23776
23781
23783
23784
23786
23788
23791
23794
23800
23801
23803
23807
23810
23813
23814
23815
23818
23821
23822
23823
23824
23829
23831
23833
23844
23873
23875
23876
23878
23880
23884
23888
23889
23891
23893
23896
23897
23899
23900
23905
23910
23912
23914
23927
23931
23932
23944
23945
23947
23949
23977
24043
24047
24048
24050
24061
24067
24071
24072
24075
24078
24082
24084
24091
24096
24128
24176
24178
24182
24184
24188
24192
24195
24197
24198
24201
24206
24209
24210
24213
24214
24216
24222
24224
24227
24236
24238
24240
24241
24245
24246
24253
24254
24256
24258
24262
24267
24274
24276
24277
24283
24285
24286
24288
24290
24292
24296
24302
24315
24316
24320
24321
24324
24326
24331
24332
24334
24337
24347
24351
24353
24355
24356
24357
24359
24363
24364
24366
24368
24370
24378
24385
24387
24391
24392
24394
24396
24398
24402
24406
24410
24412
24414
24420
24426
24430
24432
24434
24439
24440
24442
24445
24452
24454
24459
24462
24464
24465
24468
24470
24473
24474
24477
24484
24502
24505
24506
24511
24513
24515
24516
24517
24519
24521
24523
24526
24530
24532
24533
24536
24538
24540
24547
24548
24549
24551
24554
24558
24561
24562
24566
24569
24570
24572
24576
24577
24579
24582
24584
24586
24587
24588
24590
24592
24596
24597
24601
24605
24607
24609
24612
24615
24616
24619
24621
24668
24669
24671
24703
24704
24708
24712
24714
24715
24755
24756
24794
24848
24892
24929
25007
25011
25015
25018
25021
25022
25065
25067
25069
25070
25073
25077
25091
25097
25099
25105
25109
25110
25144
25146
25150
25154
25156
25157
25159
25162
25164
25171
25173
25174
25253
25255
25257
25258
25368
25372
25374
25377
25383
25384
25386
25387
25392
25393
25417
25418
25419
25424
25426
25427
25428
25432
25435
25447
25449
25450
25461
25469
25471
25473
25477
25479
25482
25486
25489
25492
25494
25497
25498
25501
25508
25510
25512
25514
25515
25518
25554
25587
25628
25711
25799
25800
25802
25804
25806
25809
25810
25812
25814
25817
25818
25819
25822
25824
25825
25829
25831
25832
25834
25835
25838
25840
25843
25844
25846
25848
25850
25851
25882
25887
25890
25898
25903
25905
25910
25916
25920
25925
25930
25959
25962
25963
25964
25966
25968
25969
25971
25973
25974
25982
25987
25989
25991
25992
25993
26005
26025
26118
26161
26185
26244
26246
26256
26302
26309
26311
26313
26327
26331
26332
26333
26335
26337
26367
26427
26428
26432
26434
26436
26437
26438
26439
26441
26447
26448
26451
26452
26456
26458
26463
26464
26469
26470
26471
26476
26480
26482
26484
26488
26490
26493
26495
26499
26510
26514
26519
26526
26528
26530
26532
26536
26539
26541
26548
26551
26552
26556
26560
26563
26565
26568
26580
26581
26590
26599
26626
26638
26680
26703
26707
26710
26712
26715
26738
26739
26740
26744
26748
26749
26754
26755
26757
26758
26766
26780
26784
26785
26788
26790
26793
26797
26799
26801
26802
26808
26810
26811
26814
26815
26820
26828
26831
26832
26837
26838
26841
26842
26843
26845
26847
26848
26850
26858
26863
26864
26883
26892
26896
26915
26944
26945
26947
26949
26952
26954
26955
26958
26961
27131
27181
27194
27205
27230
27233
27292
27315
27317
27318
27395
27396
27399
27401
27403
27414
27416
27418
27419
27423
27425
27427
27430
27435
27540
27570
27654
27658
27687
27689
27690
27693
27695
27702
27703
27713
27714
27718
27720
27784
27806
27829
27839
27851
27883
27885
27907
27913
27917
27940
27942
27950
27973
27975
27977
27978
27981
27984
27991
27992
27996
28005
28009
28012
28017
28018
28024
28042
28048
28053
28059
28060
28062
28067
28071
28073
28078
28082
28084
28085
28086
28099
28100
28105
28113
28125
28199
28200
28203
28208
28210
28211
28288
28293
28302
28323
28325
28330
28335
28343
28345
28364
28366
28367
28370
28371
28376
28385
28393
28397
28407
28422
28427
28468
28469
28470
28473
28476
28478
28479
28482
28487
28489
28490
28492
28494
28555
28576
28592
28608
28617
28723
28778
28826
28846
28847
28849
28850
28852
28853
28854
28858
28862
28863
28865
28867
28868
28871
28874
28875
28876
28880
28882
28884
28887
28891
28892
28893
28896
28897
29109
29111
29117
29120
29122
29124
29127
29129
29132
29133
29134
29135
29137
29140
29141
29145
29148
29150
29152
29155
29157
29159
29160
29164
29167
29171
29172
29175
29178
29183
29186
29188
29191
29193
29197
29198
29202
29203
29207
29257
29302
29327
29329
29331
29332
29337
29339
29342
29347
29349
29350
29351
29353
29355
29357
29358
29360
29362
29363
29365
29367
29368
29370
29371
29374
29375
29376
29378
29409
29412
29413
29415
29445
29480
29508
29523
29524
29533
29549
29552
29556
29560
29561
29562
29566
29569
29570
29573
29577
29578
29579
29582
29583
29586
29588
29590
29592
29595
29598
29601
29602
29604
29638
29645
29670
29688
29691
29694
29696
29698
29699
29700
29702
29704
29705
29708
29710
29713
29717
29720
29722
29726
29728
29730
29733
29735
29738
29739
29740
29741
29743
29746
29750
29751
29752
29753
29754
29757
29761
29762
29765
29767
29768
29769
29771
29772
29849
29852
29853
29856
29858
29870
29888
29941
29952
29953
29956
29959
29961
30005
30018
30019
30106
30136
30138
30141
30142
30143
30147
30149
30153
30155
30157
30159
30162
30164
30165
30167
30169
30173
30179
30180
30182
30184
30186
30189
30191
30193
30196
30198
30261
30263
30285
30313
30319
30322
30324
30325
30326
30329
30331
30336
30343
30357
30387
30396
30410
30416
30465
30468
30472
30479
30566
30567
30568
30578
30582
30584
30586
30605
30610
30614
30620
30625
30626
30628
30629
30631
30632
30635
30636
30639
30640
30641
30644
30645
30648
30650
30652
30655
30658
30667
30675
30677
30682
30684
30687
30690
30691
30692
30696
30700
30702
30704
30708
30712
30715
30716
30726
30729
30734
30753
30757
30783
30804
30807
30812
30813
30882
30883
30885
30887
30888
30889
30890
30892
30893
30896
30899
30902
31089
31135
31193
31196
31197
31199
31201
31204
31206
31208
31211
31212
31214
31217
31218
31222
31223
31229
31234
31237
31239
31245
31246
31247
31252
31255
31285
31397
31404
31405
31425
31426
31427
31432
31442
31445
31446
31447
31452
31460
31478
31484
31485
31487
31489
31492
31497
31502
31504
31505
31508
31521
31526
31527
31528
31530
31533
31539
31541
31551
31556
31558
31561
31566
31567
31580
31615
31619
31626
31632
31648
31652
31657
31659
31662
31664
31675
31690
31694
31695
31696
31698
31701
31707
31710
31715
31724
31762
31763
31767
31769
31775
31776
31777
31779
31781
31782
31784
31785
31811
31813
31883
31924
31926
31928
31929
31931
31932
32006
32010
32011
32015
32039
32040
32042
32043
32046
32116
32118
32120
32121
32122
32125
32129
32131
32132
32134
32135
32136
32140
32142
32144
32148
32150
32151
32153
32154
32157
32159
32160
32163
32164
32166
32170
32171
32172
32174
32175
32176
32177
32191
32206
32210
32213
32215
32219
32221
32224
32225
32228
32230
32232
32233
32238
32239
32244
32246
32248
32251
32252
32254
32258
32261
32268
32271
32273
32275
32293
32296
32301
32328
32329
32330
32356
32357
32363
32366
32369
32374
32375
32378
32387
32389
32391
32393
32395
32396
32441
32442
32455
32461
32462
32476
32480
32483
32484
32491
32493
32495
32499
32504
32523
32561
32598
32660
32664
32666
32692
32694
32696
32702
32704
32710
32745
32770
32773
32775
32777
32788
32808
32809
32810
32813
32815
32817
32819
32821
32823
32827
32828
32830
32832
32835
32838
32840
32842
32846
32847
32848
32850
32852
32853
32854
32855
32856
32858
32860
32862
32863
32865
32867
32869
32870
32872
32874
32877
32879
32881
32883
32888
32890
32892
32893
32894
32896
32898
32900
32903
32905
32907
32908
32914
32915
32916
32917
32919
32935
32942
32945
32956
32960
32974
32975
32979
32982
32985
32987
32995
32998
32999
33003
33005
33007
33009
33011
33012
33015
33017
33020
33021
33024
33025
33027
33028
33029
33031
33032
33033
33037
33041
33042
33044
33046
33047
33049
33051
33053
33057
33059
33061
33062
33064
33066
33067
33068
33069
33071
33073
33076
33079
33080
33084
33086
33088
33090
33092
33095
33096
33103
33136
33252
33378
33415
33517
33659
33703
33708
33792
33793
33804
33861
33880
33932
33936
33939
33940
33941
33946
33948
33949
33950
33953
33955
33958
33959
33960
33962
33965
33967
33968
33973
33975
33978
33979
33981
33982
33984
33985
33988
33989
33991
33992
33995
33998
34001
34005
34008
34015
34017
34021
34022
34025
34026
34029
34031
34034
34037
34039
34041
34043
34048
34049
34052
34054
34056
34059
34060
34061
34062
34065
34067
34068
34071
34073
34075
34077
34079
34081
34090
34091
34092
34095
34096
34099
34104
34105
34109
34110
34112
34114
34116
34118
34121
34129
34130
34132
34134
34135
34137
34139
34143
34145
34146
34147
34150
34151
34154
34157
34159
34160
34161
34168
34169
34172
34173
34175
34177
34178
34181
34183
34187
34191
34194
34196
34199
34200
34201
34206
34207
34210
34212
34218
34220
34221
34224
34226
34228
34237
34239
34241
34243
34244
34246
34250
34252
34255
34256
34257
34259
34262
34263
34264
34267
34269
34272
34273
34276
34277
34278
34281
34282
34285
34287
34288
34290
34291
34292
34294
34298
34300
34301
34303
34305
34307
34309
34311
34313
34316
34317
34322
34327
34329
34331
34333
34335
34337
34339
34340
34342
34345
34348
34350
34355
34356
34358
34359
34361
34362
34363
34366
34368
34369
34371
34373
34375
34376
34378
34381
34382
34385
34386
34387
34388
34396
34400
34401
34403
34404
34406
34409
34410
34411
34414
34415
34418
34419
34422
34423
34427
34430
34432
34458
34464
34467
34574
34575
34578
34581
34583
34584
34586
34587
34590
34593
34595
34597
34598
34659
34721
34755
34781
34832
34836
34848
34852
34853
34854
34856
34858
34860
34863
34865
34868
34871
34874
34889
34898
34905
34912
34917
34919
34920
34921
34922
34924
34926
34927
34929
34930
34937
34944
34945
34975
34988
34990
34992
35065
35072
35074
35077
35080
35082
35086
35088
35090
35122
35129
35131
35137
35138
35140
35145
35148
35150
35151
35152
35154
35157
35159
35164
35165
35169
35170
35173
35177
35179
35182
35185
35188
35192
35195
35196
35197
35200
35202
35204
35206
35208
35210
35211
35214
35215
35217
35218
35219
35222
35227
35228
35229
35326
35342
35351
35352
35355
35358
35457
35459
35559
35581
35726
35731
35732
35736
35737
35740
35742
35744
35745
35746
35748
35750
35752
35753
35768
35774
35777
35779
35781
35782
35784
35786
35788
35789
35792
35795
35797
35798
35799
35801
35802
35804
35808
35810
35813
35814
35816
35819
35822
35825
35827
35831
35834
35835
35837
35839
35840
35842
35868
35882
35904
35905
35907
35910
35915
35916
35918
35920
35922
35924
35926
35929
36019
36035
36128
36133
36137
36138
36142
36144
36146
36147
36149
36151
36244
36282
36283
36286
36292
36294
36299
36300
36302
36304
36306
36310
36314
36317
36423
36425
36427
36431
36433
36436
36438
36533
36540
36560
36570
36627
36630
36633
36700
36706
36712
36728
36806
36812
36923
36924
36925
36927
36928
36946
37075
37077
37078
37098
37100
37104
37105
37106
37107
37121
37338
37349
37350
37355
37373
37374
37376
37378
37430
37432
37434
37435
37436
37438
37441
37442
37446
37452
37453
37455
37456
37460
37462
37478
37480
37483
37487
37488
37492
37672
37715
37725
37726
37731
37754
37849
38209
38236
38237
38238
38242
38335
38378
38388
38403
38405
38406
38407
38409
38412
38414
38415
38418
38421
38423
38424
38428
38429
38433
38449
38488
38500
38528
38531
38532
38534
38536
38546
38581
38609
38707
38721
38723
38724
38726
38731
38732
38734
38736
38738
38741
38743
38747
38748
38839
38955
38965
39014
39021
39064
39068
39075
39094
39141
39142
39144
39149
39150
39153
39158
39164
39171
39187
39207
39208
39238
39248
39263
39312
39313
39315
39317
39321
39322
39324
39342
39351
39353
39354
39376
39377
39393
39396
39401
39406
39417
39430
39435
39436
39437
39448
39458
39461
39496
39499
39502
39503
39504
39507
39509
39512
39516
39517
39519
39528
39547
39657
39659
39660
39662
39663
39665
39666
39670
39707
39723
39732
39738
39743
39752
39758
39781
39783
39787
39800
39802
39804
39857
39869
39886
39887
39893
39898
39914
39921
39931
39933
39938
39940
39951
39956
39959
39966
39974
39979
39985
39987
39988
39992
39996
40004
40057
40060
40062
40072
40077
40087
40089
40092
40121
40256
40258
40269
40389
40419
40437
40456
40458
40460
40465
40468
40473
40475
40541
40542
40543
40545
40669
40730
40738
40746
40772
40909
40910
40912
40914
40915
40917
40918
40922
40924
40927
41029
41043
41045
41046
41075
41126
41283
41416
41461
41483
41490
41492
41495
41496
41498
41506
41507
41511
41541
41545
41760
41762
41764
41767
41769
41771
41775
41777
41853
41912
41917
41918
41933
41934
41936
41939
41953
41955
41960
41962
41964
41968
41972
41975
41979
41981
41982
41985
41988
41992
41995
41996
41999
42001
42003
42005
42017
42022
42030
42031
42033
42034
42036
42039
42040
42043
42047
42048
42050
42053
42056
42061
42063
42188
42189
42192
42196
42197
42200
42201
42203
42204
42205
42209
42213
42215
42216
42218
42219
42220
42222
42224
42227
42228
42229
42231
42232
42233
42234
42238
42240
42242
42243
42340
42397
42399
42402
42405
42407
42408
42411
42412
42415
42418
42419
42425
42429
42433
42435
42486
42544
42564
42651
42790
43028
43055
43142
43143
43146
43151
43155
43156
43157
43163
43181
43335
43343
43346
43408
43625
43652
43848
43859
43930
44026
44031
44034
44037
44040
44049
44055
44121
44126
44337
44395
44421
44422
44424
44425
44427
44457
44458
44461
44463
44466
44469
44472
44477
44479
44480
44508
44597
44598
44609
44611
44636
44637
44646
44649
44657
44660
44666
44754
44763
44837
44868
44870
44873
44877
44884
44887
44888
44890
44892
44893
44900
44909
44910
44924
44928
44947
44953
44954
44958
44962
44965
44967
44968
44994
45000
45004
45009
45015
45021
45024
45029
45050
45081
45084
45086
45087
45160
45322
45430
45437
45439
45441
45447
45453
45459
45464
45467
45469
45470
45472
45474
45475
45476
45477
45479
45481
45482
45484
45488
45491
45501
45502
45504
45509
45513
45520
45528
45531
45548
45621
45624
45626
45700
45730
45825
45879
45934
45936
45942
45945
45951
45954
45958
45997
46434
46435
46438
46440
46442
46444
46445
46446
46645
46804
46849
46857
46858
46860
46862
46864
46866
46899
46903
46924
47064
47067
47094
47156
47262
47303
47331
47333
47335
47341
47344
47347
47362
47371
47375
47379
47380
47389
47404
47408
47436
47439
47443
47517
47555
47556
47560
47568
47571
47572
47573
47574
47576
47673
47806
47895
47971
47974
48002
48138
48139
48152
48156
48157
48159
48160
48344
48382
48386
48389
48404
48410
48411
48432
48444
48447
48450
48451
48454
48460
48467
48469
48472
48473
48476
48477
48482
48484
48485
48487
48488
48489
48493
48494
48499
48500
48502
48504
48506
48522
48523
48527
48528
48529
48532
48543
48576
48578
48580
48581
48583
48591
48593
48595
48597
48601
48603
48604
48607
48609
48610
48613
48617
48619
48620
48667
48671
48672
48673
48676
48677
48679
48681
48684
48699
48724
48729
48818
48825
48877
49052
49063
49066
49072
49074
49078
49266
49564
49610
49706
49709
49710
49775
49777
49784
49786
49787
49915
49921
49951
49959
49966
49968
49970
49974
49979
49994
49995
50000
50007
50009
50026
50028
50029
50032
50034
50272
50277
50309
50323
50326
50378
50383
50385
50387
50401
50404
50406
50407
50410
50413
50416
50418
50636
50639
50641
50642
50644
50646
50650
50653
50655
50656
50659
50662
50663
50665
50666
50668
50669
50671
50672
50674
50676
50677
50678
50680
50681
50682
50684
50699
50700
50701
50703
50706
50710
50715
50717
50725
50727
50728
50730
50732
50733
50738
50740
50743
50746
50749
50752
50754
50757
50761
50763
50770
50772
50775
50806
50808
50811
50971
50978
50982
50985
50988
50991
50992
50993
50995
50997
50998
51000
51002
51007
51008
51048
51112
51114
51117
51119
51120
51122
51128
51131
51134
51212
51218
51286
51290
51409
51504
52164
52167
52169
52170
52200
52267
52359
52360
52364
52380
52469
52480
52486
52489
52506
52507
52510
52527
52531
52537
52542
52548
52551
52559
52602
52605
52607
52609
52647
52649
52651
52654
52656
52659
52769
52836
52904
53275
53276
53901
53906
54234
54235
54248
54252
54276
54378
54466
54502
54719
54722
54728
54730
54733
54738
54739
54741
54743
54746
54747
54748
54749
54753
54754
54757
54758
54763
54773
54775
54777
54780
54781
54782
54784
54787
54788
54789
54792
54795
54799
54802
54804
54805
54806
54812
54813
54863
54864
54866
54867
54869
54873
54875
54876
54879
54882
54883
55068
55071
55073
55075
55077
55115
55224
55579
55648
55655
55744
55813
55816
55817
55818
55825
55830
55831
55832
55834
55842
55849
55864
55865
55867
55873
55875
55889
55924
55926
55931
55935
55940
55941
55943
55947
55950
55952
55975
55977
55980
55982
55984
55990
55997
56058
56061
56062
56064
56067
56069
56071
56073
56078
56080
56085
56088
56091
56092
56095
56096
56097
56099
56101
56102
56108
56110
56111
56112
56115
56117
56118
56120
56121
56123
56126
56129
56130
56132
56134
56138
56142
56143
56145
56147
56149
56151
56154
56156
56158
56160
56161
56167
56168
56174
56176
56262
56309
56346
56354
56355
56358
56361
56364
56367
56368
56370
56371
56373
56374
56378
56382
56385
56387
56390
56392
56395
56397
56398
56399
56400
56401
56608
56629
56801
56833
57537
57612
57697
57934
58009
58192
58195
58197
58199
58201
58339
58524
58564
58569
58792
58794
58975
58977
58978
58979
58981
58984
58986
58989
59333
59570
59637
59801
59819
59827
60066
60070
60089
60214
60228
60326
60541
60547
60566
60588
60590
60594
60841
60842
60883
61031
61034
61035
61036
61038
61040
61041
61042
61043
61045
61435
61676
61681
61692
61694
61864
61896
61903
61905
61908
61910
61911
61914
61915
61981
62040
62046
62049
62050
62073
62150
62154
62158
62161
62202
62209
62212
62217
62223
62224
62229
62240
62243
62246
62248
62264
62266
62267
62289
62291
62292
62464
62490
62492
62493
62495
62501
62505
62507
62560
62657
62660
62663
62780
63011
63018
63026
63029
63033
63035
63037
63041
63046
63049
63057
63060
63062
63064
63066
63071
63073
63090
63097
63100
63101
63104
63105
63114
63116
63150
63151
63161
63164
63165
63166
63168
63169
63172
63173
63175
63177
63181
63185
63190
63194
63198
63204
63215
63292
63311
63355
63357
63358
63360
63368
63369
63380
63382
63383
63394
63397
63400
63403
63406
63407
63410
63411
63412
63413
63414
63419
63426
63440
63442
63444
63454
63513
63516
63518
63521
63522
63531
63534
63560
63561
63563
63565
63567
63569
63577
63580
63582
63583
63585
63586
63589
63890
64383
64431
64469
64472
64478
64481
64483
64486
64489
64491
64493
64589
64771
64791
64865
64898
64910
64936
64949
64959
64970
64973
65019
65022
65023
65027
65054
65056
65153
65189
65190
65217
65218
65236
65238
65239
65245
65249
65286
65288
65289
65293
65295
65301
65418
65570
65582
65741
65857
65880
66071
66073
66074
66162
66172
66182
66195
66197
66253
66255
66256
66263
66266
66269
66274
66295
66298
66300
66301
66304
66307
66314
66317
66319
66351
66352
66354
66357
66359
66360
66363
66364
66367
66437
66639
66973
67273
67365
67401
67475
67491
67493
67494
67495
67497
67500
67501
67504
67506
67794
67932
68207
68208
68226
68227
68231
68234
68235
68237
68240
68241
68243
68255
68256
68259
68261
68267
68279
68305
68314
68316
68322
68323
68324
68327
68331
68333
68335
68338
68340
68341
68344
68347
68381
68382
68389
68495
68496
68497
68499
68503
68504
68509
68512
68516
68517
68522
68524
68527
68528
68530
68549
68708
68782
68976
68993
69200
69202
69205
69209
69211
69222
69225
69226
69237
69239
69257
69258
69259
69263
69264
69266
69268
69270
69271
69274
69277
69278
69279
69280
69288
69291
69294
69295
69298
69300
69301
69305
69307
69311
69316
69322
69323
69326
69328
69335
69337
69340
69343
70053
70102
70111
70115
70118
70120
70125
70143
70156
70276
70304
70349
70353
70357
70361
70366
70378
70394
70397
70398
70439
70483
70510
70513
70514
70516
70519
70535
70608
70653
70656
70661
70663
70666
70669
70671
70672
70673
70675
70768
70770
70997
71055
71147
71150
71152
71238
71304
71305
71307
71311
71313
71314
71316
71443
71493
71496
71499
71501
71504
71507
71510
71515
71518
71528
71531
71533
71534
71535
71546
71549
71550
71554
71555
71560
71562
71568
71570
71572
71575
72126
72132
72178
72210
72226
72228
72247
72299
72365
72497
72518
72779
73004
73093
73208
73437
73439
73444
73447
73449
73450
73484
73495
73499
73602
73760
73872
73923
73926
73933
73943
73980
73989
73990
73993
73994
74002
74006
74045
74046
74169
74293
74687
74785
74788
74791
74812
74905
74907
74910
74914
74918
74921
74922
74924
74928
74931
74933
74934
74935
74936
75112
75115
75122
75209
75225
75590
75591
75594
75609
75677
75731
75844
75848
75928
75930
75944
75945
76010
76039
76042
76175
76189
76192
76200
76317
