0 27
0 46
0 22
1 46
0 23
1 23
0 35
0 9
2 46
1 27
1 35
0 49
0 24
2 23
0 2
0 43
2 35
1 49
0 20
1 2
1 9
1 22
2 22
1 24
0 33
0 5
0 29
2 9
0 41
1 43
1 33
2 33
0 42
1 29
2 8
0 3
2 2
2 49
1 20
1 41
0 16
1 16
0 40
0 17
0 48
2 16
1 3
1 42
0 25
1 48
0 28
2 3
1 40
1 5
1 17
0 1
0 39
2 43
2 5
1 28
1 1
1 25
2 1
2 40
0 8
0 21
2 21
2 20
0 11
0 0
2 24
2 37
1 0
0 6
0 45
1 8
1 21
0 4
0 14
0 32
2 17
0 31
1 45
0 10
1 11
2 0
0 15
0 36
1 32
2 11
0 18
0 44
2 41
2 48
1 39
1 6
1 10
0 37
2 10
1 14
0 19
2 32
2 45
0 30
1 36
2 25
1 18
1 44
0 38
2 44
2 27
2 29
2 36
0 12
1 19
2 14
2 42
0 13
2 39
1 30
2 30
1 37
1 15
2 18
1 38
2 38
1 13
1 4
2 13
2 6
1 12
0 26
0 47
0 7
1 7
2 19
0 34
2 15
1 31
1 26
1 34
2 28
1 47
2 47
2 34
2 26
2 4
2 12
2 31
2 7

Score: 121.08000000000052