0
0
1
6
8
14
15
17
18
19
20
22
23
28
32
34
35
37
38
40
41
44
46
50
52
54
58
60
62
64
67
69
73
75
76
79
80
81
83
86
92
93
96
100
104
106
109
110
111
113
117
118
119
121
125
129
134
135
136
138
139
141
143
149
152
155
157
160
162
163
164
166
167
176
178
180
181
187
188
191
192
194
196
197
199
201
203
205
209
211
212
215
216
218
220
222
223
226
227
230
231
233
235
237
238
241
244
245
247
250
252
254
257
260
261
263
265
267
270
271
273
274
276
278
279
280
286
288
289
290
292
293
295
296
297
299
300
304
305
307
308
309
310
313
314
316
318
321
323
324
327
329
331
335
337
339
340
341
343
344
345
346
349
352
354
356
357
358
360
361
363
365
366
368
369
371
374
382
387
388
389
390
392
393
394
397
400
401
403
405
408
410
411
412
413
416
419
421
427
428
429
430
432
435
436
437
440
441
448
450
452
456
457
459
460
461
465
467
470
472
476
480
483
486
487
489
491
492
497
499
502
505
506
509
512
514
517
522
523
525
527
530
532
535
537
540
541
542
543
545
547
548
549
551
553
554
557
561
562
564
566
567
569
571
572
574
576
577
584
593
600
605
606
608
609
613
616
618
619
620
622
624
625
627
629
634
636
637
639
641
646
649
669
674
694
700
701
713
718
720
722
724
728
729
730
731
734
736
740
741
742
744
748
750
751
752
756
757
758
761
763
765
767
768
770
774
780
782
783
784
786
790
796
799
800
802
804
805
808
809
812
813
815
849
850
855
858
859
860
865
866
881
882
884
885
887
889
890
891
893
894
898
907
908
909
910
911
913
914
917
918
922
924
925
928
936
938
939
943
946
948
951
953
957
959
961
962
963
968
971
972
981
982
985
991
993
1003
1020
1022
1024
1028
1029
1032
1034
1035
1037
1039
1040
1042
1043
1044
1047
1049
1051
1054
1092
1094
1095
1096
1098
1105
1107
1111
1113
1115
1117
1118
1127
1128
1129
1131
1132
1134
1138
1140
1142
1143
1145
1149
1151
1153
1155
1157
1158
1160
1161
1163
1176
1182
1183
1189
1191
1197
1201
1212
1216
1218
1219
1221
1222
1225
1228
1229
1230
1234
1239
1260
1284
1285
1289
1293
1295
1296
1300
1302
1304
1305
1306
1310
1311
1313
1319
1320
1322
1323
1328
1331
1334
1339
1341
1343
1345
1346
1349
1350
1353
1354
1356
1357
1358
1361
1364
1366
1368
1369
1373
1374
1377
1379
1380
1382
1385
1387
1388
1390
1391
1392
1393
1395
1396
1398
1400
1403
1407
1410
1411
1412
1413
1414
1419
1422
1423
1425
1426
1428
1430
1431
1435
1436
1438
1440
1442
1445
1448
1452
1453
1454
1458
1462
1468
1471
1472
1474
1476
1479
1481
1482
1484
1486
1490
1491
1493
1498
1501
1502
1504
1506
1509
1511
1514
1515
1517
1518
1520
1521
1524
1527
1528
1530
1533
1540
1543
1544
1545
1548
1552
1553
1556
1559
1560
1562
1565
1567
1569
1570
1571
1575
1577
1579
1582
1584
1586
1587
1590
1591
1593
1594
1595
1600
1601
1602
1603
1604
1607
1611
1612
1613
1614
1618
1622
1624
1625
1628
1631
1633
1634
1636
1637
1639
1640
1642
1646
1647
1649
1652
1654
1658
1660
1661
1676
1691
1692
1693
1695
1696
1699
1701
1702
1711
1714
1728
1736
1749
1751
1754
1757
1758
1760
1761
1762
1764
1803
1876
1921
1923
1925
1929
1932
1936
1938
1945
1946
1957
1958
1959
1960
1961
1962
1964
1978
1984
1985
1987
1989
1992
1997
1999
2000
2001
2003
2005
2008
2011
2012
2013
2016
2019
2020
2022
2025
2027
2031
2032
2034
2035
2061
2063
2065
2066
2068
2071
2073
2074
2075
2077
2079
2080
2082
2083
2084
2087
2091
2092
2093
2097
2098
2102
2106
2107
2108
2110
2111
2112
2113
2116
2117
2118
2119
2121
2125
2127
2130
2131
2132
2134
2136
2139
2142
2144
2146
2147
2151
2153
2159
2161
2163
2166
2168
2169
2170
2174
2177
2180
2181
2182
2185
2187
2188
2192
2193
2194
2195
2197
2199
2201
2202
2204
2205
2208
2210
2211
2214
2216
2254
2255
2256
2269
2270
2276
2279
2285
2288
2290
2291
2295
2297
2298
2304
2306
2308
2309
2312
2316
2317
2318
2320
2324
2327
2329
2331
2332
2334
2335
2337
2338
2340
2344
2349
2350
2351
2353
2354
2359
2361
2365
2370
2372
2373
2374
2375
2377
2380
2382
2383
2385
2386
2387
2390
2392
2394
2395
2397
2398
2400
2401
2404
2407
2409
2413
2416
2417
2419
2420
2421
2424
2425
2428
2433
2435
2436
2438
2441
2442
2447
2448
2449
2451
2453
2454
2456
2457
2459
2460
2461
2462
2465
2466
2468
2470
2471
2472
2473
2474
2477
2478
2480
2481
2482
2485
2487
2488
2489
2492
2493
2497
2498
2499
2501
2502
2503
2504
2507
2509
2511
2513
2514
2517
2519
2521
2523
2524
2526
2528
2529
2531
2534
2536
2538
2540
2542
2544
2548
2549
2551
2552
2556
2557
2560
2562
2566
2568
2573
2575
2576
2577
2578
2579
2581
2582
2584
2585
2588
2591
2593
2595
2597
2598
2600
2602
2605
2606
2608
2613
2617
2618
2619
2623
2625
2627
2628
2631
2635
2636
2637
2638
2640
2641
2643
2645
2646
2650
2652
2656
2658
2662
2663
2666
2669
2670
2671
2672
2674
2675
2677
2679
2680
2684
2685
2686
2688
2689
2691
2694
2695
2697
2698
2702
2703
2706
2707
2711
2713
2714
2717
2721
2722
2724
2727
2728
2730
2733
2734
2735
2738
2739
2742
2743
2744
2752
2755
2757
2758
2767
2769
2773
2778
2780
2783
2785
2811
2814
2817
2818
2819
2822
2824
2826
2828
2830
2831
2834
2835
2836
2837
2838
2840
2846
2847
2849
2850
2852
2856
2858
2860
2862
2864
2865
2868
2869
2870
2872
2874
2876
2877
2879
2882
2884
2892
2893
2897
2898
2902
2904
2905
2908
2910
2911
2913
2915
2917
2918
2919
2921
2925
2928
2930
2931
2932
2934
2937
2938
2941
2943
2944
2946
2947
2948
2949
2953
2956
2957
2958
2959
2960
2961
2962
2964
2965
2967
2968
2970
2972
2973
2975
2978
2980
2985
2987
2989
2990
2991
2992
2995
3001
3003
3005
3006
3010
3012
3013
3018
3021
3025
3026
3028
3031
3034
3036
3037
3038
3045
3046
3047
3050
3053
3055
3056
3059
3061
3062
3064
3066
3068
3069
3074
3076
3078
3079
3081
3084
3086
3087
3091
3093
3098
3103
3105
3107
3112
3116
3119
3121
3123
3125
3129
3131
3134
3135
3139
3143
3147
3148
3151
3154
3155
3156
3159
3160
3162
3163
3165
3166
3168
3172
3176
3177
3179
3182
3184
3185
3187
3190
3191
3195
3197
3198
3200
3203
3205
3208
3211
3214
3215
3216
3218
3222
3224
3227
3230
3233
3234
3239
3240
3242
3245
3246
3247
3249
3251
3253
3254
3257
3260
3264
3268
3269
3270
3271
3272
3274
3276
3277
3283
3286
3289
3290
3296
3297
3298
3304
3306
3313
3316
3320
3355
3356
3359
3361
3364
3373
3376
3377
3379
3380
3381
3383
3385
3396
3398
3403
3405
3408
3410
3412
3427
3429
3438
3448
3450
3452
3454
3458
3459
3463
3464
3466
3476
3479
3481
3483
3487
3493
3495
3496
3497
3500
3503
3504
3507
3508
3510
3511
3513
3516
3517
3518
3521
3524
3528
3529
3533
3535
3537
3539
3540
3541
3542
3543
3544
3545
3546
3549
3554
3555
3556
3558
3562
3567
3572
3573
3574
3576
3579
3582
3583
3585
3601
3603
3604
3607
3608
3611
3612
3614
3615
3616
3619
3620
3621
3624
3627
3631
3632
3633
3636
3637
3640
3648
3651
3652
3656
3657
3662
3663
3664
3665
3667
3669
3670
3674
3676
3678
3680
3699
3715
3716
3719
3720
3721
3722
3724
3727
3728
3738
3739
3742
3744
3748
3753
3755
3756
3758
3765
3768
3774
3780
3784
3785
3791
3792
3797
3799
3800
3801
3802
3803
3805
3809
3810
3811
3814
3816
3817
3819
3820
3822
3824
3825
3827
3830
3832
3836
3838
3841
3844
3847
3850
3851
3853
3854
3857
3859
3863
3865
3866
3868
3870
3874
3882
3888
3891
3894
3897
3898
3901
3904
3907
3908
3910
3914
3917
3923
3925
3926
3927
3928
3929
3934
3936
3937
3938
3940
3941
3946
3952
3953
3954
3955
3956
3958
3959
3960
3962
3965
3966
3967
3968
3969
3970
3972
3974
3975
3979
3980
3981
3983
3986
3991
3992
3995
3996
3998
4000
4001
4002
4006
4009
4011
4015
4016
4018
4022
4024
4025
4026
4028
4030
4032
4035
4037
4040
4041
4044
4047
4048
4050
4051
4053
4055
4057
4059
4061
4064
4065
4067
4070
4073
4076
4078
4079
4081
4082
4090
4092
4095
4096
4097
4100
4101
4102
4103
4106
4107
4109
4113
4115
4120
4122
4128
4133
4134
4136
4137
4140
4141
4143
4145
4146
4149
4150
4151
4154
4155
4157
4160
4163
4166
4168
4170
4171
4173
4175
4176
4181
4183
4184
4186
4187
4188
4189
4191
4192
4194
4196
4197
4199
4201
4202
4204
4206
4207
4209
4211
4217
4218
4219
4220
4221
4224
4226
4228
4230
4231
4234
4235
4237
4241
4244
4245
4249
4250
4253
4257
4258
4259
4260
4263
4265
4266
4267
4268
4269
4270
4272
4273
4274
4275
4277
4280
4281
4283
4286
4289
4291
4292
4293
4298
4301
4303
4304
4306
4310
4312
4313
4315
4317
4319
4322
4326
4329
4332
4333
4334
4336
4337
4339
4341
4342
4344
4348
4350
4352
4353
4354
4356
4357
4358
4360
4362
4363
4367
4368
4373
4374
4376
4377
4378
4379
4385
4389
4392
4393
4397
4399
4402
4406
4407
4411
4413
4414
4415
4417
4419
4420
4422
4423
4425
4427
4428
4430
4431
4432
4435
4436
4438
4439
4440
4441
4445
4447
4448
4449
4451
4453
4458
4459
4462
4466
4467
4473
4475
4476
4478
4479
4480
4482
4483
4485
4487
4489
4491
4492
4496
4499
4501
4505
4511
4515
4518
4520
4522
4524
4526
4529
4530
4533
4534
4536
4537
4542
4543
4545
4546
4547
4551
4554
4556
4557
4559
4560
4562
4564
4567
4570
4574
4576
4577
4579
4581
4585
4586
4587
4591
4596
4598
4600
4601
4603
4606
4608
4609
4611
4617
4618
4620
4623
4624
4626
4627
4630
4631
4635
4638
4639
4640
4641
4643
4644
4647
4648
4654
4657
4658
4659
4660
4663
4665
4668
4669
4673
4674
4677
4681
4683
4687
4688
4689
4690
4692
4693
4697
4698
4701
4702
4705
4708
4709
4711
4715
4717
4718
4719
4721
4723
4724
4725
4727
4729
4730
4734
4736
4739
4740
4744
4747
4748
4751
4753
4758
4760
4764
4767
4770
4773
4775
4777
4778
4779
4783
4785
4786
4787
4790
4791
4794
4795
4798
4800
4804
4805
4807
4808
4816
4817
4820
4822
4826
4831
4832
4833
4835
4837
4839
4840
4841
4843
4844
4846
4848
4850
4856
4857
4859
4860
4863
4864
4866
4867
4869
4870
4872
4874
4877
4880
4884
4886
4888
4890
4902
4932
4943
4945
4949
4951
4952
4955
4958
4959
4960
4964
4965
4967
4969
4970
4971
4975
4976
4980
4982
4984
4986
4987
4989
4990
4994
4995
4996
4997
4998
5002
5004
5005
5006
5009
5010
5011
5014
5015
5016
5020
5024
5025
5027
5030
5031
5036
5037
5040
5042
5043
5045
5048
5050
5051
5053
5054
5055
5057
5058
5060
5062
5063
5065
5066
5068
5069
5071
5072
5074
5075
5077
5078
5082
5084
5085
5087
5089
5092
5095
5097
5098
5103
5105
5107
5108
5110
5111
5114
5119
5120
5122
5123
5125
5127
5128
5131
5133
5135
5136
5138
5139
5142
5143
5146
5148
5149
5152
5153
5154
5155
5158
5159
5160
5162
5165
5166
5168
5169
5173
5174
5175
5179
5180
5182
5183
5184
5189
5192
5193
5194
5196
5198
5200
5201
5203
5206
5208
5209
5211
5212
5214
5216
5217
5219
5220
5222
5224
5228
5229
5231
5233
5236
5238
5241
5244
5245
5246
5252
5254
5255
5256
5258
5260
5261
5263
5265
5267
5269
5275
5276
5281
5284
5285
5286
5290
5292
5295
5298
5299
5300
5301
5302
5303
5305
5307
5311
5313
5315
5318
5319
5320
5321
5326
5330
5332
5334
5335
5338
5341
5343
5344
5347
5349
5351
5353
5356
5360
5361
5364
5366
5369
5372
5376
5378
5379
5381
5383
5384
5385
5386
5387
5389
5393
5394
5396
5397
5399
5400
5403
5404
5406
5408
5409
5412
5413
5417
5419
5420
5421
5424
5425
5427
5428
5430
5432
5433
5434
5436
5439
5440
5441
5442
5444
5447
5472
5474
5475
5477
5478
5482
5483
5485
5486
5487
5489
5491
5492
5497
5498
5500
5502
5505
5506
5508
5509
5512
5514
5515
5516
5518
5520
5522
5523
5524
5525
5527
5530
5531
5532
5535
5536
5538
5541
5542
5547
5548
5550
5551
5553
5555
5558
5559
5561
5562
5563
5567
5570
5571
5572
5573
5574
5579
5581
5582
5586
5587
5589
5591
5594
5595
5598
5600
5615
5617
5623
5626
5627
5632
5633
5635
5637
5647
5652
5653
5655
5657
5658
5659
5660
5666
5668
5672
5673
5715
5716
5718
5721
5725
5727
5730
5732
5733
5735
5736
5738
5740
5743
5746
5747
5750
5752
5755
5756
5757
5758
5759
5764
5771
5773
5775
5778
5779
5782
5785
5786
5788
5791
5792
5793
5795
5797
5800
5801
5803
5804
5807
5809
5810
5812
5813
5815
5817
5818
5820
5821
5824
5826
5829
5842
5864
5867
5869
5872
5873
5875
5877
5879
5880
5883
5885
5888
5890
5894
5898
5902
5908
5910
5914
5918
5920
5921
5925
5928
5929
5932
5934
5940
5943
5945
5946
5947
5950
5954
5956
5959
5961
5963
5965
5966
5969
5970
5973
5974
5978
5979
5980
5981
5983
5984
5986
5988
5989
5990
5991
5995
5997
5998
6000
6002
6005
6007
6009
6011
6012
6013
6014
6017
6020
6023
6024
6025
6027
6029
6031
6036
6042
6045
6046
6048
6049
6061
6065
6069
6074
6076
6078
6080
6082
6083
6089
6090
6092
6094
6096
6100
6101
6104
6107
6112
6114
6116
6118
6124
6127
6128
6129
6134
6135
6137
6138
6140
6142
6144
6145
6148
6149
6152
6154
6156
6179
6195
6236
6239
6241
6243
6244
6245
6247
6250
6252
6254
6260
6261
6263
6264
6266
6267
6269
6270
6271
6272
6274
6275
6277
6280
6283
6286
6289
6292
6293
6296
6301
6303
6305
6310
6311
6319
6321
6324
6329
6333
6334
6335
6337
6338
6340
6341
6342
6344
6347
6348
6350
6351
6356
6357
6366
6370
6371
6372
6376
6379
6380
6383
6384
6388
6389
6390
6392
6393
6395
6396
6398
6400
6403
6404
6407
6409
6411
6412
6413
6414
6416
6418
6419
6421
6424
6425
6426
6432
6438
6445
6447
6450
6451
6452
6453
6458
6460
6461
6464
6467
6468
6469
6470
6486
6492
6493
6494
6499
6502
6504
6506
6507
6509
6510
6513
6515
6516
6520
6521
6522
6526
6527
6531
6533
6535
6537
6539
6542
6544
6545
6546
6547
6549
6552
6553
6554
6557
6559
6560
6563
6565
6567
6570
6572
6573
6574
6575
6576
6578
6580
6583
6584
6586
6587
6592
6594
6595
6597
6598
6599
6600
6602
6603
6604
6605
6607
6611
6612
6613
6616
6620
6623
6626
6627
6628
6629
6632
6634
6635
6636
6640
6642
6643
6646
6649
6652
6654
6656
6658
6659
6664
6708
6720
6726
6728
6734
6736
6738
6740
6743
6745
6748
6749
6752
6755
6757
6760
6762
6764
6765
6766
6768
6770
6772
6775
6776
6780
6781
6784
6786
6787
6791
6792
6795
6796
6799
6801
6804
6805
6808
6809
6812
6815
6818
6822
6824
6827
6829
6832
6834
6835
6837
6838
6840
6841
6843
6844
6845
6847
6848
6850
6853
6857
6859
6861
6863
6866
6867
6868
6870
6871
6872
6876
6878
6879
6881
6882
6886
6893
6896
6898
6901
6902
6903
6905
6910
6912
6913
6917
6919
6921
6927
6928
6932
6934
6936
6940
6942
6944
6948
6949
6950
6951
6952
6953
6954
6959
6964
6967
6971
6973
6974
6981
6983
6984
6987
6990
6993
6996
6997
7000
7001
7005
7007
7009
7010
7014
7016
7017
7018
7021
7022
7023
7026
7028
7031
7032
7033
7034
7042
7054
7055
7057
7059
7060
7061
7062
7067
7068
7070
7075
7076
7078
7081
7082
7083
7084
7086
7089
7092
7094
7097
7098
7101
7105
7107
7108
7111
7114
7117
7120
7122
7123
7126
7127
7128
7131
7132
7134
7135
7138
7141
7143
7148
7150
7151
7155
7158
7159
7162
7165
7167
7168
7170
7171
7174
7178
7181
7183
7184
7186
7189
7191
7193
7196
7197
7200
7202
7206
7208
7209
7215
7217
7219
7220
7222
7223
7224
7226
7229
7234
7235
7240
7242
7243
7245
7246
7248
7250
7251
7253
7255
7256
7261
7262
7263
7264
7265
7266
7267
7271
7274
7278
7280
7281
7282
7285
7286
7288
7289
7290
7291
7294
7296
7299
7300
7303
7304
7305
7306
7310
7311
7312
7313
7315
7316
7317
7319
7322
7327
7331
7332
7335
7336
7338
7341
7343
7346
7353
7355
7356
7358
7362
7364
7365
7366
7367
7369
7370
7373
7376
7378
7379
7381
7382
7383
7385
7387
7388
7391
7393
7396
7397
7399
7401
7404
7406
7410
7411
7414
7417
7419
7420
7422
7427
7429
7432
7433
7434
7435
7436
7437
7439
7440
7443
7445
7448
7450
7452
7453
7454
7457
7458
7459
7460
7461
7464
7465
7467
7469
7471
7472
7473
7474
7475
7478
7479
7483
7485
7490
7493
7496
7502
7504
7505
7506
7507
7512
7513
7516
7518
7522
7523
7528
7529
7534
7537
7539
7541
7542
7545
7549
7553
7555
7560
7563
7565
7566
7568
7572
7573
7574
7577
7579
7584
7588
7591
7595
7598
7600
7601
7602
7604
7607
7610
7611
7614
7616
7619
7623
7627
7628
7631
7635
7640
7642
7643
7644
7645
7647
7648
7650
7652
7653
7655
7658
7660
7663
7664
7666
7667
7668
7669
7671
7675
7681
7684
7686
7687
7688
7693
7695
7699
7702
7704
7705
7711
7714
7718
7722
7740
7742
7748
7751
7754
7755
7762
7773
7776
7778
7779
7781
7783
7784
7785
7787
7797
7811
7813
7815
7818
7821
7824
7825
7827
7831
7834
7836
7837
7838
7840
7842
7844
7849
7851
7853
7854
7857
7858
7861
7862
7864
7868
7870
7873
7875
7878
7879
7881
7883
7886
7887
7889
7890
7892
7894
7897
7899
7901
7904
7906
7910
7911
7914
7916
7918
7920
7923
7924
7927
7928
7929
7930
7932
7936
7938
7941
7942
7948
7950
7954
7956
7958
7966
7968
7975
7977
7980
7981
7982
7983
7989
7990
7991
7993
7994
7998
8001
8004
8010
8021
8023
8025
8026
8028
8029
8030
8032
8033
8034
8036
8039
8040
8046
8052
8059
8062
8063
8066
8069
8071
8072
8073
8077
8080
8083
8084
8087
8088
8090
8091
8094
8098
8101
8102
8103
8105
8106
8108
8110
8111
8112
8113
8115
8116
8118
8120
8127
8128
8131
8132
8134
8135
8138
8139
8140
8143
8144
8146
8148
8152
8153
8154
8156
8157
8162
8166
8167
8170
8172
8173
8176
8179
8181
8183
8185
8188
8191
8193
8196
8198
8202
8205
8207
8209
8210
8213
8214
8215
8216
8221
8222
8226
8227
8229
8231
8234
8235
8236
8238
8239
8241
8242
8244
8246
8250
8251
8253
8257
8259
8263
8268
8269
8272
8273
8274
8275
8276
8279
8292
8295
8299
8300
8303
8306
8308
8309
8310
8313
8314
8319
8321
8322
8326
8328
8334
8336
8337
8342
8349
8351
8352
8353
8367
8370
8380
8389
8391
8394
8396
8399
8402
8417
8465
8467
8469
8471
8474
8478
8479
8494
8496
8497
8506
8508
8512
8513
8514
8515
8517
8520
8523
8524
8527
8529
8537
8539
8543
8606
8608
8609
8613
8617
8620
8622
8623
8624
8626
8633
8636
8642
8643
8645
8651
8657
8661
8671
8703
8704
8708
8711
8713
8714
8715
8716
8720
8723
8724
8726
8727
8729
8730
8732
8734
8737
8738
8739
8740
8741
8742
8744
8746
8751
8754
8755
8759
8761
8763
8767
8769
8770
8774
8775
8777
8779
8780
8784
8787
8796
8798
8800
8804
8807
8809
8810
8812
8817
8819
8824
8826
8828
8829
8831
8832
8834
8837
8839
8841
8843
8845
8848
8851
8852
8855
8856
8858
8860
8864
8873
8893
8900
8902
8903
8905
8907
8909
8912
8914
8918
8919
8920
8924
8926
8937
8939
8940
9006
9009
9011
9020
9029
9033
9036
9037
9038
9039
9042
9043
9045
9048
9050
9051
9052
9055
9057
9060
9062
9064
9065
9068
9076
9086
9092
9096
9098
9100
9101
9103
9104
9108
9110
9113
9114
9137
9139
9142
9146
9148
9150
9152
9153
9154
9158
9171
9172
9174
9175
9176
9185
9188
9191
9192
9194
9195
9200
9201
9203
9212
9218
9233
9236
9237
9240
9241
9242
9244
9246
9249
9254
9257
9261
9263
9265
9267
9270
9271
9274
9275
9280
9281
9282
9283
9285
9286
9288
9290
9292
9294
9297
9298
9302
9305
9311
9313
9315
9316
9317
9320
9324
9328
9330
9332
9333
9357
9358
9359
9361
9365
9368
9374
9428
9430
9437
9440
9442
9443
9444
9452
9454
9456
9459
9462
9463
9465
9466
9468
9558
9563
9594
9597
9599
9601
9605
9609
9610
9614
9617
9618
9621
9622
9627
9630
9631
9634
9637
9639
9644
9645
9647
9649
9656
9669
9673
9688
9689
9727
9730
9732
9736
9737
9741
9745
9751
9754
9756
9759
9763
9766
9769
9770
9773
9774
9776
9779
9788
9845
9851
9865
9866
9928
9952
9953
9956
9961
9962
9964
9965
9967
9968
9969
9970
9971
9974
9976
9977
9981
9983
9987
9989
9992
9993
9996
9997
9999
10000
10002
10005
10006
10009
10012
10013
10017
10018
10020
10025
10027
10028
10030
10038
10041
10042
10043
10045
10049
10052
10054
10055
10061
10063
10068
10070
10074
10076
10078
10080
10081
10082
10085
10091
10093
10094
10101
10103
10106
10108
10110
10113
10114
10118
10124
10127
10129
10132
10133
10138
10139
10142
10143
10144
10146
10147
10148
10150
10153
10156
10158
10159
10162
10163
10165
10169
10170
10171
10173
10175
10177
10181
10183
10185
10187
10189
10191
10192
10197
10198
10199
10204
10207
10208
10213
10214
10217
10221
10222
10225
10228
10230
10231
10233
10236
10238
10239
10242
10243
10245
10246
10249
10250
10251
10254
10256
10259
10260
10263
10265
10269
10283
10285
10290
10299
10300
10303
10304
10311
10313
10315
10318
10319
10321
10323
10326
10329
10330
10331
10333
10336
10338
10339
10341
10342
10347
10348
10351
10353
10356
10357
10358
10360
10362
10364
10367
10370
10372
10377
10379
10380
10381
10384
10387
10388
10391
10394
10396
10400
10401
10403
10405
10407
10408
10409
10415
10416
10420
10422
10429
10450
10454
10455
10456
10461
10463
10464
10469
10471
10474
10477
10479
10480
10481
10482
10489
10491
10495
10500
10501
10503
10504
10531
10538
10541
10545
10546
10548
10549
10580
10581
10582
10584
10586
10588
10590
10592
10593
10596
10600
10601
10638
10675
10680
10681
10685
10687
10694
10698
10699
10703
10708
10709
10714
10721
10724
10726
10742
10744
10748
10751
10755
10762
10763
10767
10771
10774
10775
10777
10780
10784
10789
10790
10793
10796
10798
10799
10800
10801
10803
10806
10808
10811
10814
10816
10820
10824
10825
10828
10832
10835
10837
10839
10846
10847
10849
10850
10851
10856
10861
10862
10867
10871
10878
10879
10884
10886
10887
10892
10897
10899
10901
10904
10905
10906
10908
10910
10916
10918
10921
10924
10927
10928
10932
10936
10938
10944
10947
10950
10954
10956
10958
10959
10964
10966
10968
10970
10990
11002
11004
11006
11013
11014
11015
11018
11024
11027
11029
11033
11036
11039
11041
11044
11045
11046
11050
11052
11057
11058
11060
11062
11064
11066
11067
11068
11072
11073
11076
11077
11079
11080
11081
11084
11186
11188
11192
11193
11195
11198
11199
11203
11205
11207
11209
11210
11213
11279
11280
11281
11282
11284
11288
11291
11295
11296
11297
11302
11304
11305
11307
11310
11312
11314
11319
11320
11323
11326
11328
11329
11331
11332
11333
11336
11338
11340
11343
11348
11351
11357
11359
11361
11397
11401
11405
11406
11411
11414
11415
11419
11420
11422
11423
11425
11428
11429
11433
11436
11438
11440
11442
11444
11445
11448
11450
11453
11455
11456
11457
11459
11463
11465
11468
11469
11475
11476
11478
11483
11485
11488
11489
11490
11511
11514
11515
11516
11518
11519
11522
11525
11526
11528
11532
11536
11542
11544
11545
11548
11550
11551
11553
11555
11556
11557
11559
11560
11563
11565
11566
11567
11569
11570
11574
11575
11577
11578
11582
11583
11586
11588
11592
11597
11598
11600
11602
11604
11611
11612
11615
11616
11620
11621
11623
11626
11630
11631
11633
11635
11639
11642
11648
11649
11650
11652
11654
11657
11658
11661
11663
11665
11668
11670
11673
11674
11676
11678
11680
11682
11683
11686
11687
11688
11690
11691
11694
11697
11698
11700
11702
11703
11704
11706
11709
11710
11712
11713
11715
11717
11720
11721
11723
11724
11725
11732
11735
11736
11738
11740
11741
11744
11745
11746
11749
11753
11754
11762
11766
11768
11770
11773
11775
11779
11780
11784
11789
11790
11791
11793
11794
11799
11802
11806
11810
11819
11821
11887
11905
11906
11908
11911
11912
11914
11916
11918
11919
11929
11932
11933
11936
11937
11938
11940
11942
11943
11944
11946
11955
11957
11959
11960
11961
11964
11966
11971
11972
11977
11978
11981
11982
11983
11991
11996
11997
12001
12002
12004
12008
12012
12014
12028
12032
12033
12035
12036
12038
12039
12040
12041
12043
12082
12116
12118
12122
12151
12152
12157
12160
12164
12165
12166
12167
12169
12170
12171
12172
12174
12176
12178
12182
12183
12186
12188
12192
12195
12200
12201
12202
12204
12207
12210
12211
12212
12214
12215
12217
12221
12222
12223
12246
12262
12267
12275
12292
12300
12306
12308
12310
12312
12314
12316
12319
12321
12327
12329
12331
12332
12335
12337
12338
12349
12355
12415
12417
12418
12420
12424
12425
12427
12429
12430
12435
12438
12440
12441
12453
12455
12504
12510
12514
12516
12517
12519
12521
12523
12526
12530
12535
12537
12538
12539
12540
12541
12542
12544
12546
12549
12550
12555
12557
12560
12562
12563
12564
12565
12570
12577
12583
12584
12587
12590
12592
12593
12595
12603
12607
12627
12630
12633
12634
12635
12637
12639
12640
12643
12644
12648
12649
12650
12652
12653
12656
12665
12666
12675
12677
12679
12680
12684
12685
12686
12697
12700
12701
12702
12704
12707
12709
12710
12716
12718
12719
12720
12722
12723
12725
12728
12729
12730
12733
12735
12739
12750
12751
12752
12755
12762
12764
12767
12768
12778
12783
12804
12836
12849
12853
12854
12877
12880
12881
12888
12892
12894
12897
12901
12902
12930
12932
12935
12939
12943
12944
12946
12947
12948
12975
12976
12979
12980
12982
12984
12987
12988
12991
12992
12993
12996
12997
12999
13003
13004
13007
13009
13012
13013
13014
13016
13019
13029
13033
13037
13038
13039
13046
13047
13049
13051
13052
13053
13056
13058
13060
13062
13066
13068
13071
13074
13081
13083
13090
13098
13120
13132
13133
13138
13140
13141
13143
13144
13146
13148
13151
13154
13155
13157
13159
13160
13161
13163
13164
13165
13167
13170
13174
13175
13178
13179
13180
13181
13182
13184
13185
13188
13191
13193
13194
13195
13197
13199
13205
13210
13214
13217
13223
13229
13230
13232
13237
13240
13241
13243
13249
13250
13253
13254
13255
13260
13261
13263
13269
13271
13273
13274
13276
13278
13285
13288
13291
13297
13298
13300
13304
13308
13311
13316
13320
13321
13323
13325
13326
13328
13331
13334
13337
13338
13340
13341
13344
13346
13351
13357
13359
13361
13362
13363
13367
13376
13379
13380
13381
13383
13384
13385
13386
13388
13389
13393
13394
13397
13399
13402
13403
13405
13406
13407
13409
13410
13414
13417
13420
13421
13423
13424
13426
13429
13433
13435
13436
13440
13441
13445
13446
13449
13450
13453
13454
13455
13460
13462
13464
13465
13481
13484
13486
13490
13491
13499
13501
13503
13504
13506
13508
13512
13513
13515
13518
13521
13522
13523
13524
13526
13531
13533
13537
13539
13544
13545
13546
13548
13550
13551
13552
13556
13558
13563
13566
13567
13569
13572
13574
13575
13577
13579
13581
13584
13595
13607
13608
13610
13613
13633
13648
13651
13653
13657
13659
13662
13664
13717
13718
13720
13721
13728
13751
13760
13764
13768
13797
13799
13813
13825
13829
13833
13848
13854
13925
13928
13929
13938
13940
13942
13945
13950
13951
13952
13957
13960
13961
13970
13973
13975
13977
13980
13981
13987
13990
13991
13996
14012
14025
14026
14028
14035
14039
14040
14045
14051
14071
14075
14082
14084
14096
14097
14131
14133
14135
14137
14139
14142
14143
14146
14148
14150
14152
14153
14155
14156
14158
14159
14162
14165
14168
14170
14172
14175
14184
14185
14187
14190
14191
14195
14196
14197
14200
14209
14211
14237
14238
14240
14241
14244
14246
14247
14248
14251
14253
14255
14257
14259
14260
14265
14268
14269
14272
14273
14275
14279
14280
14281
14282
14284
14285
14286
14287
14289
14294
14298
14300
14302
14307
14309
14310
14313
14318
14321
14322
14326
14327
14331
14332
14333
14334
14336
14337
14338
14340
14342
14344
14346
14348
14349
14350
14351
14353
14354
14357
14358
14360
14362
14363
14365
14366
14368
14369
14372
14373
14377
14409
14438
14439
14442
14444
14454
14458
14459
14461
14463
14464
14466
14468
14472
14474
14478
14479
14482
14483
14484
14486
14487
14489
14490
14492
14495
14497
14499
14500
14502
14503
14508
14512
14515
14518
14522
14524
14527
14531
14533
14534
14538
14540
14542
14545
14546
14547
14548
14549
14551
14554
14555
14556
14561
14568
14573
14578
14585
14587
14588
14599
14601
14611
14639
14641
14644
14647
14649
14651
14652
14654
14656
14658
14659
14660
14662
14664
14665
14667
14668
14670
14671
14672
14674
14675
14679
14682
14684
14688
14689
14691
14695
14697
14699
14701
14703
14706
14709
14710
14711
14712
14714
14718
14721
14722
14729
14730
14731
14735
14736
14738
14739
14741
14742
14743
14745
14746
14747
14748
14749
14750
14766
14770
14772
14773
14778
14781
14787
14789
14792
14795
14797
14800
14804
14805
14808
14809
14812
14817
14819
14820
14821
14822
14824
14828
14832
14836
14839
14844
14845
14846
14849
14850
14851
14852
14856
14865
14871
14872
14875
14876
14878
14880
14881
14882
14888
14891
14894
14909
14911
14912
14914
14916
14920
14921
14922
14925
14927
14928
14929
14935
14945
14957
15015
15020
15023
15052
15053
15055
15059
15061
15062
15065
15066
15067
15068
15070
15071
15074
15075
15078
15080
15082
15084
15085
15087
15088
15089
15090
15091
15094
15095
15125
15131
15133
15172
15173
15181
15183
15202
15211
15217
15220
15267
15271
15276
15277
15279
15334
15372
15373
15383
15386
15387
15390
15392
15396
15397
15405
15406
15407
15408
15410
15413
15416
15418
15421
15425
15427
15429
15432
15435
15437
15438
15444
15446
15451
15452
15454
15455
15457
15460
15462
15463
15465
15466
15469
15472
15474
15479
15481
15483
15485
15487
15488
15490
15491
15492
15493
15495
15496
15497
15498
15504
15508
15510
15514
15516
15518
15520
15522
15524
15526
15527
15529
15530
15533
15534
15535
15537
15538
15539
15542
15543
15544
15545
15547
15551
15552
15553
15555
15558
15559
15562
15566
15568
15569
15572
15575
15577
15578
15580
15583
15584
15587
15588
15589
15590
15592
15596
15601
15605
15608
15616
15619
15620
15623
15628
15629
15632
15635
15639
15640
15643
15645
15648
15651
15652
15656
15657
15658
15659
15664
15669
15670
15672
15674
15675
15676
15710
15712
15714
15719
15721
15723
15724
15727
15729
15733
15734
15740
15741
15743
15746
15748
15753
15754
15755
15756
15758
15760
15763
15766
15768
15771
15775
15777
15779
15780
15781
15783
15784
15785
15793
15794
15803
15809
15811
15815
15818
15820
15821
15822
15825
15828
15832
15833
15838
15841
15842
15850
15865
15867
15869
15872
15873
15877
15881
15883
15884
15885
15887
15891
15897
15899
15900
15903
15904
15908
15913
15918
15921
15923
15928
15949
15951
15953
15954
15957
15959
15962
15963
15965
15972
15973
15976
15982
15984
15985
15988
16000
16003
16006
16009
16032
16034
16036
16037
16038
16043
16044
16047
16048
16049
16051
16054
16061
16063
16064
16066
16067
16069
16072
16074
16075
16078
16082
16084
16087
16088
16090
16091
16092
16093
16100
16105
16109
16112
16113
16118
16124
16128
16129
16130
16132
16133
16134
16136
16152
16153
16157
16197
16199
16200
16201
16205
16207
16209
16211
16213
16214
16215
16217
16218
16219
16222
16224
16228
16231
16233
16234
16236
16237
16239
16242
16244
16246
16250
16255
16257
16262
16264
16268
16271
16272
16274
16278
16279
16281
16282
16288
16290
16291
16297
16304
16307
16310
16311
16312
16316
16318
16319
16322
16323
16325
16327
16328
16329
16332
16336
16337
16339
16340
16342
16343
16348
16350
16352
16353
16355
16356
16357
16358
16359
16361
16362
16366
16368
16369
16372
16374
16379
16380
16381
16382
16384
16385
16387
16389
16397
16399
16401
16402
16409
16412
16413
16415
16418
16419
16420
16421
16432
16434
16435
16440
16443
16452
16472
16475
16479
16480
16481
16483
16501
16503
16505
16508
16611
16615
16622
16628
16630
16631
16633
16650
16657
16660
16664
16665
16668
16669
16670
16673
16675
16678
16679
16681
16684
16685
16687
16691
16692
16694
16696
16697
16700
16703
16705
16706
16715
16718
16720
16722
16727
16765
16767
16768
16769
16770
16778
16782
16792
16797
16798
16799
16801
16806
16807
16809
16815
16816
16819
16820
16824
16832
16853
16892
16896
16909
16910
16912
16913
16915
16916
16920
16922
16925
16926
16928
16931
16932
16939
16940
16941
16944
16946
16947
16951
16952
16960
16961
16963
16967
16968
16971
16972
16974
16975
16977
16980
16982
16983
16985
16986
16987
16990
16996
16999
17002
17004
17006
17007
17009
17011
17014
17017
17019
17020
17023
17024
17029
17030
17032
17034
17037
17038
17043
17044
17046
17048
17053
17055
17056
17060
17065
17066
17069
17070
17071
17072
17073
17074
17075
17077
17083
17084
17086
17088
17091
17093
17095
17100
17103
17105
17107
17109
17113
17114
17116
17117
17119
17120
17121
17123
17124
17126
17127
17161
17165
17168
17171
17173
17174
17178
17180
17183
17185
17187
17199
17201
17202
17210
17212
17214
17215
17216
17223
17227
17232
17234
17241
17245
17247
17248
17250
17251
17267
17288
17292
17294
17295
17297
17299
17303
17305
17306
17311
17313
17314
17393
17401
17402
17403
17418
17420
17421
17422
17423
17456
17457
17459
17462
17463
17464
17467
17471
17474
17475
17478
17479
17485
17488
17489
17493
17495
17497
17508
17509
17511
17514
17539
17580
17582
17583
17584
17616
17629
17633
17636
17637
17638
17639
17643
17648
17651
17653
17655
17657
17658
17659
17660
17667
17670
17673
17675
17676
17677
17678
17680
17681
17682
17686
17689
17691
17696
17699
17701
17702
17703
17706
17708
17712
17713
17714
17723
17726
17727
17730
17732
17736
17741
17743
17744
17749
17751
17753
17754
17755
17757
17759
17762
17764
17765
17767
17769
17771
17778
17779
17782
17783
17784
17788
17789
17791
17796
17797
17804
17812
17813
17814
17815
17821
17827
17830
17832
17834
17836
17840
17841
17843
17849
17856
17863
17865
17867
17869
17870
17875
17877
17879
17882
17891
17894
17895
17900
17901
17903
17905
17908
17911
17912
17914
17916
17917
17918
17920
17923
17925
17928
17931
17933
17935
17939
17940
17942
17944
17947
17948
17951
17952
17953
17958
17961
17963
17967
17975
17977
17982
17985
17989
18004
18006
18008
18010
18011
18014
18017
18022
18025
18028
18029
18031
18032
18034
18040
18042
18045
18046
18052
18055
18060
18061
18062
18063
18064
18067
18073
18074
18075
18080
18088
18089
18090
18092
18093
18094
18098
18100
18101
18108
18110
18111
18112
18116
18119
18120
18123
18129
18132
18139
18141
18146
18147
18150
18151
18154
18155
18156
18159
18160
18161
18162
18167
18170
18172
18174
18176
18178
18183
18186
18189
18191
18204
18207
18208
18209
18226
18227
18229
18233
18234
18237
18239
18247
18249
18265
18266
18267
18270
18273
18274
18282
18286
18288
18289
18292
18293
18299
18302
18303
18309
18313
18315
18318
18326
18329
18333
18336
18337
18338
18339
18343
18345
18350
18359
18360
18366
18370
18372
18375
18377
18378
18382
18383
18384
18390
18391
18392
18395
18396
18399
18402
18404
18407
18410
18412
18414
18416
18417
18421
18422
18424
18428
18430
18432
18438
18441
18446
18449
18451
18452
18456
18457
18458
18460
18465
18466
18469
18470
18473
18476
18479
18483
18484
18486
18487
18489
18490
18492
18495
18496
18498
18500
18501
18505
18507
18509
18510
18514
18516
18518
18520
18523
18524
18525
18529
18530
18531
18532
18534
18535
18536
18538
18544
18546
18547
18550
18551
18555
18560
18563
18564
18566
18568
18569
18574
18578
18580
18583
18584
18585
18589
18592
18594
18596
18602
18604
18606
18610
18614
18615
18617
18620
18622
18625
18627
18629
18632
18634
18635
18640
18641
18643
18645
18646
18647
18650
18652
18653
18655
18656
18657
18677
18683
18686
18687
18697
18698
18701
18703
18704
18707
18709
18710
18714
18715
18716
18719
18720
18721
18722
18739
18741
18742
18749
18758
18760
18763
18765
18767
18770
18773
18775
18777
18780
18783
18786
18789
18792
18793
18795
18799
18802
18803
18806
18807
18808
18809
18810
18811
18812
18813
18815
18818
18821
18827
18828
18830
18833
18835
18837
18838
18839
18844
18848
18850
18854
18855
18858
18859
18861
18863
18868
18871
18872
18874
18883
18884
18887
18889
18890
18892
18895
18896
18897
18898
18901
18903
18905
18907
18908
18911
18912
18913
18916
18918
18921
18926
18928
18929
18930
18934
18935
18939
18940
18941
18944
18945
18946
18947
18950
18952
18953
18954
18958
18962
18964
18966
18969
18971
18975
18978
18979
18982
18983
18984
18986
18988
18991
18992
18994
18996
18997
18999
19001
19002
19004
19005
19006
19014
19015
19018
19019
19021
19023
19029
19030
19032
19035
19036
19038
19040
19041
19042
19045
19047
19049
19050
19051
19053
19055
19057
19061
19064
19065
19068
19072
19075
19077
19079
19082
19087
19090
19092
19093
19096
19097
19098
19100
19103
19110
19112
19114
19117
19118
19121
19127
19132
19136
19137
19140
19141
19142
19143
19144
19145
19151
19155
19157
19159
19162
19169
19175
19176
19181
19185
19187
19190
19191
19195
19200
19205
19208
19211
19214
19215
19218
19221
19222
19224
19225
19227
19229
19230
19232
19233
19234
19235
19236
19238
19241
19242
19245
19247
19248
19251
19252
19255
19256
19265
19278
19280
19321
19323
19329
19336
19337
19343
19348
19350
19352
19353
19354
19357
19360
19365
19367
19368
19370
19371
19373
19375
19376
19378
19379
19382
19383
19384
19385
19389
19398
19402
19403
19405
19406
19408
19411
19412
19413
19414
19417
19419
19422
19429
19431
19436
19437
19438
19443
19444
19446
19448
19450
19452
19456
19459
19463
19465
19472
19474
19475
19480
19481
19485
19488
19492
19493
19496
19498
19500
19506
19511
19514
19516
19518
19519
19521
19525
19527
19529
19530
19532
19534
19538
19539
19540
19541
19543
19546
19547
19551
19557
19560
19561
19563
19567
19569
19576
19577
19580
19582
19590
19592
19593
19596
19600
19603
19605
19606
19608
19613
19614
19617
19619
19620
19623
19625
19626
19629
19630
19632
19633
19638
19641
19642
19644
19645
19648
19649
19651
19654
19655
19659
19661
19668
19671
19673
19676
19677
19684
19685
19687
19690
19692
19694
19696
19699
19700
19705
19749
19772
19778
19780
19783
19789
19800
19809
19812
19817
19857
19864
19865
19869
19870
19871
19872
19875
19876
19878
19880
19882
19884
19887
19888
19890
19891
19893
19894
19895
19896
19897
19900
19902
19904
19907
19910
19913
19914
19915
19917
19919
19945
19948
19951
19955
19976
19978
19980
19982
19983
19985
19986
19988
19989
20003
20008
20046
20053
20059
20067
20075
20128
20130
20131
20144
20150
20153
20154
20157
20159
20162
20168
20170
20171
20172
20176
20178
20181
20185
20188
20189
20190
20204
20211
20217
20220
20221
20223
20224
20225
20228
20237
20238
20239
20241
20242
20243
20250
20251
20253
20254
20255
20258
20259
20261
20263
20266
20267
20269
20272
20273
20274
20278
20279
20280
20283
20284
20287
20288
20293
20295
20296
20332
20352
20355
20358
20359
20360
20362
20364
20369
20371
20377
20380
20381
20386
20389
20390
20393
20394
20396
20399
20401
20402
20403
20411
20412
20414
20415
20465
20467
20468
20472
20474
20491
20499
20500
20502
20504
20506
20508
20511
20512
20515
20520
20524
20525
20527
20531
20532
20533
20538
20539
20542
20549
20550
20552
20555
20556
20559
20562
20605
20654
20682
20719
20720
20723
20725
20728
20730
20732
20734
20737
20741
20742
20744
20745
20747
20749
20750
20751
20753
20759
20812
20815
20816
20817
20820
20824
20825
20827
20829
20834
20837
20839
20840
20846
20858
20862
20868
20885
20902
20906
20910
20912
20916
20918
20922
20923
20928
20929
20933
20936
20937
20942
20943
20944
20946
20948
20949
20953
20956
20959
20962
20963
20965
20966
20969
20972
20974
20981
20985
20986
20990
20994
20995
20998
21002
21003
21004
21007
21008
21011
21015
21020
21022
21025
21028
21032
21039
21040
21041
21043
21046
21048
21049
21052
21055
21056
21058
21064
21065
21068
21069
21071
21073
21077
21081
21082
21084
21088
21089
21092
21097
21100
21104
21108
21109
21112
21113
21115
21116
21119
21121
21122
21126
21127
21139
21140
21141
21206
21219
21225
21228
21233
21234
21236
21241
21244
21245
21246
21249
21271
21272
21274
21276
21277
21278
21294
21295
21297
21299
21301
21302
21304
21306
21308
21311
21313
21315
21317
21321
21330
21331
21341
21343
21346
21348
21350
21354
21355
21365
21369
21374
21375
21378
21381
21382
21384
21386
21390
21391
21393
21394
21395
21397
21401
21402
21403
21407
21408
21411
21414
21415
21416
21417
21419
21420
21424
21430
21435
21438
21441
21450
21452
21454
21455
21458
21461
21465
21467
21469
21471
21472
21473
21477
21478
21486
21489
21490
21494
21496
21501
21502
21503
21507
21510
21515
21517
21519
21522
21526
21527
21528
21533
21534
21535
21536
21538
21541
21543
21546
21547
21549
21550
21552
21554
21558
21559
21560
21562
21567
21568
21570
21574
21577
21580
21581
21584
21585
21587
21589
21592
21596
21597
21599
21600
21601
21603
21604
21606
21607
21611
21613
21617
21618
21623
21625
21626
21629
21633
21635
21636
21637
21639
21641
21642
21643
21645
21647
21650
21651
21653
21664
21666
21669
21670
21671
21674
21676
21677
21678
21679
21681
21684
21687
21688
21691
21694
21698
21705
21708
21709
21748
21813
21833
21857
21862
21863
21866
21867
21869
21872
21873
21877
21882
21883
21884
21885
21889
21892
21898
21900
21902
21903
21931
21963
21999
22001
22003
22007
22008
22017
22018
22024
22026
22033
22035
22038
22040
22043
22046
22048
22050
22051
22053
22058
22059
22060
22062
22064
22065
22066
22068
22069
22075
22077
22078
22080
22084
22085
22087
22090
22092
22094
22097
22099
22102
22104
22106
22107
22109
22111
22112
22113
22116
22117
22118
22120
22122
22123
22127
22128
22129
22131
22134
22135
22137
22139
22142
22144
22145
22147
22148
22151
22152
22153
22156
22158
22159
22162
22163
22164
22165
22168
22169
22178
22255
22262
22263
22264
22267
22269
22271
22273
22275
22276
22278
22281
22283
22306
22308
22309
22311
22312
22315
22316
22317
22319
22320
22321
22323
22327
22328
22329
22331
22332
22333
22334
22338
22354
22360
22364
22370
22372
22378
22387
22392
22395
22400
22405
22412
22413
22415
22418
22421
22423
22424
22426
22430
22432
22433
22434
22438
22440
22451
22454
22457
22492
22494
22495
22497
22499
22518
22563
22565
22567
22569
22574
22578
22587
22588
22590
22609
22678
22687
22724
22726
22727
22728
22730
22732
22733
22734
22735
22737
22739
22741
22742
22746
22747
22753
22757
22759
22760
22761
22764
22765
22768
22770
22772
22773
22774
22776
22777
22779
22784
22787
22791
22792
22795
22797
22800
22802
22805
22806
22809
22810
22813
22814
22817
22819
22820
22822
22825
22827
22828
22858
22864
22867
22870
22873
22876
22877
22878
22879
22881
22883
22884
22887
22888
22890
22891
22893
22897
22900
22901
22902
22905
22906
22908
22909
22910
22912
22913
22915
22917
22920
22921
22922
22925
22929
22933
22935
22936
22937
22939
22940
22941
22942
22944
22945
22946
22949
22982
23027
23030
23032
23033
23043
23052
23058
23059
23060
23067
23072
23075
23085
23095
23103
23126
23139
23140
23141
23171
23203
23214
23247
23279
23301
23317
23320
23323
23325
23327
23329
23332
23334
23335
23336
23338
23340
23341
23345
23352
23355
23356
23358
23362
23363
23365
23367
23368
23392
23394
23396
23409
23452
23457
23460
23462
23463
23465
23469
23471
23479
23480
23485
23486
23488
23492
23493
23495
23496
23498
23500
23501
23502
23504
23506
23509
23511
23514
23517
23519
23521
23522
23523
23525
23527
23530
23534
23536
23555
23564
23566
23568
23570
23571
23574
23577
23590
23595
23609
23633
23634
23637
23641
23642
23657
23683
23709
23713
23714
23720
23730
23735
23738
23739
23741
23743
23747
23749
23751
23753
23755
23758
23764
23766
23771
23772
23774
23779
23782
23783
23785
23787
23790
23793
23794
23797
23799
23800
23803
23805
23806
23809
23810
23811
23812
23813
23818
23820
23822
23823
23824
23826
23830
23832
23834
23841
23842
23847
23850
23851
23854
23855
23858
23859
23862
23864
23867
23868
23870
23872
23877
23878
23879
23887
23890
23893
23897
23899
23901
23902
23904
23905
23909
23914
23915
23917
23918
23921
23923
23927
23928
23929
23932
23933
23934
23940
23942
23944
23947
23951
23956
23957
23961
23965
23973
23975
23978
24020
24039
24046
24061
24062
24066
24071
24075
24079
24086
24088
24090
24095
24100
24102
24103
24134
24135
24150
24154
24157
24163
24166
24173
24177
24182
24191
24224
24226
24228
24230
24234
24235
24240
24241
24242
24243
24248
24257
24265
24277
24283
24290
24291
24345
24352
24354
24370
24371
24375
24376
24407
24412
24420
24481
24507
24508
24511
24514
24517
24519
24521
24522
24530
24531
24533
24535
24537
24539
24540
24541
24543
24546
24550
24551
24552
24555
24556
24559
24562
24566
24570
24571
24577
24579
24584
24588
24589
24591
24592
24593
24594
24596
24599
24609
24610
24611
24612
24613
24615
24617
24621
24622
24625
24628
24629
24634
24637
24639
24642
24643
24651
24701
24728
24729
24730
24735
24740
24742
24743
24744
24746
24753
24754
24756
24759
24764
24767
24783
24784
24786
24787
24789
24790
24791
24800
24801
24802
24808
24813
24817
24821
24824
24827
24834
24836
24839
24842
24843
24845
24848
24854
24857
24859
24861
24862
24865
24867
24870
24877
24879
24880
24884
24887
24890
24892
24894
24896
24898
24899
24901
24903
24908
24909
24911
24912
24913
24916
24921
24923
24929
24930
24931
24935
24937
24941
24944
24946
24948
24950
24952
24955
24957
24959
24960
24963
24965
24970
24972
24973
24974
24978
24979
24982
24983
24986
24988
24989
24991
25038
25040
25043
25046
25047
25052
25053
25081
25083
25085
25103
25107
25112
25117
25119
25120
25121
25123
25125
25126
25131
25132
25134
25136
25137
25138
25140
25142
25143
25147
25151
25153
25155
25158
25159
25160
25163
25164
25169
25170
25173
25179
25181
25183
25185
25189
25190
25195
25196
25197
25198
25199
25200
25205
25213
25216
25218
25220
25222
25223
25225
25227
25233
25234
25236
25238
25239
25241
25242
25243
25247
25248
25251
25252
25254
25255
25257
25261
25262
25263
25269
25270
25272
25275
25276
25278
25281
25282
25284
25286
25288
25289
25293
25295
25296
25300
25307
25313
25317
25321
25322
25330
25333
25345
25388
25421
25424
25431
25434
25467
25469
25471
25472
25475
25530
25537
25539
25540
25543
25544
25547
25553
25554
25556
25560
25562
25564
25567
25568
25570
25595
25596
25598
25601
25604
25605
25606
25612
25617
25648
25655
25657
25659
25660
25663
25665
25668
25674
25675
25676
25677
25679
25680
25681
25682
25686
25691
25694
25695
25697
25698
25711
25723
25749
25750
25751
25754
25755
25761
25763
25766
25767
25770
25771
25821
25822
25823
25825
25827
25828
25831
25837
25841
25845
25846
25849
25850
25851
25858
25863
25865
25867
25868
25870
25872
25876
25877
25936
25954
25996
25998
26002
26006
26009
26013
26014
26034
26080
26083
26084
26085
26089
26091
26097
26100
26102
26105
26107
26108
26113
26114
26115
26121
26125
26157
26195
26198
26200
26201
26202
26276
26283
26334
26344
26375
26379
26380
26391
26395
26397
26398
26400
26401
26409
26410
26414
26427
26429
26432
26433
26435
26439
26440
26447
26505
26537
26551
26562
26564
26565
26572
26573
26617
26622
26628
26660
26663
26680
26682
26688
26693
26694
26698
26701
26703
26706
26707
26737
26739
26745
26754
26756
26757
26760
26770
26774
26802
26803
26805
26808
26809
26811
26814
26815
26816
26818
26821
26822
26823
26826
26827
26829
26830
26831
26832
26833
26834
26837
26838
26839
26841
26842
26845
26848
26850
26852
26854
26859
26860
26861
26866
26867
26869
26871
26873
26876
26877
26879
26881
26882
26884
26888
26892
26895
26897
26899
26900
26907
26921
26925
26927
26928
26930
26932
26937
26938
26939
26941
26945
26952
26954
26956
26960
26961
26964
26965
26984
26989
26991
26992
26994
26995
26998
26999
27002
27004
27005
27007
27010
27011
27012
27015
27016
27020
27021
27022
27025
27029
27030
27031
27032
27036
27037
27038
27041
27042
27046
27047
27049
27050
27052
27053
27058
27060
27066
27068
27071
27072
27079
27080
27083
27086
27088
27089
27090
27091
27093
27094
27096
27099
27101
27102
27105
27106
27109
27111
27113
27114
27116
27118
27119
27121
27123
27124
27126
27127
27129
27131
27133
27134
27139
27140
27142
27144
27146
27147
27148
27149
27151
27153
27154
27156
27159
27161
27165
27166
27168
27170
27171
27174
27177
27179
27181
27184
27188
27189
27192
27195
27196
27197
27199
27204
27206
27208
27210
27211
27212
27214
27217
27218
27219
27221
27225
27227
27239
27257
27261
27268
27269
27271
27273
27276
27284
27289
27294
27295
27297
27298
27299
27300
27301
27304
27306
27312
27314
27317
27320
27321
27322
27324
27329
27338
27342
27343
27345
27353
27355
27364
27365
27367
27373
27378
27381
27382
27383
27385
27390
27394
27402
27403
27406
27408
27410
27411
27416
27417
27431
27442
27455
27456
27460
27462
27463
27466
27468
27470
27474
27475
27482
27484
27485
27487
27488
27489
27491
27493
27495
27500
27506
27508
27511
27518
27522
27523
27528
27531
27533
27534
27535
27537
27541
27543
27546
27547
27549
27551
27552
27556
27558
27562
27565
27567
27570
27571
27574
27576
27577
27579
27580
27582
27585
27587
27593
27598
27601
27602
27605
27609
27611
27614
27615
27617
27619
27620
27621
27623
27624
27627
27628
27631
27633
27636
27638
27642
27643
27644
27645
27646
27671
27689
27690
27693
27696
27697
27700
27704
27707
27709
27711
27712
27714
27715
27716
27717
27719
27720
27722
27727
27731
27732
27737
27741
27743
27746
27748
27749
27752
27753
27755
27762
27765
27768
27769
27771
27772
27773
27776
27780
27783
27785
27786
27788
27790
27792
27795
27796
27802
27803
27806
27808
27809
27810
27811
27814
27816
27820
27823
27825
27828
27831
27832
27834
27837
27868
27914
27917
27919
27923
27924
27925
27928
27929
27930
27932
27934
27937
27939
27940
27944
27975
27978
27979
27983
27985
27986
27987
27991
27993
27995
27998
28020
28021
28022
28130
28131
28132
28135
28136
28137
28138
28139
28141
28144
28146
28149
28152
28154
28157
28158
28159
28194
28241
28258
28293
28367
28381
28382
28385
28388
28389
28392
28394
28395
28397
28399
28405
28414
28415
28417
28422
28428
28431
28435
28439
28441
28444
28445
28454
28455
28459
28460
28461
28465
28466
28468
28469
28476
28478
28479
28481
28485
28493
28495
28496
28501
28503
28510
28517
28519
28526
28529
28537
28541
28549
28557
28561
28564
28567
28574
28576
28580
28584
28587
28589
28590
28592
28594
28596
28597
28600
28601
28603
28606
28610
28678
28691
28728
28730
28736
28739
28741
28749
28830
28832
28834
28835
28837
28839
28850
28853
28914
28915
28917
28959
28961
28963
28965
28970
28974
28977
28980
28982
28984
28985
28986
28989
28991
28992
28997
29000
29002
29005
29006
29009
29012
29013
29015
29019
29021
29022
29025
29031
29032
29033
29035
29036
29038
29041
29042
29046
29048
29056
29057
29062
29066
29075
29076
29113
29119
29122
29130
29140
29190
29192
29193
29199
29202
29204
29265
29266
29272
29315
29316
29319
29320
29322
29325
29327
29329
29330
29331
29336
29338
29339
29344
29347
29349
29350
29351
29354
29356
29358
29361
29363
29366
29368
29370
29371
29373
29374
29375
29376
29378
29382
29385
29387
29389
29392
29395
29396
29400
29401
29402
29404
29405
29406
29408
29410
29411
29414
29415
29416
29419
29422
29425
29427
29430
29431
29432
29434
29435
29436
29437
29439
29444
29498
29499
29503
29512
29513
29530
29540
29553
29582
29587
29603
29613
29657
29683
29685
29687
29691
29693
29694
29697
29698
29702
29704
29706
29711
29713
29716
29719
29790
29793
29814
29822
29824
29826
29828
29832
29836
29839
29840
29844
29848
29852
29854
29856
29858
29860
29862
29864
29870
29872
29874
29876
29879
29883
29885
29890
29891
29895
29896
29900
29903
29906
29909
29912
29938
29940
29984
30018
30047
30063
30064
30067
30068
30069
30076
30078
30080
30082
30086
30088
30089
30093
30095
30098
30103
30104
30105
30107
30109
30112
30114
30115
30117
30122
30124
30127
30129
30134
30135
30162
30169
30172
30175
30202
30206
30208
30210
30211
30212
30225
30228
30229
30231
30233
30235
30236
30242
30244
30246
30249
30252
30253
30267
30273
30291
30297
30303
30306
30309
30312
30313
30317
30318
30320
30323
30328
30332
30333
30338
30342
30344
30346
30350
30356
30357
30362
30363
30365
30366
30371
30375
30377
30378
30382
30385
30387
30389
30390
30392
30393
30399
30402
30404
30406
30408
30411
30412
30419
30422
30423
30425
30426
30429
30432
30434
30435
30439
30443
30451
30452
30453
30455
30456
30458
30460
30462
30465
30467
30468
30469
30472
30474
30475
30477
30480
30487
30489
30492
30494
30566
30568
30569
30571
30573
30581
30583
30584
30585
30593
30597
30599
30600
30602
30603
30606
30607
30611
30612
30615
30617
30622
30713
30719
30748
30795
30798
30828
30829
30830
30843
30845
30870
30876
30890
30891
30894
30896
30899
30903
30906
30911
30915
30931
30932
30937
30943
30944
30945
30946
30949
30954
30955
30958
30962
30964
30965
30974
30978
30981
30982
30986
30989
30991
30992
30995
30997
30998
31000
31002
31004
31005
31015
31018
31023
31030
31050
31123
31124
31125
31127
31129
31131
31134
31138
31142
31144
31146
31147
31154
31178
31199
31216
31233
31272
31275
31277
31278
31280
31297
31304
31327
31399
31402
31423
31438
31447
31451
31515
31521
31527
31535
31536
31543
31545
31546
31547
31551
31555
31556
31557
31559
31562
31567
31569
31570
31571
31573
31576
31577
31579
31581
31582
31584
31588
31589
31591
31593
31594
31598
31600
31602
31604
31606
31610
31612
31614
31615
31618
31620
31624
31625
31627
31632
31634
31637
31639
31642
31648
31649
31651
31653
31654
31655
31656
31658
31661
31662
31664
31665
31666
31668
31674
31675
31677
31678
31681
31683
31685
31687
31689
31690
31693
31698
31699
31703
31705
31708
31710
31712
31713
31714
31715
31719
31721
31723
31724
31725
31727
31728
31729
31733
31734
31739
31741
31743
31745
31746
31747
31754
31757
31759
31761
31765
31767
31768
31769
31771
31775
31776
31778
31779
31782
31784
31785
31788
31790
31793
31796
31797
31799
31801
31806
31807
31808
31810
31815
31821
31822
31823
31826
31828
31829
31832
31834
31836
31840
31842
31843
31844
31845
31847
31848
31850
31851
31852
31853
31855
31856
31858
31862
31864
31865
31866
31869
31904
31905
31909
31911
31915
31916
31917
31918
31920
31922
31923
31925
31927
31930
31931
31933
31936
31938
31940
31943
31945
31947
31948
31951
31953
31954
31955
31959
31961
31962
31963
31964
31968
31969
31971
31974
31975
31976
31978
31979
31981
31982
31985
31986
31989
31990
31996
31998
31999
32002
32005
32007
32008
32010
32011
32015
32016
32019
32021
32022
32023
32024
32029
32054
32063
32090
32093
32095
32096
32097
32098
32103
32104
32106
32107
32109
32111
32113
32115
32117
32118
32121
32124
32168
32183
32271
32309
32318
32323
32343
32357
32359
32361
32390
32396
32397
32399
32413
32420
32421
32422
32424
32509
32529
32563
32566
32622
32626
32635
32641
32688
32689
32691
32693
32694
32697
32700
32701
32702
32703
32705
32706
32708
32710
32711
32714
32717
32719
32722
32724
32726
32728
32730
32733
32736
32739
32740
32742
32745
32747
32749
32750
32752
32754
32755
32756
32757
32759
32761
32765
32769
32771
32772
32864
32868
32871
32873
32875
32876
32878
32880
32883
32885
32890
32893
32895
32896
32897
32899
32900
32902
32907
32909
32911
32925
32940
32954
32958
32959
33026
33034
33035
33062
33097
33103
33107
33117
33132
33135
33136
33138
33141
33142
33146
33147
33152
33153
33160
33162
33163
33165
33166
33168
33169
33170
33172
33173
33174
33177
33254
33311
33325
33326
33328
33329
33332
33335
33338
33340
33342
33344
33346
33347
33349
33350
33351
33354
33355
33398
33399
33402
33404
33406
33409
33410
33412
33413
33416
33418
33419
33421
33426
33431
33434
33436
33437
33440
33442
33445
33446
33447
33449
33450
33451
33455
33458
33460
33462
33465
33466
33470
33472
33474
33476
33509
33512
33514
33517
33520
33695
33697
33701
33702
33703
33704
33705
33706
33709
33710
33712
33715
33716
33718
33720
33723
33724
33727
33728
33729
33732
33762
33772
33797
33798
33801
33804
33817
33843
33844
33845
33848
33849
33851
33853
33856
33874
33909
33915
33919
33921
33927
33928
33931
33942
33951
33957
33965
33974
33978
33982
33985
33990
33995
33999
34001
34005
34006
34011
34014
34016
34018
34019
34020
34022
34024
34025
34027
34028
34031
34032
34034
34035
34038
34040
34042
34045
34047
34051
34055
34058
34059
34060
34063
34064
34099
34142
34143
34144
34147
34150
34151
34153
34154
34157
34159
34160
34162
34166
34168
34175
34177
34178
34181
34189
34193
34194
34196
34199
34200
34203
34205
34210
34213
34218
34220
34221
34222
34224
34227
34228
34230
34233
34236
34239
34241
34243
34245
34248
34251
34255
34256
34258
34259
34261
34262
34263
34269
34270
34279
34280
34282
34286
34287
34289
34291
34293
34294
34295
34298
34303
34305
34307
34310
34311
34313
34316
34319
34320
34322
34325
34331
34333
34334
34336
34337
34415
34507
34511
34513
34515
34517
34522
34523
34525
34527
34530
34531
34582
34586
34588
34590
34591
34607
34616
34622
34625
34627
34720
34727
34728
34746
34749
34751
34873
34875
34889
34892
34893
34894
34896
34897
34900
34936
34967
35003
35009
35010
35012
35013
35050
35058
35060
35061
35062
35082
35107
35109
35113
35129
35130
35132
35141
35147
35148
35149
35156
35162
35165
35167
35175
35177
35181
35185
35188
35190
35194
35200
35204
35209
35211
35213
35216
35217
35236
35253
35255
35265
35270
35273
35297
35321
35323
35329
35333
35338
35339
35340
35343
35345
35346
35358
35361
35362
35366
35369
35370
35379
35425
35489
35528
35535
35539
35552
35557
35559
35563
35566
35569
35573
35575
35576
35578
35580
35583
35592
35594
35596
35600
35602
35603
35606
35608
35609
35610
35612
35616
35617
35620
35622
35625
35626
35628
35630
35634
35635
35637
35638
35640
35641
35645
35646
35650
35653
35655
35657
35658
35661
35663
35665
35667
35669
35671
35672
35676
35680
35682
35684
35686
35690
35691
35692
35693
35694
35696
35698
35699
35701
35703
35705
35707
35708
35709
35713
35714
35716
35718
35720
35728
35730
35734
35735
35737
35738
35739
35798
35802
35848
35862
35898
35901
35905
35907
35909
35910
35912
35913
35977
35997
36042
36045
36051
36053
36056
36059
36062
36063
36064
36065
36068
36071
36072
36074
36077
36081
36084
36089
36090
36093
36100
36103
36109
36110
36111
36114
36116
36228
36235
36250
36272
36445
36447
36450
36458
36462
36496
36498
36500
36502
36504
36505
36508
36510
36511
36512
36516
36523
36524
36530
36532
36543
36545
36547
36549
36550
36555
36561
36562
36564
36567
36569
36571
36573
36577
36580
36584
36586
36587
36588
36591
36593
36597
36599
36601
36608
36610
36615
36625
36628
36632
36634
36637
36639
36649
36655
36657
36660
36669
36672
36675
36677
36680
36685
36694
36699
36812
36831
36889
36936
36950
36990
36993
36996
37008
37010
37034
37035
37036
37038
37060
37064
37067
37070
37072
37073
37074
37132
37133
37138
37140
37141
37143
37147
37148
37153
37158
37160
37163
37166
37168
37169
37172
37175
37178
37180
37182
37183
37184
37186
37187
37188
37189
37192
37193
37196
37198
37199
37200
37201
37290
37315
37347
37350
37353
37355
37357
37360
37364
37367
37371
37373
37375
37379
37381
37384
37409
37458
37471
37591
37603
37619
37622
37629
37630
37639
37642
37643
37647
37649
37650
37653
37657
37661
37667
37668
37670
37672
37674
37675
37681
37683
37685
37686
37687
37712
37713
37767
37769
37781
37786
37787
37790
37793
37799
37807
37809
37810
37812
37814
37816
37823
37828
37830
37833
37835
37837
37840
37844
37848
37854
37855
37861
37864
37866
37867
37869
37881
37882
37884
37888
37889
37891
37893
37921
37936
37993
38029
38067
38144
38268
38274
38295
38305
38307
38311
38333
38345
38357
38417
38478
38480
38509
38515
38520
38523
38525
38532
38533
38535
38539
38541
38542
38546
38551
38555
38557
38562
38565
38566
38569
38570
38571
38574
38576
38580
38581
38584
38586
38590
38591
38593
38596
38604
38605
38606
38609
38611
38612
38615
38618
38621
38624
38626
38627
38630
38632
38634
38636
38639
38641
38644
38646
38649
38651
38653
38659
38661
38662
38664
38666
38669
38671
38678
38679
38689
38703
38704
38708
38719
38732
38744
38745
38756
38790
38791
38794
38796
38797
38798
38819
38823
38825
38828
38831
38837
38838
38841
38846
38847
38850
38854
38856
38861
38863
38865
38869
38874
38878
38921
38950
38951
38953
38955
38959
38963
38978
39003
39018
39036
39053
39087
39102
39116
39117
39118
39123
39125
39127
39134
39142
39147
39149
39153
39155
39157
39160
39169
39174
39179
39182
39187
39192
39198
39204
39206
39208
39210
39281
39283
39292
39297
39299
39301
39303
39306
39317
39324
39337
39359
39394
39400
39403
39404
39406
39409
39411
39413
39414
39416
39447
39482
39534
39538
39553
39554
39556
39558
39559
39560
39561
39567
39569
39571
39575
39577
39581
39584
39587
39591
39593
39594
39596
39599
39601
39602
39642
39650
39748
39761
39814
39839
39888
39996
40005
40012
40014
40015
40055
40059
40060
40063
40065
40066
40067
40069
40075
40100
40103
40106
40109
40112
40113
40114
40137
40157
40176
40183
40222
40286
40288
40332
40356
40363
40377
40378
40379
40380
40381
40396
40443
40467
40526
40580
40640
40654
40688
40692
40694
40697
40698
40700
40703
40708
40710
40751
40752
40753
40756
40757
40758
40763
40764
40766
40770
40773
40774
40776
40779
40780
40781
40782
40785
40786
40787
40790
40792
40794
40795
40798
40799
40801
40802
40804
40805
40810
40812
40813
40814
40818
40820
40822
40823
40825
40851
40855
40859
40863
40865
40868
40870
40871
40923
40927
40998
41039
41066
41075
41098
41139
41140
41142
41144
41146
41148
41149
41151
41155
41156
41162
41163
41165
41167
41169
41171
41172
41174
41176
41177
41179
41182
41184
41186
41187
41190
41194
41197
41199
41202
41206
41208
41211
41212
41217
41221
41222
41223
41225
41229
41230
41231
41232
41235
41236
41238
41240
41243
41246
41250
41252
41258
41259
41260
41261
41276
41278
41280
41283
41300
41301
41302
41326
41329
41331
41334
41335
41338
41339
41340
41342
41363
41366
41373
41431
41434
41435
41436
41439
41440
41441
41444
41445
41448
41449
41450
41452
41453
41454
41460
41464
41465
41468
41470
41471
41474
41475
41478
41480
41483
41485
41486
41487
41489
41493
41494
41497
41498
41501
41502
41506
41509
41512
41515
41518
41520
41521
41523
41524
41525
41526
41527
41530
41531
41533
41599
41665
41669
41670
41673
41675
41677
41680
41681
41683
41684
41701
41750
41851
41858
41862
41871
41874
41879
41881
41882
41885
41891
41893
41900
41906
41917
41921
41922
41926
41927
41930
41935
41946
41948
41952
41955
41958
41959
41964
41966
41969
41971
41975
41977
41986
41996
41997
42008
42031
42063
42068
42181
42215
42255
42260
42261
42263
42265
42267
42268
42270
42272
42279
42282
42283
42286
42290
42292
42295
42298
42299
42300
42301
42302
42305
42306
42311
42312
42313
42315
42319
42321
42324
42328
42333
42334
42336
42337
42342
42344
42346
42347
42348
42351
42354
42358
42359
42361
42362
42367
42370
42373
42379
42380
42381
42384
42386
42389
42390
42393
42395
42398
42399
42433
42438
42473
42474
42476
42482
42498
42503
42512
42513
42568
42571
42577
42578
42581
42584
42586
42591
42595
42596
42598
42599
42601
42605
42606
42608
42609
42611
42612
42615
42617
42619
42622
42623
42626
42632
42913
42939
42942
42943
42944
42946
42947
42948
42949
42952
42953
42954
42956
42960
42962
42967
42968
42969
42974
42975
42978
42979
43013
43015
43016
43017
43019
43023
43026
43032
43033
43038
43040
43042
43044
43045
43046
43047
43166
43188
43196
43198
43200
43205
43207
43208
43215
43217
43219
43222
43224
43226
43230
43232
43234
43252
43296
43300
43348
43392
43394
43396
43397
43400
43403
43405
43406
43409
43411
43414
43416
43417
43420
43424
43427
43429
43430
43432
43437
43439
43440
43442
43444
43450
43454
43455
43458
43459
43462
43463
43466
43467
43470
43477
43480
43481
43485
43501
43555
43557
43559
43562
43564
43567
43569
43570
43572
43575
43579
43581
43582
43584
43585
43671
43673
43709
43760
43785
43799
43821
43822
43823
43825
43826
43836
43880
43883
43884
43920
43935
43936
43942
43945
43946
43980
44067
44069
44071
44074
44076
44077
44083
44086
44097
44102
44107
44108
44111
44115
44117
44118
44120
44122
44124
44128
44129
44130
44138
44143
44150
44156
44162
44169
44188
44223
44227
44229
44230
44234
44238
44240
44242
44244
44245
44247
44250
44251
44253
44258
44260
44264
44265
44267
44271
44273
44274
44278
44285
44359
44457
44510
44512
44514
44516
44518
44521
44527
44529
44530
44531
44532
44533
44535
44537
44540
44545
44547
44553
44556
44572
44586
44592
44599
44601
44604
44606
44608
44611
44614
44615
44619
44621
44623
44624
44627
44629
44630
44631
44632
44638
44639
44642
44644
44645
44646
44647
44649
44651
44657
44658
44660
44662
44663
44667
44668
44670
44672
44675
44677
44679
44685
44724
44781
44786
44789
44847
44938
44994
45037
45039
45041
45042
45043
45045
45046
45098
45101
45104
45105
45107
45108
45109
45111
45113
45115
45118
45119
45186
45210
45212
45213
45216
45267
45329
45331
45392
45406
45457
45471
45472
45475
45484
45486
45488
45490
45491
45493
45761
45762
45767
45773
45776
45779
45782
45788
45789
45793
45798
45805
45809
45811
45814
45880
45936
45953
46024
46053
46108
46112
46119
46312
46375
46376
46377
46378
46404
46584
46587
46588
46589
46592
46597
46601
46602
46609
46668
46703
46733
46737
46740
46743
46744
46747
46750
46752
46754
46755
46757
46758
46764
46768
46769
46770
46771
46773
46775
46777
46781
46783
46787
46789
46795
46799
46800
46804
46806
46807
46814
46816
46818
46819
46823
46826
46828
46833
46834
46836
46840
46845
46848
46850
46851
46852
46854
46855
46904
47080
47282
47321
47342
47379
47442
47448
47516
47691
47694
47696
47697
47714
47762
47779
47819
47824
47833
47834
47836
47837
47856
47857
47902
47903
47905
47907
47959
47982
47988
47991
47992
47994
47997
47999
48000
48001
48002
48006
48007
48036
48042
48051
48101
48172
48323
48325
48327
48328
48334
48335
48336
48338
48342
48343
48345
48350
48353
48356
48359
48361
48362
48365
48367
48370
48371
48373
48374
48377
48378
48383
48385
48389
48391
48393
48399
48401
48451
48454
48456
48459
48461
48462
48463
48464
48466
48469
48473
48477
48478
48479
48480
48484
48486
48487
48489
48493
48494
48498
48499
48504
48506
48510
48514
48516
48517
48518
48522
48523
48524
48526
48530
48533
48534
48536
48537
48538
48541
48542
48544
48548
48549
48552
48553
48556
48557
48559
48560
48564
48566
48567
48570
48571
48572
48575
48576
48579
48581
48582
48585
48591
48596
48598
48600
48602
48603
48604
48606
48611
48613
48615
48617
48619
48621
48622
48625
48626
48629
48631
48632
48637
48639
48644
48647
48649
48654
48655
48758
48762
48778
48911
48913
48916
48919
48921
48924
48925
48927
48929
48931
48932
49005
49007
49009
49011
49012
49014
49016
49021
49022
49024
49025
49026
49027
49029
49055
49111
49299
49337
49375
49376
49380
49381
49405
49475
49500
49546
49573
49608
49722
49754
49757
49761
49763
49764
49767
49768
49769
49772
49774
49776
49780
49820
50059
50060
50061
50063
50068
50069
50071
50074
50078
50080
50081
50084
50090
50095
50107
50108
50114
50117
50121
50123
50126
50127
50231
50232
50233
50236
50238
50239
50247
50286
50327
50349
50356
50363
50374
50650
50678
50679
50692
50693
50695
50703
50718
50845
50968
51012
51083
51153
51175
51188
51201
51316
51358
51409
51416
51476
51584
51587
51590
51636
51698
51768
51981
52003
52096
52167
52212
52224
52275
52329
52372
52437
52475
52492
52671
52680
52838
52847
52852
52873
52880
52884
52886
52888
52889
52895
52899
52900
52903
52904
52905
52909
52912
52915
52919
52922
52923
52995
52997
53004
53005
53095
53170
53180
53233
53272
53273
53275
53276
53469
53470
53474
53477
53481
53482
53486
53487
53488
53489
53490
53509
53584
53681
53763
53764
53767
53842
53843
53918
53993
54043
54054
54055
54227
54230
54232
54233
54235
54236
54250
54253
54331
54333
54335
54336
54343
54348
54356
54359
54363
54364
54367
54373
54376
54380
54381
54383
54384
54386
54389
54393
54396
54398
54399
54400
54405
54408
54410
54413
54418
54424
54425
54431
54434
54435
54437
54438
54440
54441
54446
54447
54449
54452
54455
54458
54460
54462
54464
54467
54468
54473
54475
54477
54483
54484
54485
54488
54490
54492
54493
54495
54500
54501
54505
54507
54510
54511
54526
54527
54529
54530
54531
54566
54607
54650
54654
54709
54722
54723
54726
54727
54729
54733
54734
54736
54739
54763
54766
54770
54774
54783
54794
54827
54831
54836
54839
54840
54851
54854
54855
54857
54862
54863
54869
54872
54874
54875
54883
54885
54886
54900
54903
54907
54909
54924
54925
54930
54948
54955
55044
55048
55052
55054
55057
55060
55061
55063
55067
55068
55069
55076
55077
55080
55082
55085
55089
55090
55167
55188
55195
55217
55305
55358
55363
55370
55389
55460
55474
55590
55681
55683
55714
55731
55743
55799
55805
55807
55925
55985
56071
56076
56130
56131
56133
56135
56187
56257
56259
56261
56264
56267
56271
56273
56275
56278
56282
56284
56286
56288
56293
56295
56298
56304
56310
56315
56317
56337
56409
56436
56507
56554
56555
56603
56724
56954
57009
57011
57015
57016
57046
57067
57073
57075
57078
57079
57082
57085
57089
57090
57094
57098
57102
57104
57110
57113
57115
57118
57119
57123
57125
57126
57127
57128
57130
57132
57135
57137
57140
57142
57144
57148
57150
57155
57156
57164
57166
57168
57170
57203
57257
57294
57310
57358
57459
57460
57461
57464
57465
57500
57601
57729
57787
57789
57797
57799
57810
57812
57813
57911
57930
57934
57937
57939
57942
57944
57946
57951
57953
57955
57957
57959
57963
57965
57968
57971
57972
57976
57982
57985
57992
57995
58004
58007
58008
58017
58025
58028
58031
58033
58034
58036
58040
58041
58044
58052
58053
58055
58058
58059
58061
58063
58071
58077
58139
58165
58214
58392
58417
58419
58423
58425
58427
58428
58429
58433
58434
58438
58442
58446
58471
58476
58679
58702
58877
59028
59029
59036
59041
59042
59045
59049
59051
59119
59123
59125
59127
59169
59323
59365
59495
59516
59599
59617
59642
59773
59775
59776
59777
59782
59783
59785
59796
59801
59803
59808
59824
59830
59832
59833
59899
60221
60395
60426
60442
60443
60445
60446
60448
60450
60451
60475
60489
60593
60668
61020
61037
61078
61136
61189
61194
61196
61198
61201
61203
61217
61454
61535
61637
61640
61644
61646
61654
61742
61775
61865
61866
61867
62069
62124
62127
62131
62133
62135
62166
62171
62177
62178
62183
62184
62189
62192
62195
62198
62199
62202
62206
62210
62213
62216
62218
62222
62224
62227
62230
62231
62237
62239
62248
62333
62402
62423
62470
62502
62504
62506
62508
62510
62511
62513
62515
62519
62520
62524
62525
62527
62530
62691
62710
62744
62862
62965
63032
63040
63127
63165
63166
63338
63440
63516
63567
63569
63570
63575
63644
63645
63648
63649
63651
63655
63657
63662
63665
63666
63671
63672
63673
63675
63700
63713
63725
63752
63757
63760
63789
63809
63829
64201
64203
64206
64208
64210
64211
64294
64337
64475
64484
64488
64490
64494
64496
64498
64500
64501
64502
64504
64505
64507
64513
64515
64519
64522
64542
64544
64596
64651
64659
64734
64736
64737
64739
64741
64743
64745
64748
64749
64753
64755
64757
64759
64762
64764
64767
64770
64772
64773
64774
64776
64779
64782
64787
64790
64792
64795
64796
64797
64799
64801
64805
64807
64809
64813
64818
64820
64823
64826
64830
64833
64835
65034
65152
65463
65548
65558
65563
65564
65568
65574
65581
65584
65592
65594
65595
65597
65598
65603
65604
65606
65613
65618
65624
65827
65890
65920
65925
66489
66491
66492
66495
66499
66604
66835
66938
67039
67250
67252
67262
67264
67266
67268
67411
67496
67499
67500
67502
67503
67505
67506
67510
67511
67513
67515
67517
67520
67522
67523
67525
67527
67528
67530
67610
67735
67739
67743
67751
67752
67755
67756
67887
67915
68050
68213
68491
68507
68714
68854
68980
69169
69300
69434
69631
69667
69800
69803
69807
69810
69811
69877
69878
69883
69884
69886
69889
69890
69891
69910
69969
70152
70241
70437
70527
70528
70530
70531
70533
70534
70535
70611
70902
70904
70905
70907
70909
70912
70915
70917
70919
70920
70923
70924
70928
70931
70935
70937
70938
70939
70940
70943
70944
70946
70953
70956
70957
70959
70960
71119
71209
71212
71214
71217
71219
71221
71223
71267
71289
71293
71349
71351
71354
71496
71821
71828
71986
71988
72168
72170
72173
72176
72177
72178
72179
72180
72185
72242
72651
72653
72655
72658
73009
73048
73678
73680
73690
73691
73703
73705
73734
73735
73738
73754
73756
73765
73814
73840
73850
73853
73870
73895
74043
74178
74186
74195
74211
74217
74232
74377
74386
74413
74418
74423
74429
74431
74438
74440
74442
74447
74448
74449
74450
74453
74458
74459
74461
74464
74465
74466
74467
74469
74472
74474
74476
74477
74480
74483
74484
74487
74488
74583
74620
74752
74754
74811
74853
74855
74882
75027
75107
75203
75205
75262
75263
75394
75397
75398
75400
75401
75403
75417
75425
75428
75637
75864
75923
75925
76140
76142
76144
76146
76148
76151
76188
76261
76515
76527
76530
76578
76580
76581
76685
76776
76780
76806
76843
76844
76846
76849
76853
76854
76858
76910
76920
76923
76924
76925
77000
77243
77321
77334
77337
77346
77479
77607
77751
78010
78111
78113
